3.069000	-431602080.000000	-431602080.000000	-431602080.000000	-431602080.000000	135.000000	-0.000000	135.000000
3.102000	12823200.000000	-2.440667	1.311409	-1.674382	2.538462	2.567815	0.549479
3.152000	12823206.000000	-2.440617	1.311422	-1.674445	2.460240	2.532711	0.558464
3.202000	12823212.000000	-2.440677	1.311492	-1.674531	2.462200	2.471924	0.556447
3.252000	12823218.000000	-2.440614	1.311486	-1.674523	2.455399	2.445889	0.570458
3.302000	12823224.000000	-2.440643	1.311451	-1.674455	2.480456	2.466973	0.551903
3.352000	12823230.000000	-2.440671	1.311401	-1.674413	2.455544	2.486930	0.542319
3.402000	12823236.000000	-2.440610	1.311460	-1.674452	2.472543	2.479439	0.568154
3.452000	12823242.000000	-2.440672	1.311521	-1.674458	2.519278	2.450183	0.542547
3.502000	12823248.000000	-2.440632	1.311456	-1.674410	2.502126	2.503736	0.546214
3.552000	12823254.000000	-2.440682	1.311415	-1.674403	2.507447	2.546794	0.540728
3.602000	12823260.000000	-2.440599	1.311472	-1.674440	2.470760	2.490990	0.574891
3.652000	12823266.000000	-2.440638	1.311483	-1.674491	2.413932	2.478170	0.547529
3.702000	12823272.000000	-2.440641	1.311452	-1.674477	2.526615	2.499422	0.565810
3.752000	12823278.000000	-2.440634	1.311431	-1.674481	2.499956	2.531198	0.565125
3.802000	12823284.000000	-2.440636	1.311472	-1.674503	2.426433	2.473283	0.571441
3.852000	12823290.000000	-2.440661	1.311475	-1.674510	2.503195	2.472277	0.563143
3.902000	12823296.000000	-2.440673	1.311449	-1.674484	2.478857	2.521922	0.559885
3.952000	12823302.000000	-2.440651	1.311413	-1.674461	2.485120	2.534014	0.555189
4.002000	12823308.000000	-2.440674	1.311442	-1.674484	2.471407	2.509749	0.551611
4.052000	12823314.000000	-2.440651	1.311510	-1.674501	2.508136	2.504350	0.541084
4.102000	12823320.000000	-2.440604	1.311459	-1.674484	2.469495	2.523868	0.565464
4.152000	12823326.000000	-2.440665	1.311411	-1.674485	2.509718	2.512959	0.556110
4.202000	12823332.000000	-2.440633	1.311440	-1.674504	2.483777	2.481199	0.564434
4.252000	12823338.000000	-2.440639	1.311469	-1.674482	2.478343	2.532306	0.552738
4.302000	12823344.000000	-2.440695	1.311430	-1.674456	2.496905	2.557566	0.554233
4.352000	12823350.000000	-2.440665	1.311436	-1.674475	2.501677	2.566839	0.561226
4.402000	12823356.000000	-2.440678	1.311500	-1.674496	2.447594	2.497797	0.551903
4.452000	12823362.000000	-2.440686	1.311476	-1.674451	2.474630	2.544388	0.548413
4.502000	12823368.000000	-2.440658	1.311437	-1.674410	2.473793	2.497730	0.547500
4.552000	12823374.000000	-2.440658	1.311403	-1.674406	2.478477	2.529189	0.550337
4.602000	12823380.000000	-2.440692	1.311481	-1.674398	2.481136	2.468314	0.545444
4.652000	12823386.000000	-2.440662	1.311449	-1.674411	2.488178	2.508213	0.540002
4.702000	12823392.000000	-2.440684	1.311415	-1.674401	2.451964	2.468575	0.534448
4.752000	12823398.000000	-2.440624	1.311472	-1.674433	2.493192	2.506249	0.563720
4.802000	12823404.000000	-2.440677	1.311497	-1.674465	2.490660	2.534481	0.554177
4.852000	12823410.000000	-2.440624	1.311447	-1.674451	2.470484	2.462688	0.554499
4.902000	12823416.000000	-2.440607	1.311437	-1.674438	2.434276	2.498688	0.544807
4.952000	12823422.000000	-2.440611	1.311460	-1.674457	2.446061	2.486857	0.560935
5.002000	12823428.000000	-2.440571	1.311449	-1.674461	2.494334	2.511421	0.551822
5.052000	12823434.000000	-2.440587	1.311460	-1.674480	2.448562	2.472930	0.556846
5.102000	12823440.000000	-2.440607	1.311426	-1.674482	2.487965	2.504456	0.564238
5.152000	12823446.000000	-2.440583	1.311452	-1.674474	2.510907	2.522977	0.547393
5.202000	12823452.000000	-2.440586	1.311459	-1.674474	2.519031	2.456421	0.556127
5.252000	12823458.000000	-2.440603	1.311454	-1.674480	2.498178	2.506285	0.554092
5.302000	12823464.000000	-2.440666	1.311453	-1.674440	2.505481	2.486265	0.545246
5.352000	12823470.000000	-2.440640	1.311443	-1.674444	2.483850	2.526392	0.546752
5.402000	12823476.000000	-2.440620	1.311423	-1.674517	2.483604	2.497442	0.559377
5.452000	12823482.000000	-2.440623	1.311491	-1.674552	2.493219	2.491197	0.569593
5.502000	12823488.000000	-2.440714	1.311436	-1.674602	2.483723	2.565242	0.549775
5.552000	12823494.000000	-2.440540	1.311491	-1.674524	2.496428	2.515823	0.576660
5.602000	12823500.000000	-2.440664	1.311424	-1.674467	2.485016	2.545266	0.560418
5.653000	12823506.000000	-2.440777	1.311429	-1.674441	2.424409	2.509491	0.522568
5.702000	12823512.000000	-2.440461	1.311479	-1.674449	2.508268	2.537100	0.583332
5.752000	12823518.000000	-2.440517	1.311445	-1.674489	2.506679	2.546473	0.564484
5.802000	12823524.000000	-2.440612	1.311457	-1.674463	2.482311	2.468240	0.549771
5.852000	12823530.000000	-2.440497	1.311444	-1.674408	2.503485	2.503556	0.567507
5.902000	12823536.000000	-2.440573	1.311409	-1.674419	2.482014	2.545545	0.554066
5.952000	12823542.000000	-2.440556	1.311465	-1.674439	2.504193	2.471620	0.557435
6.002000	12823548.000000	-2.440557	1.311439	-1.674443	2.530862	2.503524	0.550555
6.052000	12823554.000000	-2.440537	1.311417	-1.674455	2.513789	2.456900	0.552540
6.102000	12823560.000000	-2.440587	1.311467	-1.674428	2.499154	2.529732	0.562201
6.152000	12823566.000000	-2.440647	1.311370	-1.674438	2.523912	2.552457	0.543498
6.202000	12823572.000000	-2.440610	1.311481	-1.674470	2.462065	2.467450	0.548988
6.252000	12823578.000000	-2.440526	1.311472	-1.674466	2.485767	2.449908	0.566501
6.302000	12823584.000000	-2.440577	1.311470	-1.674424	2.474075	2.500820	0.539101
6.352000	12823590.000000	-2.440617	1.311431	-1.674421	2.483914	2.496836	0.539726
6.402000	12823596.000000	-2.440551	1.311455	-1.674431	2.498091	2.556756	0.572072
6.452000	12823602.000000	-2.440581	1.311466	-1.674440	2.474977	2.509392	0.549977
6.502000	12823608.000000	-2.440584	1.311442	-1.674441	2.506175	2.468431	0.553294
6.552000	12823614.000000	-2.440573	1.311432	-1.674415	2.495642	2.477604	0.539984
6.602000	12823620.000000	-2.440584	1.311449	-1.674430	2.511344	2.537977	0.557912
6.652000	12823626.000000	-2.440563	1.311472	-1.674445	2.523878	2.500289	0.554931
6.702000	12823632.000000	-2.440513	1.311429	-1.674496	2.502830	2.535002	0.575200
6.752000	12823638.000000	-2.440612	1.311474	-1.674485	2.515355	2.486552	0.566202
6.802000	12823644.000000	-2.440581	1.311481	-1.674419	2.493518	2.503983	0.554802
6.852000	12823650.000000	-2.440571	1.311433	-1.674370	2.459624	2.496658	0.552072
6.902000	12823656.000000	-2.440566	1.311436	-1.674399	2.462477	2.496881	0.557188
6.952000	12823662.000000	-2.440567	1.311482	-1.674450	2.469271	2.510639	0.552221
7.002000	12823668.000000	-2.440589	1.311499	-1.674418	2.516687	2.534374	0.570856
7.052000	12823674.000000	-2.440586	1.311417	-1.674407	2.526047	2.515365	0.551274
7.102000	12823680.000000	-2.440534	1.311437	-1.674418	2.494834	2.501124	0.567027
7.152000	12823686.000000	-2.440607	1.311462	-1.674456	2.480063	2.514772	0.562544
7.202000	12823692.000000	-2.440579	1.311491	-1.674441	2.427567	2.512840	0.560292
7.252000	12823698.000000	-2.440614	1.311430	-1.674344	2.501547	2.477374	0.538461
7.302000	12823704.000000	-2.440597	1.311371	-1.674336	2.473004	2.532254	0.539020
7.352000	12823710.000000	-2.440527	1.311458	-1.674402	2.477533	2.502686	0.563207
7.402000	12823716.000000	-2.440588	1.311519	-1.674430	2.473061	2.474614	0.544408
7.452000	12823722.000000	-2.440587	1.311431	-1.674402	2.483114	2.481547	0.561028
7.502000	12823728.000000	-2.440538	1.311396	-1.674369	2.458908	2.509962	0.562853
7.552000	12823734.000000	-2.440619	1.311448	-1.674372	2.461810	2.475121	0.548695
7.602000	12823740.000000	-2.440614	1.311474	-1.674345	2.498966	2.488075	0.548466
7.652000	12823746.000000	-2.440587	1.311441	-1.674297	2.496611	2.533524	0.556740
7.702000	12823752.000000	-2.440636	1.311432	-1.674290	2.508948	2.501108	0.537168
7.752000	12823758.000000	-2.440639	1.311427	-1.674300	2.510633	2.503051	0.540513
7.802000	12823764.000000	-2.440637	1.311482	-1.674329	2.508274	2.510234	0.556978
7.852000	12823770.000000	-2.440634	1.311444	-1.674353	2.483810	2.480482	0.549343
7.902000	12823776.000000	-2.440686	1.311452	-1.674322	2.497280	2.581240	0.539894
7.952000	12823782.000000	-2.440661	1.311442	-1.674351	2.497372	2.561231	0.537029
8.002000	12823788.000000	-2.440673	1.311475	-1.674338	2.477684	2.510249	0.548508
8.052000	12823794.000000	-2.440715	1.311453	-1.674327	2.491504	2.544732	0.539278
8.102000	12823800.000000	-2.440692	1.311421	-1.674348	2.449928	2.513784	0.539415
8.152000	12823806.000000	-2.440686	1.311455	-1.674336	2.477773	2.496422	0.536975
8.202000	12823812.000000	-2.440692	1.311452	-1.674311	2.491774	2.580620	0.538991
8.252000	12823818.000000	-2.440732	1.311431	-1.674275	2.476283	2.518046	0.542872
8.302000	12823824.000000	-2.440751	1.311422	-1.674285	2.462144	2.533434	0.530588
8.352000	12823830.000000	-2.440752	1.311458	-1.674312	2.478762	2.557721	0.541668
8.402000	12823836.000000	-2.440758	1.311457	-1.674350	2.452314	2.530815	0.546005
8.452000	12823842.000000	-2.440756	1.311486	-1.674359	2.473479	2.551192	0.538050
8.502000	12823848.000000	-2.440747	1.311453	-1.674368	2.484466	2.547735	0.546877
8.552000	12823854.000000	-2.440740	1.311426	-1.674393	2.503885	2.540910	0.532343
8.602000	12823860.000000	-2.440736	1.311458	-1.674398	2.490218	2.523683	0.530609
8.652000	12823866.000000	-2.440701	1.311429	-1.674350	2.532629	2.553682	0.547781
8.702000	12823872.000000	-2.440697	1.311417	-1.674342	2.492816	2.526556	0.543732
8.752000	12823878.000000	-2.440727	1.311475	-1.674390	2.426869	2.528233	0.546189
8.802000	12823884.000000	-2.440711	1.311504	-1.674372	2.453915	2.504869	0.542277
8.852000	12823890.000000	-2.440683	1.311422	-1.674365	2.487410	2.558896	0.561841
8.902000	12823896.000000	-2.440693	1.311423	-1.674376	2.496654	2.579626	0.543438
8.952000	12823902.000000	-2.440668	1.311471	-1.674396	2.474413	2.526990	0.536551
9.002000	12823908.000000	-2.440734	1.311452	-1.674433	2.479700	2.567683	0.543502
9.052000	12823914.000000	-2.440681	1.311415	-1.674442	2.505296	2.493736	0.545218
9.102000	12823920.000000	-2.440621	1.311423	-1.674475	2.500135	2.519111	0.555260
9.152000	12823926.000000	-2.440646	1.311436	-1.674511	2.492693	2.510522	0.548984
9.202000	12823932.000000	-2.440629	1.311489	-1.674497	2.464193	2.470604	0.555327
9.252000	12823938.000000	-2.440590	1.311434	-1.674467	2.476987	2.531595	0.557265
9.302000	12823944.000000	-2.440632	1.311424	-1.674469	2.476305	2.508729	0.549941
9.352000	12823950.000000	-2.440638	1.311431	-1.674452	2.485085	2.533079	0.557285
9.402000	12823956.000000	-2.440600	1.311435	-1.674415	2.514686	2.497745	0.556090
9.452000	12823962.000000	-2.440623	1.311428	-1.674411	2.472039	2.573690	0.548276
9.502000	12823968.000000	-2.440650	1.311438	-1.674402	2.452868	2.523864	0.547579
9.552000	12823974.000000	-2.440595	1.311481	-1.674422	2.493548	2.561961	0.559880
9.602000	12823980.000000	-2.440628	1.311453	-1.674419	2.451870	2.484319	0.550129
9.652000	12823986.000000	-2.440621	1.311445	-1.674397	2.476637	2.560259	0.553305
9.702000	12823992.000000	-2.440609	1.311411	-1.674392	2.518000	2.553269	0.543395
9.752000	12823998.000000	-2.440620	1.311459	-1.674413	2.473620	2.479730	0.546923
9.802000	12824004.000000	-2.440600	1.311441	-1.674399	2.487527	2.523082	0.565363
9.852000	12824010.000000	-2.440613	1.311450	-1.674411	2.479604	2.520657	0.552134
9.902000	12824016.000000	-2.440608	1.311440	-1.674392	2.442901	2.490860	0.556211
9.952000	12824022.000000	-2.440613	1.311466	-1.674408	2.467505	2.504619	0.554068
10.002000	12824028.000000	-2.440615	1.311451	-1.674407	2.491859	2.538980	0.552066
10.052000	12824034.000000	-2.440611	1.311442	-1.674406	2.507083	2.521962	0.555785
10.102000	12824040.000000	-2.440615	1.311425	-1.674409	2.482669	2.505515	0.548111
10.152000	12824046.000000	-2.440607	1.311466	-1.674404	2.537492	2.561218	0.548981
10.202000	12824052.000000	-2.440609	1.311459	-1.674400	2.515518	2.519841	0.553038
10.252000	12824058.000000	-2.440614	1.311475	-1.674395	2.485866	2.503803	0.544902
10.302000	12824064.000000	-2.440600	1.311453	-1.674400	2.470761	2.523409	0.552294
10.352000	12824070.000000	-2.440610	1.311440	-1.674403	2.490032	2.501700	0.553671
10.402000	12824076.000000	-2.440605	1.311465	-1.674406	2.494051	2.559278	0.552872
10.452000	12824082.000000	-2.440614	1.311460	-1.674398	2.486979	2.527328	0.557750
10.502000	12824088.000000	-2.440608	1.311441	-1.674398	2.501939	2.487691	0.550881
10.552000	12824094.000000	-2.440613	1.311464	-1.674410	2.498425	2.530902	0.552840
10.602000	12824100.000000	-2.440611	1.311445	-1.674404	2.488197	2.544372	0.554139
10.652000	12824106.000000	-2.440609	1.311458	-1.674397	2.486090	2.516757	0.556250
10.702000	12824112.000000	-2.440612	1.311458	-1.674395	2.528261	2.574662	0.561929
10.752000	12824118.000000	-2.440607	1.311433	-1.674396	2.497143	2.520481	0.564334
10.802000	12824124.000000	-2.440610	1.311449	-1.674413	2.465390	2.503833	0.554758
10.852000	12824130.000000	-2.440604	1.311460	-1.674402	2.511220	2.531373	0.548553
10.902000	12824136.000000	-2.440599	1.311444	-1.674393	2.494269	2.529967	0.555045
10.952000	12824142.000000	-2.440614	1.311462	-1.674405	2.455825	2.503454	0.555206
11.002000	12824148.000000	-2.440607	1.311440	-1.674405	2.479339	2.515159	0.548657
11.052000	12824154.000000	-2.440616	1.311438	-1.674398	2.510483	2.488087	0.548551
11.102000	12824160.000000	-2.440612	1.311468	-1.674391	2.466865	2.490116	0.544718
11.152000	12824166.000000	-2.440608	1.311477	-1.674401	2.498980	2.529009	0.551002
11.202000	12824172.000000	-2.440607	1.311462	-1.674402	2.483363	2.509593	0.554768
11.252000	12824178.000000	-2.440608	1.311464	-1.674398	2.447419	2.488000	0.548566
11.302000	12824184.000000	-2.440616	1.311451	-1.674411	2.495275	2.496532	0.542774
11.352000	12824190.000000	-2.440618	1.311448	-1.674404	2.489466	2.531236	0.558274
11.402000	12824196.000000	-2.440614	1.311451	-1.674410	2.503492	2.471277	0.551692
11.452000	12824202.000000	-2.440602	1.311449	-1.674409	2.503941	2.538459	0.548310
11.502000	12824208.000000	-2.440608	1.311458	-1.674399	2.473268	2.507790	0.558059
11.552000	12824214.000000	-2.440608	1.311457	-1.674417	2.467244	2.495106	0.546291
11.602000	12824220.000000	-2.440617	1.311465	-1.674393	2.450285	2.456012	0.556641
11.652000	12824226.000000	-2.440607	1.311447	-1.674408	2.485811	2.528375	0.560710
11.702000	12824232.000000	-2.440606	1.311438	-1.674402	2.468346	2.529354	0.547534
11.752000	12824238.000000	-2.440603	1.311483	-1.674394	2.477909	2.495198	0.549928
11.802000	12824244.000000	-2.440616	1.311457	-1.674413	2.509530	2.517961	0.550931
11.852000	12824250.000000	-2.440600	1.311460	-1.674409	2.484211	2.542654	0.549981
11.902000	12824256.000000	-2.440613	1.311439	-1.674405	2.473530	2.496003	0.550259
11.952000	12824262.000000	-2.440611	1.311466	-1.674405	2.446819	2.523672	0.551498
12.002000	12824268.000000	-2.440602	1.311477	-1.674406	2.497967	2.565279	0.545717
12.052000	12824274.000000	-2.440602	1.311460	-1.674399	2.504948	2.537240	0.544741
12.102000	12824280.000000	-2.440611	1.311459	-1.674408	2.518833	2.541094	0.557229
12.152000	12824286.000000	-2.440613	1.311450	-1.674407	2.497811	2.536297	0.551352
12.202000	12824292.000000	-2.440609	1.311452	-1.674403	2.517164	2.582323	0.548542
12.252000	12824298.000000	-2.440610	1.311446	-1.674397	2.494425	2.511600	0.547923
12.302000	12824304.000000	-2.440610	1.311464	-1.674398	2.467282	2.526788	0.554385
12.352000	12824310.000000	-2.440603	1.311458	-1.674403	2.499630	2.573176	0.556684
12.402000	12824316.000000	-2.440607	1.311467	-1.674406	2.476234	2.512001	0.557149
12.452000	12824322.000000	-2.440603	1.311448	-1.674410	2.518869	2.534678	0.553054
12.502000	12824328.000000	-2.440611	1.311445	-1.674396	2.521001	2.513516	0.553422
12.552000	12824334.000000	-2.440615	1.311455	-1.674414	2.506553	2.562617	0.548921
12.602000	12824340.000000	-2.440602	1.311475	-1.674396	2.524040	2.555768	0.547963
12.652000	12824346.000000	-2.440614	1.311438	-1.674402	2.496722	2.554999	0.555252
12.702000	12824352.000000	-2.440616	1.311455	-1.674401	2.453735	2.521042	0.554879
12.752000	12824358.000000	-2.440623	1.311472	-1.674412	2.477097	2.533086	0.548492
12.802000	12824364.000000	-2.440623	1.311456	-1.674399	2.503826	2.528958	0.551621
12.852000	12824370.000000	-2.440628	1.311438	-1.674392	2.537881	2.532407	0.544486
12.902000	12824376.000000	-2.440615	1.311445	-1.674414	2.491761	2.513552	0.541858
12.952000	12824382.000000	-2.440651	1.311458	-1.674400	2.486489	2.537921	0.558260
13.002000	12824388.000000	-2.440632	1.311441	-1.674394	2.456699	2.531335	0.547379
13.052000	12824394.000000	-2.440633	1.311457	-1.674380	2.481629	2.529554	0.546729
13.102000	12824400.000000	-2.440575	1.311509	-1.674271	2.498461	2.529565	0.534012
13.152000	12824406.000000	-2.440455	1.311692	-1.673828	2.475087	2.639629	0.536858
13.202000	12824412.000000	-2.440454	1.311511	-1.673247	2.539160	2.766094	0.491792
13.252000	12824418.000000	-2.440597	1.311675	-1.672485	2.500970	2.676651	0.481641
13.302000	12824424.000000	-2.440654	1.311650	-1.671651	2.473624	2.819526	0.531001
13.352000	12824430.000000	-2.440783	1.311706	-1.670471	2.360651	2.696072	0.525474
13.402000	12824436.000000	-2.440934	1.311836	-1.668882	2.450604	2.671097	0.467423
13.452000	12824442.000000	-2.441077	1.311704	-1.666600	2.296356	2.737650	0.479481
13.502000	12824448.000000	-2.440768	1.311729	-1.663350	2.445574	2.701748	0.505057
13.552000	12824454.000000	-2.439814	1.311510	-1.659072	2.451466	2.728054	0.570587
13.602000	12824460.000000	-2.438235	1.311649	-1.654001	2.439526	2.899192	0.674713
13.652000	12824466.000000	-2.437426	1.312241	-1.647583	2.478328	2.316289	0.544954
13.702000	12824472.000000	-2.436625	1.311912	-1.639274	2.621280	2.857399	0.604814
13.752000	12824478.000000	-2.434558	1.310684	-1.630372	2.485726	3.207530	0.744248
13.802000	12824484.000000	-2.433217	1.311805	-1.620949	2.414695	2.783742	0.707121
13.852000	12824490.000000	-2.431364	1.312325	-1.610717	2.511971	2.912860	0.612804
13.902000	12824496.000000	-2.429307	1.312087	-1.598795	2.490336	2.831536	0.798663
13.952000	12824502.000000	-2.427566	1.311383	-1.585412	2.445576	2.793387	0.909520
14.002000	12824508.000000	-2.426284	1.310242	-1.571618	2.531683	3.236682	0.864665
14.052000	12824514.000000	-2.424738	1.310588	-1.558375	2.585898	3.036700	0.947546
14.102000	12824520.000000	-2.423478	1.311155	-1.544717	2.551402	2.611136	1.002733
14.152000	12824526.000000	-2.422021	1.310408	-1.530571	2.414347	3.208465	0.929079
14.202000	12824532.000000	-2.421804	1.310061	-1.516370	2.377181	3.299449	0.862242
14.252000	12824538.000000	-2.420244	1.310143	-1.501954	2.429153	2.908730	1.069676
14.302000	12824544.000000	-2.419217	1.310074	-1.487502	2.505057	3.018983	1.128146
14.352000	12824550.000000	-2.419197	1.309830	-1.472703	2.122654	3.058237	0.765043
14.402000	12824556.000000	-2.417622	1.309563	-1.457961	2.339714	3.393472	0.959366
14.452000	12824562.000000	-2.416502	1.309882	-1.443488	2.437568	3.131124	1.054774
14.502000	12824568.000000	-2.415603	1.310496	-1.429178	2.526687	2.845638	1.084471
14.552000	12824574.000000	-2.413731	1.310533	-1.413798	2.649740	2.727467	1.170337
14.602000	12824580.000000	-2.412077	1.309934	-1.397626	2.436964	2.834040	1.029574
14.652000	12824586.000000	-2.410470	1.310033	-1.381352	2.521485	3.041720	0.975792
14.702000	12824592.000000	-2.407862	1.310327	-1.365406	2.655786	3.335037	1.176732
14.752000	12824598.000000	-2.405886	1.311245	-1.348340	2.584416	2.479646	1.263472
14.802000	12824604.000000	-2.402681	1.310315	-1.330567	2.604140	3.382587	1.366075
14.852000	12824610.000000	-2.399928	1.309412	-1.312597	2.616121	3.192231	1.301232
14.902000	12824616.000000	-2.396658	1.309851	-1.294395	2.360967	2.777950	1.246941
14.952000	12824622.000000	-2.394258	1.309611	-1.276169	2.350906	3.580977	1.164545
15.002000	12824628.000000	-2.391672	1.309604	-1.256759	2.261807	2.603093	1.140379
15.052000	12824634.000000	-2.388144	1.308764	-1.237591	2.530543	3.717447	1.531544
15.102000	12824640.000000	-2.384447	1.309109	-1.218529	2.607779	3.245848	1.800207
15.152000	12824646.000000	-2.382688	1.308843	-1.198769	2.304075	3.057965	1.550734
15.202000	12824652.000000	-2.380548	1.308199	-1.179028	2.281440	3.581759	1.433533
15.252000	12824658.000000	-2.378415	1.307860	-1.158192	2.450153	2.961493	1.657617
15.302000	12824664.000000	-2.375690	1.306287	-1.137783	2.659322	4.004921	1.960732
15.352000	12824670.000000	-2.374277	1.306177	-1.117963	2.758284	3.273872	1.842343
15.402000	12824676.000000	-2.373464	1.306215	-1.098831	2.592326	3.354596	1.621822
15.452000	12824682.000000	-2.371629	1.305625	-1.079968	2.651857	3.417565	1.638511
15.502000	12824688.000000	-2.370240	1.305162	-1.061708	2.675396	3.382262	1.827823
15.552000	12824694.000000	-2.368534	1.305574	-1.044999	2.589344	3.695500	1.832169
15.602000	12824701.000000	-2.367401	1.306099	-1.025475	2.554534	3.105363	1.634169
15.653000	12824706.000000	-2.366653	1.305742	-1.011071	2.489295	3.089027	1.547477
15.702000	12824712.000000	-2.365346	1.304705	-0.994306	2.726270	3.698949	1.720057
15.752000	12824718.000000	-2.364962	1.305276	-0.978297	2.730805	3.220623	1.541210
15.802000	12824724.000000	-2.365036	1.305994	-0.962429	2.512278	2.702368	1.385325
15.852000	12824730.000000	-2.363664	1.305309	-0.945993	2.545123	3.198620	1.417752
15.902000	12824736.000000	-2.363149	1.304162	-0.929772	2.573813	3.697710	1.380778
15.952000	12824742.000000	-2.361163	1.304398	-0.912862	2.518227	2.731447	1.290958
16.002000	12824748.000000	-2.360494	1.303451	-0.896046	2.458200	3.612635	1.188970
16.052000	12824754.000000	-2.359995	1.303260	-0.879284	2.418196	3.215095	1.095927
16.102000	12824760.000000	-2.359541	1.303006	-0.863084	2.324163	3.739823	1.010737
16.152000	12824766.000000	-2.359088	1.302990	-0.847068	2.256501	3.136269	0.917242
16.202000	12824772.000000	-2.358768	1.302427	-0.831174	2.192234	3.275778	0.871676
16.252000	12824778.000000	-2.358909	1.302208	-0.815286	2.486763	3.719874	0.986296
16.302000	12824784.000000	-2.358456	1.301894	-0.799261	2.451920	3.183410	1.001058
16.352000	12824790.000000	-2.359021	1.301099	-0.783139	2.540874	3.373340	0.878137
16.402000	12824796.000000	-2.358248	1.300539	-0.767423	2.406774	3.524556	0.908618
16.452000	12824802.000000	-2.358124	1.300465	-0.752238	2.181527	3.706842	0.706298
16.502000	12824808.000000	-2.358938	1.300618	-0.736747	2.184577	3.304650	0.462048
16.552000	12824814.000000	-2.358658	1.299385	-0.721195	2.347523	3.885680	0.631838
16.602000	12824820.000000	-2.358748	1.299057	-0.705772	2.637145	3.559741	0.727761
16.652000	12824826.000000	-2.358975	1.298899	-0.691170	2.605822	3.645031	0.725002
16.702000	12824832.000000	-2.359268	1.299877	-0.677405	2.706470	3.343930	0.581620
16.752000	12824838.000000	-2.359243	1.300021	-0.663216	2.444176	3.227659	0.502545
16.802000	12824844.000000	-2.359041	1.298837	-0.648581	2.497363	3.571874	0.403981
16.852000	12824850.000000	-2.358747	1.298579	-0.634995	2.492920	3.902591	0.496072
16.902000	12824856.000000	-2.357968	1.299276	-0.621428	2.458165	3.256553	0.446453
16.952000	12824862.000000	-2.358062	1.299310	-0.607726	2.504905	3.660264	0.353048
17.002000	12824868.000000	-2.357885	1.298760	-0.593974	2.597653	3.628038	0.378363
17.052000	12824874.000000	-2.357100	1.299166	-0.579383	2.635551	3.244424	0.335676
17.102000	12824880.000000	-2.357002	1.298827	-0.564295	2.560364	3.384851	0.145018
17.152000	12824886.000000	-2.355583	1.299273	-0.548464	2.555946	3.488539	0.187086
17.202000	12824892.000000	-2.353096	1.297934	-0.531685	2.434426	3.253146	0.302633
17.252000	12824898.000000	-2.352175	1.297627	-0.514669	2.224745	3.684309	0.064768
17.302000	12824904.000000	-2.351454	1.297684	-0.497970	2.198670	3.814146	-0.135754
17.352000	12824910.000000	-2.348541	1.297401	-0.481079	2.525951	3.846971	0.320799
17.402000	12824916.000000	-2.345391	1.297282	-0.464476	2.546220	3.556949	0.673284
17.452000	12824922.000000	-2.345413	1.297056	-0.448328	2.158588	3.564420	0.200775
17.502000	12824928.000000	-2.344858	1.297192	-0.432596	2.403500	3.722229	0.063641
17.552000	12824934.000000	-2.342798	1.297279	-0.416978	2.478649	3.544774	0.433333
17.602000	12824940.000000	-2.341937	1.296434	-0.400914	2.408562	3.516753	0.419822
17.652000	12824946.000000	-2.341300	1.295645	-0.385308	2.382111	3.657918	0.361194
17.702000	12824952.000000	-2.339735	1.295782	-0.370524	2.254930	3.669462	0.439071
17.752000	12824958.000000	-2.339628	1.296800	-0.354930	2.399631	3.074939	0.324812
17.802000	12824964.000000	-2.339702	1.295293	-0.339586	2.367578	4.278806	0.213243
17.852000	12824970.000000	-2.339495	1.295395	-0.324012	2.110352	3.366601	0.185813
17.902000	12824976.000000	-2.339521	1.295449	-0.309550	2.430233	3.634885	0.361904
17.952000	12824982.000000	-2.340426	1.296455	-0.296017	2.405810	3.354513	0.150820
18.002000	12824988.000000	-2.341086	1.297185	-0.281657	2.635519	2.678809	0.022394
18.052000	12824994.000000	-2.341518	1.296032	-0.267060	2.208826	3.495662	-0.028963
18.102000	12825000.000000	-2.342023	1.295857	-0.253327	2.528365	3.647719	-0.032052
18.152000	12825006.000000	-2.341734	1.296694	-0.240465	2.410359	3.326348	-0.161279
18.202000	12825012.000000	-2.342191	1.297398	-0.227604	1.947497	2.986937	-0.357497
18.252000	12825018.000000	-2.342231	1.296701	-0.214857	2.123039	3.838225	-0.293724
18.302000	12825024.000000	-2.340954	1.296828	-0.202556	2.490084	3.755835	-0.006951
18.352000	12825030.000000	-2.340444	1.297444	-0.190372	2.577426	3.491570	-0.020312
18.402000	12825036.000000	-2.340490	1.297678	-0.178454	2.343905	3.349505	-0.123893
18.452000	12825042.000000	-2.339282	1.297469	-0.165383	2.376713	2.997868	-0.087491
18.502000	12825048.000000	-2.338705	1.296266	-0.152137	2.761174	3.751112	-0.063035
18.552000	12825054.000000	-2.337161	1.296741	-0.139687	2.682555	3.570702	-0.071812
18.602000	12825060.000000	-2.336438	1.298027	-0.126642	2.506852	2.920683	-0.169458
18.652000	12825066.000000	-2.335185	1.296940	-0.113322	2.295091	4.084627	-0.219277
18.702000	12825072.000000	-2.333663	1.296677	-0.099872	2.545065	3.103097	-0.210566
18.752000	12825078.000000	-2.331873	1.297434	-0.086965	2.198063	3.255364	0.021680
18.802000	12825084.000000	-2.330848	1.297734	-0.073600	2.547788	3.149482	-0.109585
18.852000	12825090.000000	-2.330157	1.297724	-0.059346	2.222047	2.785316	-0.230520
18.902000	12825096.000000	-2.328809	1.296630	-0.045217	2.546887	3.776723	0.016979
18.952000	12825102.000000	-2.327763	1.297160	-0.030792	2.510272	3.325984	0.085711
19.002000	12825108.000000	-2.326401	1.296510	-0.016819	2.585649	3.658733	0.225334
19.052000	12825114.000000	-2.325958	1.296648	-0.002779	2.712417	3.024817	0.139574
19.102000	12825120.000000	-2.325140	1.295997	0.010238	2.242905	3.530708	0.159274
19.152000	12825126.000000	-2.323854	1.296858	0.023152	2.507732	3.160465	0.238648
19.202000	12825132.000000	-2.323185	1.297067	0.036339	2.293826	2.737545	0.105949
19.252000	12825138.000000	-2.322739	1.296175	0.049650	2.697506	3.771548	0.039063
19.302000	12825144.000000	-2.322255	1.296139	0.062318	2.699150	4.038430	0.217367
19.352000	12825150.000000	-2.321948	1.297470	0.074504	2.385536	2.711204	0.254977
19.402000	12825156.000000	-2.320741	1.297484	0.086568	2.293133	2.758217	0.226362
19.452000	12825162.000000	-2.320198	1.297315	0.098743	2.455828	3.063311	0.048688
19.502000	12825168.000000	-2.319616	1.297402	0.110717	2.316303	3.310493	0.101881
19.552000	12825174.000000	-2.318881	1.298001	0.123249	3.034916	2.895141	0.161442
19.602000	12825180.000000	-2.318188	1.297425	0.135549	2.549906	2.913148	0.191290
19.652000	12825186.000000	-2.317588	1.297236	0.146735	2.510693	3.313810	0.186078
19.702000	12825192.000000	-2.317440	1.298269	0.157687	2.746753	3.099891	0.060579
19.752000	12825198.000000	-2.316162	1.298309	0.168265	2.382027	2.816001	0.176821
19.802000	12825204.000000	-2.315361	1.297837	0.179678	2.343251	2.684689	0.052486
19.852000	12825210.000000	-2.314672	1.297881	0.190210	2.467392	3.394019	0.119581
19.902000	12825216.000000	-2.313605	1.298344	0.201304	2.637211	2.535763	0.211300
19.952000	12825222.000000	-2.312383	1.298474	0.213080	2.436101	2.479891	0.211330
20.002000	12825228.000000	-2.311836	1.297379	0.224523	2.469274	2.959309	0.135756
20.052000	12825234.000000	-2.311548	1.298015	0.236050	2.325862	2.482397	0.039235
20.102000	12825240.000000	-2.309938	1.297797	0.247225	2.084157	3.007678	0.175130
20.152000	12825246.000000	-2.309480	1.298576	0.259058	2.141041	2.513646	-0.039720
20.202000	12825252.000000	-2.308191	1.297649	0.270914	2.370534	3.236199	0.037822
20.252000	12825258.000000	-2.307127	1.298500	0.283567	2.314053	2.364007	0.061403
20.302000	12825264.000000	-2.305649	1.297517	0.295830	2.240276	2.865029	0.145591
20.352000	12825270.000000	-2.305523	1.298011	0.308669	2.232151	2.635756	-0.003578
20.402000	12825276.000000	-2.304589	1.297802	0.321408	2.374050	2.726643	0.076498
20.452000	12825282.000000	-2.303974	1.297860	0.334293	2.342857	2.531144	0.281884
20.502000	12825288.000000	-2.303552	1.297609	0.347563	2.573141	2.614728	0.195073
20.552000	12825294.000000	-2.303203	1.296963	0.361034	2.779335	2.914416	0.105725
20.602000	12825300.000000	-2.301655	1.296540	0.374165	2.638711	2.855780	0.375520
20.652000	12825306.000000	-2.300655	1.296874	0.387292	2.851353	2.695444	0.324256
20.702000	12825312.000000	-2.300369	1.296240	0.399986	2.398924	2.990767	0.231616
20.752000	12825318.000000	-2.298946	1.296436	0.413383	2.414665	1.968249	0.314771
20.802000	12825324.000000	-2.297295	1.295802	0.426733	2.985907	2.981553	0.436832
20.852000	12825330.000000	-2.296476	1.296195	0.439850	2.714807	2.797854	0.344102
20.902000	12825336.000000	-2.296326	1.297024	0.452868	2.372263	2.533365	0.168413
20.952000	12825342.000000	-2.294997	1.296591	0.466377	2.314250	2.488453	0.241020
21.002000	12825348.000000	-2.293190	1.296152	0.480370	2.531933	2.454531	0.474491
21.052000	12825354.000000	-2.292200	1.296152	0.493549	2.749903	3.149625	0.506215
21.102000	12825360.000000	-2.290812	1.296979	0.506648	2.632201	2.502976	0.342021
21.152000	12825366.000000	-2.289587	1.296953	0.519669	2.468029	2.682268	0.207761
21.202000	12825372.000000	-2.288181	1.296470	0.532343	2.002001	2.770534	0.310946
21.252000	12825378.000000	-2.286478	1.297258	0.544843	2.420586	2.582668	0.441619
21.302000	12825384.000000	-2.284979	1.296845	0.557389	2.372050	2.267052	0.416089
21.352000	12825390.000000	-2.284215	1.297021	0.569724	2.351823	2.463795	0.357826
21.402000	12825396.000000	-2.282230	1.296571	0.582091	2.659691	2.695820	0.558260
21.452000	12825402.000000	-2.280987	1.296769	0.594687	2.639891	2.806373	0.507277
21.502000	12825408.000000	-2.279917	1.296370	0.606920	2.636731	2.873494	0.437467
21.552000	12825414.000000	-2.278332	1.296499	0.620030	2.369573	2.108762	0.422539
21.602000	12825420.000000	-2.276267	1.296015	0.632205	2.672878	3.269799	0.563920
21.652000	12825426.000000	-2.273618	1.297190	0.645342	2.392745	1.779704	0.669076
21.702000	12825432.000000	-2.271407	1.296189	0.659083	2.566709	2.644981	0.710134
21.752000	12825438.000000	-2.269863	1.295441	0.673016	2.357591	2.655174	0.577661
21.802000	12825444.000000	-2.267428	1.296273	0.686692	2.304858	2.443662	0.854089
21.852000	12825450.000000	-2.265579	1.296344	0.700054	2.457870	2.493384	0.974836
21.902000	12825456.000000	-2.264338	1.296999	0.714766	2.502351	2.006536	0.831020
21.952000	12825462.000000	-2.262886	1.295125	0.729436	2.401146	3.061764	0.876000
22.002000	12825468.000000	-2.261303	1.295216	0.744106	2.386441	2.495754	0.952469
22.052000	12825474.000000	-2.259947	1.295386	0.757883	2.544513	2.687766	1.061814
22.102000	12825480.000000	-2.258179	1.295090	0.771992	2.703285	2.291078	1.242710
22.152000	12825486.000000	-2.256442	1.294261	0.785744	2.698582	2.971192	1.249618
22.202000	12825492.000000	-2.254536	1.294131	0.798535	2.593235	2.835497	1.135462
22.252000	12825498.000000	-2.253100	1.295029	0.811413	2.403687	2.385487	1.084461
22.302000	12825504.000000	-2.251586	1.294276	0.823627	2.412225	3.024551	1.256508
22.352000	12825510.000000	-2.249657	1.294989	0.835713	2.478929	2.634523	1.307935
22.402000	12825516.000000	-2.248120	1.294880	0.847572	2.435397	2.753114	1.235324
22.452000	12825522.000000	-2.246952	1.295119	0.859274	2.481796	2.837012	1.171237
22.502000	12825528.000000	-2.245487	1.295194	0.871030	2.579821	2.570313	1.271698
22.552000	12825534.000000	-2.244614	1.295050	0.882970	2.614132	2.800592	1.288352
22.602000	12825540.000000	-2.243031	1.294999	0.894930	2.609959	2.605021	1.391414
22.652000	12825546.000000	-2.241964	1.295324	0.907323	2.641808	2.421349	1.390587
22.702000	12825552.000000	-2.241266	1.294847	0.919279	2.613142	2.790059	1.304799
22.752000	12825558.000000	-2.239743	1.295184	0.931200	2.410287	2.601044	1.373585
22.802000	12825564.000000	-2.239433	1.295458	0.943056	2.633740	2.843183	1.358719
22.852000	12825570.000000	-2.238089	1.295405	0.955082	2.651250	2.625673	1.286599
22.902000	12825576.000000	-2.237731	1.295492	0.968071	2.398645	2.482041	1.144339
22.952000	12825582.000000	-2.236734	1.294259	0.980610	2.521470	3.341653	1.306416
23.002000	12825588.000000	-2.235530	1.295123	0.993832	2.458982	1.972117	1.263864
23.052000	12825594.000000	-2.234983	1.294190	1.005892	2.462871	3.415771	1.119032
23.102000	12825600.000000	-2.234212	1.294996	1.017998	2.371376	2.252287	0.934351
23.152000	12825606.000000	-2.233739	1.294850	1.030272	2.471241	2.560044	0.947748
23.202000	12825612.000000	-2.233301	1.294174	1.042907	2.457067	2.753839	1.009406
23.252000	12825618.000000	-2.232870	1.293790	1.055170	2.497734	2.983801	1.045705
23.302000	12825624.000000	-2.232864	1.293990	1.066962	2.506732	2.864595	0.940426
23.352000	12825630.000000	-2.233354	1.294583	1.079384	2.345163	2.218350	0.774841
23.402000	12825636.000000	-2.233197	1.293322	1.091467	2.366383	3.146573	0.837389
23.452000	12825642.000000	-2.233353	1.293537	1.103636	2.349164	2.889609	0.927412
23.502000	12825648.000000	-2.233824	1.293610	1.116042	2.463126	2.358346	0.895359
23.552000	12825654.000000	-2.234011	1.292952	1.128189	2.570910	3.133327	0.799298
23.602000	12825660.000000	-2.234850	1.292789	1.140910	2.313121	2.523575	0.549041
23.652000	12825666.000000	-2.236078	1.291756	1.153537	2.473150	3.126643	0.498103
23.702000	12825672.000000	-2.236193	1.291302	1.165502	2.554833	3.155300	0.593856
23.752000	12825678.000000	-2.236311	1.292017	1.177192	2.429125	2.894542	0.524640
23.802000	12825684.000000	-2.237278	1.292038	1.189161	2.534899	3.004246	0.347703
23.852000	12825690.000000	-2.237997	1.291586	1.201021	2.548205	3.151953	0.363671
23.902000	12825696.000000	-2.238210	1.291996	1.212797	2.617255	2.741936	0.309703
23.952000	12825702.000000	-2.239061	1.292003	1.224467	2.457841	3.391960	0.186314
24.002000	12825708.000000	-2.239680	1.291911	1.236549	2.478702	2.947886	0.136545
24.052000	12825714.000000	-2.239932	1.291611	1.248572	2.407478	3.254832	0.190182
24.102000	12825720.000000	-2.240338	1.291244	1.260336	2.434733	3.127972	0.059392
24.152000	12825726.000000	-2.241559	1.291815	1.272087	2.408192	2.759283	-0.090079
24.202000	12825732.000000	-2.242325	1.291374	1.283618	2.752127	3.239549	-0.110562
24.252000	12825738.000000	-2.242541	1.291279	1.295512	2.634299	3.064067	-0.021797
24.302000	12825744.000000	-2.242276	1.291322	1.307349	2.548180	3.235839	-0.150540
24.352000	12825750.000000	-2.242347	1.291473	1.319675	2.379604	3.081282	-0.215703
24.402000	12825756.000000	-2.242387	1.291625	1.333311	2.366785	2.501268	-0.305725
24.452000	12825762.000000	-2.242128	1.290116	1.346977	2.490171	3.994564	-0.274657
24.502000	12825768.000000	-2.242235	1.290745	1.361306	2.526342	2.697578	-0.305097
24.552000	12825774.000000	-2.242612	1.290452	1.375002	2.542811	3.442014	-0.472781
24.602000	12825780.000000	-2.241354	1.290700	1.389078	2.547004	2.772305	-0.313514
24.652000	12825786.000000	-2.240026	1.289993	1.403473	2.536913	2.830249	-0.286589
24.702000	12825792.000000	-2.239499	1.289745	1.417253	2.390314	3.576444	-0.358198
24.752000	12825798.000000	-2.238944	1.289680	1.430902	2.368361	3.120110	-0.463763
24.802000	12825804.000000	-2.234852	1.289646	1.444093	1.870728	3.433281	-0.592705
24.852000	12825810.000000	-2.238142	1.290421	1.449219	2.118814	4.709552	-0.884922
24.902000	12825816.000000	-2.236080	1.298489	1.447078	2.859943	3.198663	0.127501
24.952000	12825822.000000	-2.237155	1.305194	1.451462	2.999573	-1.988320	0.060027
25.002000	12825828.000000	-2.240474	1.296966	1.461579	2.580876	3.030399	-0.341169
25.052000	12825834.000000	-2.242653	1.292135	1.473155	2.584875	3.676226	-0.385530
25.102000	12825840.000000	-2.239288	1.292253	1.479617	2.651857	4.317453	-0.147003
25.152000	12825846.000000	-2.239159	1.297117	1.485895	2.779587	1.644496	-0.339304
25.202000	12825852.000000	-2.238202	1.296342	1.495002	2.637614	1.625358	-0.419095
25.252000	12825858.000000	-2.237591	1.292684	1.505671	2.476217	3.672197	-0.544950
25.302000	12825864.000000	-2.236659	1.292270	1.514463	2.550683	3.510167	-0.539980
25.352000	12825870.000000	-2.234966	1.294714	1.521824	2.567151	2.758219	-0.202638
25.402000	12825876.000000	-2.233751	1.294793	1.529714	2.665251	2.535200	-0.172439
25.452000	12825882.000000	-2.231961	1.293142	1.536996	2.426011	3.521678	-0.150051
25.502000	12825888.000000	-2.231478	1.294567	1.543333	2.375828	2.710689	-0.232301
25.552000	12825894.000000	-2.230984	1.295450	1.548437	2.473232	2.925660	-0.130480
25.602000	12825900.000000	-2.230715	1.295602	1.554571	2.502671	2.401413	-0.074638
25.653000	12825906.000000	-2.229461	1.294380	1.560998	2.600488	3.127691	-0.019738
25.702000	12825912.000000	-2.228447	1.295055	1.567384	2.357536	2.899100	-0.082385
25.752000	12825918.000000	-2.228001	1.296180	1.574644	2.375557	2.434548	-0.108290
25.802000	12825924.000000	-2.227013	1.295358	1.583674	2.597416	2.653771	-0.100647
25.852000	12825930.000000	-2.225641	1.294539	1.593623	2.581275	3.213189	-0.037919
25.902000	12825936.000000	-2.224343	1.294690	1.603251	2.514259	3.003900	0.000411
25.952000	12825942.000000	-2.223842	1.296117	1.613068	2.495871	2.486273	-0.007054
26.002000	12825948.000000	-2.222442	1.295124	1.623444	2.492191	3.014184	0.104195
26.052000	12825954.000000	-2.221346	1.294884	1.634382	2.554016	2.703252	0.073260
26.102000	12825960.000000	-2.220090	1.294911	1.644528	2.545584	3.452325	0.109258
26.152000	12825966.000000	-2.219020	1.296058	1.655093	2.676363	2.572924	0.189308
26.202000	12825972.000000	-2.217742	1.295826	1.666219	2.760075	2.893590	0.210066
26.252000	12825978.000000	-2.216169	1.295628	1.678298	2.713202	2.598844	0.258900
26.302000	12825984.000000	-2.215357	1.295562	1.690319	2.715709	2.813314	0.192204
26.352000	12825990.000000	-2.214202	1.296062	1.702801	2.680170	2.658981	0.228522
26.402000	12825996.000000	-2.212716	1.296115	1.716427	2.739744	2.581679	0.327196
26.452000	12826002.000000	-2.211386	1.295362	1.730536	2.689957	3.205286	0.330622
26.502000	12826008.000000	-2.210141	1.296001	1.744824	2.727133	2.686792	0.283028
26.552000	12826014.000000	-2.209407	1.296975	1.759321	2.709591	2.611873	0.245857
26.602000	12826020.000000	-2.207974	1.296677	1.775210	2.765616	2.369103	0.185842
26.652000	12826026.000000	-2.206557	1.295326	1.791721	2.726053	2.970913	0.312257
26.702000	12826032.000000	-2.205408	1.295140	1.807132	2.565207	3.157449	0.230792
26.752000	12826038.000000	-2.204442	1.296679	1.822336	2.439473	2.513846	0.143308
26.802000	12826044.000000	-2.203744	1.296053	1.837644	2.582835	2.841196	0.207344
26.852000	12826050.000000	-2.202169	1.295681	1.852968	2.650064	2.715675	0.324557
26.902000	12826056.000000	-2.201971	1.296068	1.867721	2.613942	2.735515	0.270741
26.952000	12826062.000000	-2.202163	1.297022	1.882430	2.385476	2.597367	0.052500
27.002000	12826068.000000	-2.202000	1.296962	1.897547	2.432225	2.617740	0.039871
27.052000	12826074.000000	-2.201796	1.295871	1.913313	2.507064	2.528434	-0.015984
27.102000	12826080.000000	-2.201975	1.295542	1.928042	2.588022	3.051895	0.164889
27.152000	12826086.000000	-2.202674	1.296832	1.941110	2.489947	2.619782	0.055341
27.202000	12826092.000000	-2.202757	1.298058	1.954088	2.456965	2.140980	-0.069854
27.252000	12826098.000000	-2.202930	1.296948	1.968101	2.396580	2.366060	-0.277018
27.302000	12826104.000000	-2.204962	1.294877	1.983178	2.372967	2.385266	-0.446362
27.352000	12826110.000000	-2.207035	1.290958	1.996411	2.762148	3.656083	-0.161035
27.402000	12826116.000000	-2.209777	1.291091	2.005701	2.868831	3.794085	-0.456906
27.452000	12826122.000000	-2.211857	1.294391	2.013417	2.746875	2.621500	-0.565649
27.502000	12826128.000000	-2.212210	1.295531	2.022523	2.734698	2.586536	-0.658522
27.552000	12826134.000000	-2.210931	1.295726	2.034011	2.833951	3.054868	-0.455913
27.602000	12826140.000000	-2.211142	1.295564	2.048072	2.593120	2.096941	-0.746197
27.652000	12826146.000000	-2.211096	1.293991	2.061056	2.706824	3.855362	-0.836665
27.702000	12826152.000000	-2.211253	1.296472	2.074801	2.438553	2.014756	-1.044193
27.752000	12826158.000000	-2.209154	1.294802	2.089623	2.801522	3.524017	-0.693196
27.802000	12826164.000000	-2.208444	1.293597	2.105854	2.729771	2.754527	-0.735075
27.852000	12826170.000000	-2.207852	1.293232	2.120543	2.584786	3.170064	-0.861386
27.902000	12826176.000000	-2.205503	1.295552	2.135303	2.475251	2.797876	-0.725347
27.952000	12826182.000000	-2.203940	1.295464	2.151394	2.583068	2.596951	-0.687083
28.002000	12826188.000000	-2.202265	1.294318	2.169361	2.694272	2.284797	-0.669636
28.052000	12826194.000000	-2.200033	1.292295	2.187105	2.378127	3.338283	-0.588404
28.102000	12826200.000000	-2.198229	1.294170	2.203841	2.551327	2.953010	-0.557836
28.152000	12826206.000000	-2.196670	1.294673	2.221738	2.457258	1.972918	-0.592777
28.202000	12826212.000000	-2.194091	1.292740	2.240387	2.521191	3.319624	-0.468103
28.252000	12826218.000000	-2.192562	1.293052	2.258246	2.365341	3.021426	-0.438940
28.302000	12826224.000000	-2.191017	1.294186	2.276645	2.410076	2.346076	-0.416920
28.352000	12826230.000000	-2.188488	1.293499	2.296390	2.488203	2.350342	-0.355090
28.402000	12826236.000000	-2.186330	1.291679	2.315817	2.798874	3.574677	-0.296634
28.452000	12826242.000000	-2.184040	1.292701	2.333982	2.519428	2.852701	-0.219945
28.502000	12826248.000000	-2.182143	1.294245	2.351941	2.758094	2.315546	-0.131307
28.552000	12826254.000000	-2.180086	1.293248	2.370067	2.750570	2.920956	-0.141011
28.602000	12826260.000000	-2.178814	1.292535	2.387881	2.440778	3.280587	-0.218944
28.652000	12826266.000000	-2.177756	1.292589	2.403997	2.642161	3.285243	-0.147870
28.702000	12826272.000000	-2.176626	1.294027	2.419003	2.622936	2.405357	-0.075376
28.752000	12826278.000000	-2.175607	1.293282	2.433176	2.666860	2.920975	0.005417
28.802000	12826284.000000	-2.174005	1.292906	2.447136	2.532152	2.657410	-0.110772
28.852000	12826290.000000	-2.172535	1.292253	2.460101	2.518853	3.041372	-0.142550
28.902000	12826296.000000	-2.170910	1.292241	2.471494	2.739592	3.111487	0.051181
28.952000	12826302.000000	-2.169464	1.293102	2.481687	2.393236	2.783727	-0.021558
29.002000	12826308.000000	-2.168211	1.292758	2.491560	2.512598	2.921235	-0.049248
29.052000	12826314.000000	-2.167716	1.292639	2.500522	2.558074	3.143625	-0.028154
29.102000	12826320.000000	-2.167136	1.293502	2.508891	2.574085	2.762823	0.008716
29.152000	12826326.000000	-2.166473	1.293514	2.517515	2.545324	2.691586	0.012759
29.202000	12826332.000000	-2.165716	1.292958	2.526135	2.507081	2.723004	0.030141
29.252000	12826338.000000	-2.164681	1.293032	2.534924	2.525467	2.840143	-0.000019
29.302000	12826344.000000	-2.163563	1.293070	2.544226	2.419507	2.774802	0.028491
29.352000	12826350.000000	-2.162313	1.292642	2.553718	2.383322	2.787898	0.076462
29.402000	12826356.000000	-2.161499	1.292457	2.562995	2.404190	2.862074	0.084062
29.452000	12826362.000000	-2.160643	1.292877	2.572165	2.554599	2.957677	0.078054
29.502000	12826368.000000	-2.159897	1.293304	2.582681	2.433265	2.195983	0.020964
29.552000	12826374.000000	-2.159528	1.291505	2.592986	2.502444	3.508371	0.053473
29.602000	12826380.000000	-2.159615	1.292427	2.603505	2.360745	2.544136	-0.023919
29.652000	12826386.000000	-2.159942	1.292317	2.613234	2.581988	3.180691	-0.027018
29.702000	12826392.000000	-2.160264	1.293484	2.623726	2.413759	2.132082	-0.096827
29.752000	12826398.000000	-2.160990	1.292034	2.635056	2.476036	3.170486	-0.122461
29.802000	12826404.000000	-2.161736	1.292143	2.646814	2.554127	2.925862	-0.209836
29.852000	12826410.000000	-2.163126	1.292863	2.658645	2.404426	2.657403	-0.339021
29.902000	12826416.000000	-2.164217	1.293059	2.671079	2.584453	2.765069	-0.422203
29.952000	12826422.000000	-2.165491	1.292586	2.684443	2.482268	2.750990	-0.543261
30.002000	12826428.000000	-2.166528	1.292893	2.698193	2.584501	2.799412	-0.623642
30.052000	12826434.000000	-2.166987	1.292587	2.712413	2.549427	3.354703	-0.697378
30.102000	12826440.000000	-2.168844	1.293063	2.727419	2.532614	2.907928	-0.802130
30.152000	12826446.000000	-2.170722	1.292548	2.742891	2.580966	2.531453	-0.954556
30.202000	12826452.000000	-2.172442	1.292476	2.758173	2.388983	2.749745	-1.123064
30.252000	12826458.000000	-2.174329	1.292845	2.773124	2.497167	2.374011	-1.205846
30.302000	12826464.000000	-2.175813	1.292815	2.787650	2.566442	2.541259	-1.227965
30.352000	12826470.000000	-2.177838	1.293276	2.802093	2.736439	3.114294	-1.375223
30.402000	12826476.000000	-2.179137	1.293120	2.817209	2.582288	3.154251	-1.548843
30.452000	12826482.000000	-2.179832	1.292579	2.832428	2.625853	3.567504	-1.486027
30.502000	12826488.000000	-2.180723	1.292966	2.847665	2.476755	2.909967	-1.653475
30.552000	12826494.000000	-2.181603	1.293066	2.862789	2.352802	2.941456	-1.815112
30.602000	12826500.000000	-2.180725	1.292734	2.877694	2.079529	3.136307	-1.792336
30.652000	12826506.000000	-2.180476	1.292894	2.892928	2.266672	2.624596	-1.870759
30.702000	12826512.000000	-2.179619	1.292055	2.907547	2.669776	3.507220	-1.725594
30.752000	12826518.000000	-2.178583	1.292555	2.921779	2.520349	3.157562	-1.725859
30.802000	12826524.000000	-2.177890	1.292600	2.936361	2.208073	2.741234	-1.831675
30.852000	12826530.000000	-2.176199	1.291948	2.951064	2.514722	3.262360	-1.690977
30.902000	12826536.000000	-2.174924	1.291402	2.964985	2.602636	3.677940	-1.541241
30.952000	12826542.000000	-2.173419	1.292213	2.978877	2.323412	2.690013	-1.511462
31.002000	12826548.000000	-2.171700	1.291251	2.992178	2.673615	3.481575	-1.504181
31.052000	12826554.000000	-2.169961	1.292266	3.005566	2.231090	2.793017	-1.486643
31.102000	12826560.000000	-2.168462	1.291513	3.019350	2.673229	3.349397	-1.326759
31.152000	12826566.000000	-2.166934	1.291360	3.033277	2.489525	3.072901	-1.294828
31.202000	12826572.000000	-2.165480	1.291359	3.047030	2.480031	3.053213	-1.289845
31.252000	12826578.000000	-2.163987	1.291341	3.060585	2.733398	3.218548	-1.218910
31.302000	12826584.000000	-2.162122	1.291452	3.073919	2.534293	3.356901	-1.182710
31.352000	12826590.000000	-2.160211	1.291511	3.087578	2.747833	2.964085	-1.089454
31.402000	12826596.000000	-2.158367	1.291362	3.100922	2.604107	3.345685	-1.018627
31.452000	12826602.000000	-2.157012	1.292800	3.114869	2.393354	2.525391	-1.101349
31.502000	12826608.000000	-2.155435	1.292505	3.130365	2.482186	2.825000	-0.988727
31.552000	12826614.000000	-2.153982	1.291292	3.146761	2.553199	3.031075	-0.953884
31.602000	12826620.000000	-2.152310	1.291175	3.162348	2.585830	3.394586	-0.955832
31.652000	12826626.000000	-2.150706	1.292636	3.177626	2.372935	2.587440	-0.907039
31.702000	12826632.000000	-2.149987	1.292978	3.193575	2.792229	2.775256	-0.728330
31.752000	12826638.000000	-2.148294	1.291546	3.212351	2.481234	2.640467	-0.885449
31.802000	12826644.000000	-2.148289	1.287987	3.231288	2.454632	4.006548	-1.039319
31.852000	12826650.000000	-2.146190	1.289429	3.248126	2.528455	3.075737	-0.763372
31.902000	12826656.000000	-2.145889	1.292049	3.263823	2.655113	2.740630	-0.801846
31.952000	12826662.000000	-2.146367	1.292098	3.281603	2.739801	2.542988	-0.883446
32.002000	12826668.000000	-2.145762	1.289488	3.300230	2.768886	3.382189	-0.831509
32.052000	12826674.000000	-2.145127	1.289407	3.317931	2.776132	3.238946	-0.866095
32.102000	12826680.000000	-2.144535	1.289886	3.333847	2.685903	3.475027	-0.846889
32.152000	12826686.000000	-2.144513	1.290213	3.349341	2.651046	3.158495	-1.019909
32.202000	12826692.000000	-2.143920	1.289532	3.365069	2.646613	3.016666	-0.923037
32.252000	12826698.000000	-2.143011	1.288680	3.379983	2.729928	3.591200	-0.823899
32.302000	12826704.000000	-2.142630	1.290047	3.394159	2.650989	2.832312	-0.741775
32.352000	12826710.000000	-2.141879	1.289573	3.408554	2.732884	3.055106	-0.762814
32.402000	12826716.000000	-2.139392	1.289222	3.422946	2.498174	3.459333	-1.027333
32.452000	12826722.000000	-2.140337	1.290930	3.431821	2.768384	4.171582	-0.953200
32.502000	12826728.000000	-2.139822	1.297357	3.442686	2.816465	0.349706	-0.588200
32.552000	12826734.000000	-2.140676	1.291779	3.462528	2.851501	0.382282	-0.801474
32.602000	12826740.000000	-2.140212	1.278554	3.489039	2.677330	4.345375	-0.745436
32.652000	12826746.000000	-2.141079	1.274806	3.502835	2.598077	7.447631	-0.888866
32.702000	12826752.000000	-2.144868	1.289549	3.511662	2.381505	2.152725	-1.619833
32.752000	12826758.000000	-2.145516	1.294066	3.526459	2.394105	-2.712238	-1.491442
32.802000	12826764.000000	-2.145159	1.284077	3.547050	2.932760	4.834094	-0.976407
32.852000	12826770.000000	-2.146215	1.280699	3.566135	2.915926	4.705132	-1.205219
32.902000	12826776.000000	-2.147249	1.285502	3.581278	2.707541	3.569579	-1.416972
32.952000	12826782.000000	-2.148645	1.288499	3.597329	2.676825	1.202860	-1.680972
33.002000	12826788.000000	-2.148684	1.285375	3.616179	2.905769	3.520941	-1.437556
33.052000	12826794.000000	-2.148286	1.282565	3.634467	3.009167	4.288758	-1.337940
33.102000	12826800.000000	-2.148918	1.284951	3.651182	2.914232	3.051020	-1.607466
33.152000	12826806.000000	-2.149398	1.286546	3.667334	2.857158	2.995250	-1.811577
33.202000	12826812.000000	-2.148819	1.285380	3.685707	2.729843	2.778781	-1.666852
33.252000	12826818.000000	-2.148479	1.283159	3.703645	2.901181	4.227067	-1.568403
33.302000	12826824.000000	-2.148585	1.284770	3.721042	2.817619	2.983450	-1.809915
33.352000	12826830.000000	-2.148424	1.285094	3.738232	2.960884	3.477100	-1.554283
33.402000	12826836.000000	-2.148024	1.283924	3.756023	2.930034	3.297856	-1.593941
33.452000	12826842.000000	-2.147418	1.284254	3.773821	2.874794	3.790768	-1.673660
33.502000	12826848.000000	-2.148666	1.285173	3.792201	3.096105	3.004932	-1.857617
33.552000	12826854.000000	-2.148435	1.283901	3.810646	3.108462	3.832795	-1.701479
33.602000	12826860.000000	-2.149556	1.284378	3.828892	3.148500	3.178849	-1.650627
33.652000	12826866.000000	-2.149120	1.284721	3.846808	3.086670	3.449829	-1.652150
33.702000	12826872.000000	-2.149900	1.284649	3.864659	3.139650	3.480506	-1.854922
33.752000	12826878.000000	-2.149966	1.284074	3.881671	3.002921	3.463652	-1.989770
33.802000	12826884.000000	-2.150096	1.284405	3.898319	2.815940	3.598263	-2.045695
33.852000	12826890.000000	-2.149920	1.284251	3.913888	3.094368	3.760816	-1.925906
33.902000	12826896.000000	-2.149510	1.285197	3.929327	2.975162	3.111464	-1.924605
33.952000	12826902.000000	-2.149151	1.284602	3.944257	3.137951	3.950849	-1.786021
34.002000	12826908.000000	-2.148735	1.285049	3.959947	3.039850	2.825785	-1.934706
34.052000	12826914.000000	-2.148739	1.284330	3.975612	2.748375	3.810553	-2.103153
34.102000	12826920.000000	-2.149298	1.282233	3.992307	2.864489	2.971675	-2.105521
34.152000	12826926.000000	-2.149359	1.279596	4.003358	3.236340	5.699412	-2.045009
34.202000	12826932.000000	-2.148346	1.288020	4.008408	2.761013	3.743788	-2.077130
34.252000	12826938.000000	-2.150445	1.297315	4.020912	2.596405	-1.784955	-2.694121
34.302000	12826945.000000	-2.151059	1.286010	4.043744	2.486988	2.765880	-2.569686
34.352000	12826950.000000	-2.150255	1.280225	4.057351	2.691545	6.169783	-1.908511
34.402000	12826956.000000	-2.151067	1.286212	4.068094	2.786483	3.514030	-1.982799
34.452000	12826962.000000	-2.152028	1.291229	4.078436	2.833344	1.647205	-2.258101
34.502000	12826968.000000	-2.152119	1.288173	4.093395	2.787563	2.391087	-2.384851
34.552000	12826974.000000	-2.151980	1.283421	4.107921	2.743292	4.540718	-2.189774
34.602000	12826980.000000	-2.152385	1.285351	4.119352	2.782618	3.619311	-2.180974
34.652000	12826986.000000	-2.153210	1.288315	4.128891	2.879601	2.776978	-2.319985
34.702000	12826992.000000	-2.153424	1.287833	4.140382	2.749609	2.404633	-2.266382
34.752000	12826998.000000	-2.153263	1.284856	4.152276	2.964318	3.892473	-2.278429
34.802000	12827004.000000	-2.153807	1.285353	4.162341	2.965222	3.812845	-2.423094
34.852000	12827010.000000	-2.153345	1.287558	4.171320	3.196376	2.933293	-2.347937
34.902000	12827016.000000	-2.153143	1.287151	4.180564	3.197062	3.232169	-2.235057
34.952000	12827022.000000	-2.153482	1.285585	4.188950	3.091586	3.922136	-2.308358
35.002000	12827028.000000	-2.153866	1.286121	4.195280	2.965194	3.321664	-2.467706
35.052000	12827034.000000	-2.154043	1.287147	4.199546	2.947572	3.022596	-2.448307
35.102000	12827040.000000	-2.153831	1.286919	4.203039	2.902461	3.098822	-2.423694
35.152000	12827046.000000	-2.153640	1.286043	4.205425	2.976738	3.311899	-2.368890
35.202000	12827052.000000	-2.153396	1.285989	4.205509	3.008183	3.467849	-2.364423
35.252000	12827058.000000	-2.153297	1.287010	4.204088	2.858199	2.909397	-2.388468
35.302000	12827064.000000	-2.153305	1.286909	4.201918	3.165679	3.230824	-2.356025
35.352000	12827070.000000	-2.153455	1.286377	4.199382	2.952835	3.269597	-2.409687
35.402000	12827076.000000	-2.153331	1.286347	4.195765	3.041958	3.343832	-2.377855
35.452000	12827082.000000	-2.152769	1.286703	4.191108	2.905321	3.221847	-2.264793
35.502000	12827088.000000	-2.152376	1.286809	4.185837	3.035860	3.053105	-2.191155
35.552000	12827094.000000	-2.151612	1.286248	4.179718	3.000829	3.151187	-2.125427
35.602000	12827100.000000	-2.151487	1.286024	4.172837	2.957522	3.116515	-2.164698
35.653000	12827106.000000	-2.151794	1.286143	4.164536	2.870305	3.266845	-2.151001
35.702000	12827112.000000	-2.152825	1.286631	4.156045	2.845095	2.946606	-2.232627
35.752000	12827118.000000	-2.152770	1.286271	4.147521	2.813301	3.099227	-2.084208
35.802000	12827124.000000	-2.153554	1.286162	4.138965	2.868572	3.195460	-2.218101
35.852000	12827130.000000	-2.153419	1.286095	4.129747	2.970617	3.529651	-2.220720
35.902000	12827136.000000	-2.152964	1.286570	4.120276	2.986936	3.180075	-2.195446
35.952000	12827142.000000	-2.152899	1.287101	4.110853	2.808026	3.295727	-2.205738
36.002000	12827148.000000	-2.152725	1.286493	4.101429	2.657269	3.471683	-2.270103
36.052000	12827154.000000	-2.152758	1.286921	4.092068	2.812293	3.238814	-2.248495
36.102000	12827160.000000	-2.152809	1.286988	4.082377	2.885186	3.336255	-2.212921
36.152000	12827166.000000	-2.153167	1.286855	4.072561	2.626749	3.210705	-2.343297
36.202000	12827172.000000	-2.153469	1.286962	4.062456	2.572132	3.242623	-2.350428
36.252000	12827178.000000	-2.152927	1.286572	4.051729	2.903878	3.336860	-2.163567
36.302000	12827184.000000	-2.152667	1.286667	4.040193	3.150491	3.433491	-1.993345
36.352000	12827190.000000	-2.152753	1.287085	4.027962	2.978037	3.436454	-2.210198
36.402000	12827196.000000	-2.152508	1.287329	4.015553	2.538172	3.073095	-2.349017
36.452000	12827202.000000	-2.152064	1.287076	4.003337	2.818855	3.390705	-2.105218
36.502000	12827208.000000	-2.154142	1.287111	3.992659	3.349714	3.679084	-2.117737
36.552000	12827214.000000	-2.152557	1.286909	3.990713	3.367141	0.274080	-1.700043
36.602000	12827220.000000	-2.152205	1.275887	3.986904	3.049193	5.810019	-1.820333
36.652000	12827226.000000	-2.154441	1.276776	3.973019	2.847789	6.146863	-2.552049
36.702000	12827232.000000	-2.156168	1.287605	3.953427	2.899047	2.590704	-2.313621
36.752000	12827238.000000	-2.158137	1.290303	3.938924	2.987913	1.114380	-2.236744
36.802000	12827244.000000	-2.159947	1.283008	3.928091	3.129271	4.473488	-2.246820
36.852000	12827250.000000	-2.163196	1.282026	3.914992	2.978921	4.787435	-2.678070
36.902000	12827256.000000	-2.165835	1.286032	3.898272	2.953214	3.621407	-2.893893
36.952000	12827262.000000	-2.168075	1.289346	3.882908	2.837423	2.219038	-2.989042
37.002000	12827268.000000	-2.169208	1.287265	3.870351	2.764408	3.612887	-3.051219
37.052000	12827274.000000	-2.171174	1.285728	3.858583	2.911910	3.960444	-3.226788
37.102000	12827280.000000	-2.172090	1.287474	3.845482	3.031163	3.556284	-3.288614
37.152000	12827286.000000	-2.172757	1.289887	3.832718	2.967569	2.706182	-3.128455
37.202000	12827292.000000	-2.173254	1.288453	3.822173	2.908172	3.139195	-3.279604
37.252000	12827298.000000	-2.172578	1.286560	3.811663	2.818915	3.768531	-3.186275
37.302000	12827304.000000	-2.172408	1.287205	3.798827	2.725981	3.579604	-3.244315
37.352000	12827310.000000	-2.171764	1.288249	3.784736	2.745579	3.131546	-3.233520
37.402000	12827316.000000	-2.171628	1.288123	3.770950	2.651689	2.791465	-3.422424
37.452000	12827322.000000	-2.170224	1.286710	3.757055	3.045133	3.866570	-3.146991
37.502000	12827328.000000	-2.167414	1.286957	3.742219	2.743289	3.683282	-3.010671
37.552000	12827334.000000	-2.166296	1.288107	3.727463	2.564410	2.575738	-3.266422
37.602000	12827340.000000	-2.164644	1.286659	3.712008	2.770526	3.983463	-3.102597
37.652000	12827346.000000	-2.162987	1.287142	3.696009	2.539823	3.109318	-2.873976
37.702000	12827352.000000	-2.161026	1.287317	3.679015	2.750216	3.568887	-2.691469
37.752000	12827358.000000	-2.159089	1.287998	3.662217	2.671969	3.282270	-2.671228
37.802000	12827364.000000	-2.157645	1.287365	3.645904	2.450183	3.430599	-2.748883
37.852000	12827370.000000	-2.155599	1.286661	3.629227	2.540463	3.722411	-2.501720
37.902000	12827376.000000	-2.153216	1.287487	3.611885	2.704806	3.548954	-2.129663
37.952000	12827382.000000	-2.152328	1.287359	3.594597	2.638913	3.454629	-2.140172
38.002000	12827388.000000	-2.152007	1.287117	3.577317	2.556110	3.547294	-2.194965
38.052000	12827394.000000	-2.151092	1.288160	3.560472	2.781214	3.286125	-2.200669
38.102000	12827400.000000	-2.150045	1.288099	3.544844	2.515307	3.255832	-2.143930
38.152000	12827406.000000	-2.149891	1.287363	3.530220	2.725581	3.304946	-2.249811
38.202000	12827412.000000	-2.149729	1.286438	3.514256	2.711869	4.216105	-2.144235
38.252000	12827418.000000	-2.150515	1.288047	3.497484	2.729586	3.199210	-2.117851
38.302000	12827424.000000	-2.151432	1.289047	3.480725	2.779890	3.012950	-1.975252
38.352000	12827430.000000	-2.154337	1.288655	3.465139	2.606993	2.883555	-2.341937
38.402000	12827436.000000	-2.158540	1.287078	3.448928	2.457796	4.039127	-2.761817
38.452000	12827442.000000	-2.161912	1.288093	3.431255	2.318741	3.539866	-3.055253
38.502000	12827448.000000	-2.167597	1.289806	3.413758	2.466755	2.770219	-3.209267
38.552000	12827454.000000	-2.171417	1.288426	3.396597	2.594863	3.457488	-3.155675
38.602000	12827460.000000	-2.175716	1.288025	3.379403	2.794590	3.204791	-3.235197
38.652000	12827466.000000	-2.173742	1.289466	3.359656	2.588664	4.615980	-2.937506
38.702000	12827472.000000	-2.180521	1.300044	3.337361	2.360600	2.366321	-4.174703
38.752000	12827478.000000	-2.182912	1.302603	3.323540	2.306972	-3.223761	-4.513844
38.802000	12827484.000000	-2.181904	1.288501	3.313948	2.995773	4.416428	-3.385498
38.852000	12827490.000000	-2.182963	1.285555	3.296432	3.073303	6.386505	-3.360187
38.902000	12827496.000000	-2.184706	1.295833	3.274504	2.741157	1.755853	-4.073119
38.952000	12827502.000000	-2.183778	1.297681	3.256410	2.481213	1.006003	-4.081882
39.002000	12827508.000000	-2.181017	1.290654	3.241942	2.511276	3.515316	-3.656109
39.052000	12827514.000000	-2.180079	1.288122	3.224993	2.490686	4.287832	-3.653741
39.102000	12827520.000000	-2.178673	1.291995	3.203154	2.547958	3.546834	-3.676506
39.152000	12827526.000000	-2.176840	1.296336	3.182547	2.512461	1.302236	-3.548675
39.202000	12827532.000000	-2.173368	1.293295	3.165414	2.513338	2.863234	-3.363187
39.252000	12827538.000000	-2.170881	1.289531	3.148770	2.287679	3.759983	-3.373688
39.302000	12827544.000000	-2.168561	1.291802	3.128645	2.415460	3.680885	-3.246758
39.352000	12827550.000000	-2.166013	1.295627	3.108412	2.610204	2.199041	-3.096667
39.402000	12827556.000000	-2.164889	1.295909	3.089985	2.404498	2.905336	-3.072126
39.452000	12827562.000000	-2.162800	1.294447	3.074932	2.601501	2.549540	-2.941272
39.502000	12827568.000000	-2.161614	1.292492	3.059769	2.669726	3.866896	-2.861201
39.552000	12827574.000000	-2.159219	1.294260	3.043037	2.368893	3.213194	-2.717335
39.602000	12827580.000000	-2.157817	1.295866	3.026964	2.181883	2.278384	-2.717523
39.652000	12827586.000000	-2.155058	1.294309	3.012659	2.580425	3.266705	-2.484067
39.702000	12827592.000000	-2.152375	1.292978	2.998258	2.333984	3.245467	-2.380369
39.752000	12827598.000000	-2.150312	1.293955	2.983203	2.086124	3.093771	-2.341475
39.802000	12827604.000000	-2.148647	1.295148	2.968151	2.453757	2.918390	-2.257144
39.852000	12827610.000000	-2.146590	1.294913	2.954804	2.098944	2.795942	-2.075954
39.902000	12827616.000000	-2.145602	1.293470	2.941821	2.107717	3.158764	-2.056382
39.952000	12827622.000000	-2.144994	1.293915	2.927890	2.503517	3.455746	-1.901484
40.002000	12827628.000000	-2.143987	1.294838	2.913429	2.669924	3.148237	-1.845387
40.052000	12827634.000000	-2.143115	1.294916	2.899798	2.278332	2.735650	-1.679607
40.102000	12827640.000000	-2.142939	1.293695	2.886296	2.377841	3.285145	-1.622751
40.152000	12827646.000000	-2.141412	1.294288	2.871932	2.668544	3.430908	-1.439558
40.202000	12827652.000000	-2.140037	1.294799	2.857496	2.294744	2.395966	-1.558297
40.252000	12827658.000000	-2.138946	1.293494	2.842760	2.437415	3.456958	-1.298555
40.302000	12827664.000000	-2.138279	1.293541	2.827645	2.523727	3.076708	-1.316766
40.352000	12827670.000000	-2.138020	1.293905	2.811339	2.490099	3.534231	-1.179660
40.402000	12827676.000000	-2.137445	1.294724	2.794982	2.394662	2.177346	-1.202794
40.452000	12827682.000000	-2.136274	1.294230	2.778951	2.626340	2.970841	-1.036903
40.502000	12827688.000000	-2.134448	1.294021	2.763181	2.361229	2.937397	-0.993627
40.552000	12827694.000000	-2.133081	1.294077	2.746547	2.417324	3.363020	-0.934970
40.602000	12827700.000000	-2.132631	1.294549	2.729863	2.557502	2.519897	-0.831476
40.652000	12827706.000000	-2.131504	1.294467	2.712878	2.479924	2.856468	-0.799381
40.702000	12827712.000000	-2.131094	1.294632	2.695753	2.364917	2.574638	-0.890039
40.752000	12827718.000000	-2.132695	1.294721	2.678381	2.355660	3.022218	-1.045548
40.802000	12827724.000000	-2.132365	1.294935	2.661522	2.476304	2.662462	-0.854393
40.852000	12827730.000000	-2.134418	1.294208	2.644640	2.514662	2.886078	-0.891416
40.902000	12827736.000000	-2.135491	1.294231	2.626687	2.271939	3.280261	-0.975763
40.952000	12827742.000000	-2.137022	1.295806	2.609132	2.352242	2.094580	-1.137715
41.002000	12827748.000000	-2.138385	1.294933	2.591804	2.186772	3.082406	-1.193915
41.052000	12827754.000000	-2.140551	1.295289	2.575467	2.270059	2.558078	-1.253459
41.102000	12827760.000000	-2.143492	1.294861	2.559117	2.491199	3.154799	-1.222764
41.152000	12827766.000000	-2.146736	1.295297	2.543019	2.522002	2.542580	-1.347628
41.202000	12827772.000000	-2.150393	1.294947	2.526613	2.465627	2.734811	-1.580213
41.252000	12827778.000000	-2.153582	1.295279	2.510135	2.565019	2.730681	-1.623657
41.302000	12827784.000000	-2.158708	1.295106	2.493690	2.518034	2.846601	-1.823681
41.352000	12827790.000000	-2.163422	1.295860	2.477703	2.431635	2.688372	-2.044545
41.402000	12827796.000000	-2.166983	1.294915	2.461496	2.713620	3.106945	-2.101266
41.452000	12827802.000000	-2.170751	1.294811	2.445819	2.820774	2.695180	-2.342854
41.502000	12827808.000000	-2.174842	1.294122	2.429122	2.695183	3.282370	-2.494570
41.552000	12827814.000000	-2.178024	1.295185	2.411445	2.920689	3.023724	-2.631405
41.602000	12827820.000000	-2.180393	1.295982	2.393725	2.707871	2.252702	-2.803328
41.652000	12827826.000000	-2.183122	1.295399	2.376279	2.639083	2.948506	-2.976228
41.702000	12827832.000000	-2.184749	1.295481	2.358788	2.740980	2.952935	-3.026355
41.752000	12827838.000000	-2.186089	1.296306	2.342088	2.573533	2.306881	-3.089853
41.802000	12827844.000000	-2.187625	1.295988	2.325562	2.739965	2.722944	-3.223571
41.852000	12827850.000000	-2.187677	1.296042	2.309385	2.464004	2.328959	-3.289663
41.902000	12827856.000000	-2.187563	1.295927	2.293567	2.562883	2.507153	-3.284324
41.952000	12827862.000000	-2.185262	1.295639	2.276927	2.580709	2.914878	-2.972507
42.002000	12827868.000000	-2.185210	1.296365	2.260916	2.519870	2.117074	-3.165817
42.052000	12827874.000000	-2.184545	1.295566	2.244470	2.396042	3.429649	-3.067762
42.102000	12827880.000000	-2.181955	1.296147	2.228181	2.553753	2.422800	-2.916615
42.152000	12827887.000000	-2.178697	1.295501	2.208918	2.346029	3.022229	-2.717404
42.202000	12827892.000000	-2.176469	1.295964	2.195366	2.574216	2.388388	-2.696595
42.252000	12827898.000000	-2.175052	1.295816	2.178724	2.262283	2.807461	-2.658158
42.302000	12827904.000000	-2.174215	1.296352	2.162410	2.349574	2.512603	-2.512656
42.352000	12827910.000000	-2.174294	1.296205	2.146481	2.520780	2.985996	-2.477108
42.402000	12827916.000000	-2.173506	1.295750	2.130620	2.584429	3.173188	-2.357173
42.452000	12827922.000000	-2.173529	1.295950	2.114796	2.546386	2.780332	-2.345576
42.502000	12827928.000000	-2.173952	1.296006	2.098803	2.536403	3.023614	-2.316052
42.552000	12827934.000000	-2.173116	1.295645	2.082918	2.623179	3.045273	-2.204228
42.602000	12827940.000000	-2.171124	1.295177	2.066351	2.298872	2.844044	-2.155984
42.652000	12827946.000000	-2.170991	1.296323	2.048929	2.341474	3.194131	-2.212547
42.702000	12827952.000000	-2.171512	1.297515	2.032415	2.550069	2.363137	-2.230179
42.752000	12827958.000000	-2.171876	1.297262	2.017683	2.596983	2.536403	-2.035992
42.802000	12827964.000000	-2.172004	1.296186	2.003784	2.873645	3.763053	-1.906393
42.852000	12827970.000000	-2.170109	1.297798	1.995224	2.383391	1.124991	-2.118676
42.902000	12827976.000000	-2.169623	1.291289	1.985653	2.417248	3.785362	-2.363467
42.952000	12827982.000000	-2.168147	1.290145	1.965251	2.275146	5.350887	-2.012833
43.002000	12827988.000000	-2.172028	1.301836	1.936988	2.266515	3.396577	-2.542293
43.052000	12827994.000000	-2.172024	1.311508	1.919989	2.658893	-5.373131	-2.431778
43.102000	12828000.000000	-2.169947	1.298885	1.909232	2.393137	0.844398	-1.630214
43.152000	12828006.000000	-2.170823	1.292090	1.894140	2.584236	6.004696	-1.868289
43.202000	12828012.000000	-2.171026	1.298342	1.874097	2.426091	2.835076	-2.111429
43.252000	12828018.000000	-2.171468	1.301884	1.853591	2.636583	1.771766	-1.974782
43.302000	12828024.000000	-2.171952	1.298652	1.836465	2.553010	2.220162	-2.010107
43.352000	12828030.000000	-2.170085	1.295350	1.818763	2.506843	3.866219	-1.772156
43.402000	12828036.000000	-2.170394	1.297290	1.797818	2.502898	3.466449	-1.804368
43.452000	12828042.000000	-2.172761	1.300816	1.777500	2.448948	1.398317	-2.201972
43.502000	12828048.000000	-2.173835	1.298798	1.760377	2.466255	2.469702	-2.091382
43.552000	12828054.000000	-2.174625	1.295060	1.743629	2.626068	3.700371	-1.953033
43.602000	12828060.000000	-2.176997	1.296540	1.724622	2.610335	3.111950	-2.096361
43.652000	12828066.000000	-2.179202	1.298580	1.703962	2.657749	2.423201	-2.206125
43.702000	12828072.000000	-2.180859	1.298068	1.685209	2.639669	2.384229	-2.327631
43.752000	12828078.000000	-2.182882	1.295109	1.666646	2.366918	3.192323	-2.560765
43.802000	12828084.000000	-2.186295	1.296106	1.646287	2.528575	3.336473	-2.635552
43.852000	12828090.000000	-2.188707	1.299027	1.625446	2.832151	2.245821	-2.466604
43.902000	12828096.000000	-2.191341	1.298252	1.606227	2.842443	2.587488	-2.656202
43.952000	12828102.000000	-2.194939	1.297045	1.588483	2.588108	2.805465	-2.961829
44.002000	12828108.000000	-2.197115	1.296258	1.569581	2.571075	3.827369	-3.117633
44.052000	12828114.000000	-2.201140	1.298674	1.550592	2.565730	2.240439	-3.517247
44.102000	12828120.000000	-2.202983	1.298860	1.532582	2.522757	2.819230	-3.367481
44.152000	12828126.000000	-2.205455	1.298104	1.516201	2.480955	2.772399	-3.511558
44.202000	12828132.000000	-2.207531	1.297776	1.500057	2.347646	2.957220	-3.826896
44.252000	12828138.000000	-2.210750	1.297830	1.483319	2.308769	3.125671	-4.078160
44.302000	12828144.000000	-2.212718	1.298205	1.466356	2.509298	2.790120	-4.045849
44.352000	12828150.000000	-2.213525	1.298145	1.449243	2.678759	2.774894	-3.847787
44.402000	12828156.000000	-2.212333	1.296874	1.433175	2.152796	2.397311	-4.007132
44.452000	12828162.000000	-2.214236	1.295184	1.414994	1.933329	4.297922	-4.609107
44.502000	12828168.000000	-2.214249	1.297512	1.396265	2.152093	2.028490	-4.461767
44.552000	12828174.000000	-2.210987	1.298525	1.377415	2.148619	3.073195	-4.107352
44.602000	12828180.000000	-2.214718	1.302135	1.356315	2.292513	3.284940	-4.511024
44.652000	12828186.000000	-2.213127	1.303625	1.340916	2.680954	-2.522621	-3.903435
44.702000	12828192.000000	-2.205826	1.290543	1.334562	2.777198	2.488352	-2.628302
44.752000	12828198.000000	-2.205534	1.280194	1.314998	1.292553	8.434161	-4.112841
44.802000	12828204.000000	-2.205009	1.292563	1.287503	1.042680	4.508639	-4.917596
44.852000	12828210.000000	-2.198402	1.303476	1.263793	2.223110	-4.041243	-3.593381
44.902000	12828216.000000	-2.193048	1.296424	1.245920	2.584592	2.296714	-2.828372
44.952000	12828222.000000	-2.190517	1.289866	1.228739	2.422127	3.777491	-3.226792
45.002000	12828228.000000	-2.185630	1.291914	1.206324	2.668927	4.504820	-2.722652
45.052000	12828234.000000	-2.180340	1.297809	1.181772	2.774029	1.323302	-2.201175
45.102000	12828240.000000	-2.175828	1.297904	1.160346	2.701575	1.442838	-2.246025
45.152000	12828246.000000	-2.170140	1.293303	1.140327	2.185425	3.633608	-2.147331
45.202000	12828252.000000	-2.165578	1.293326	1.118948	2.156810	3.132164	-1.991355
45.252000	12828258.000000	-2.160493	1.296192	1.094829	2.266948	3.141435	-1.340836
45.302000	12828264.000000	-2.155524	1.297362	1.071753	2.279890	1.764551	-1.105782
45.352000	12828270.000000	-2.151783	1.295994	1.050392	2.013789	2.866658	-1.209751
45.402000	12828276.000000	-2.149576	1.295517	1.029676	1.931880	3.051453	-1.049698
45.452000	12828282.000000	-2.146794	1.296520	1.008663	2.434392	2.559616	-0.547989
45.502000	12828288.000000	-2.145468	1.297729	0.988728	2.388143	1.975034	-0.341175
45.552000	12828294.000000	-2.145875	1.296504	0.970038	2.116078	2.620505	-0.623040
45.602000	12828300.000000	-2.147844	1.296430	0.952139	2.212146	2.712817	-0.665429
45.653000	12828306.000000	-2.149438	1.296631	0.933640	2.610697	2.855796	-0.306275
45.702000	12828312.000000	-2.151721	1.297448	0.916198	2.565317	1.916844	-0.216602
45.752000	12828318.000000	-2.155979	1.296520	0.899156	2.519738	2.484282	-0.584466
45.802000	12828324.000000	-2.160373	1.297244	0.882351	2.426300	2.621802	-0.893320
45.852000	12828330.000000	-2.165479	1.297076	0.865151	2.465663	2.896209	-1.116822
45.902000	12828336.000000	-2.170569	1.297990	0.848304	2.351064	2.119871	-1.319517
45.952000	12828342.000000	-2.175780	1.297511	0.830617	2.677247	2.883084	-1.352901
46.002000	12828348.000000	-2.180484	1.298370	0.812672	2.511245	2.225294	-1.547902
46.052000	12828354.000000	-2.186399	1.298417	0.794577	2.348262	2.153111	-2.101975
46.102000	12828360.000000	-2.190793	1.297914	0.776825	2.768868	2.438856	-2.110638
46.152000	12828366.000000	-2.194483	1.297636	0.757321	2.770931	3.103719	-2.031519
46.202000	12828372.000000	-2.198881	1.298932	0.737957	2.503591	1.401423	-2.527144
46.252000	12828378.000000	-2.204336	1.298199	0.717923	2.172287	2.663327	-3.151756
46.302000	12828384.000000	-2.209453	1.298273	0.697830	2.389397	2.272305	-3.470744
46.352000	12828390.000000	-2.213272	1.299242	0.676839	2.482370	2.480413	-3.244726
46.402000	12828396.000000	-2.213942	1.300603	0.656359	2.351571	1.659239	-3.237578
46.452000	12828402.000000	-2.220536	1.297980	0.635953	2.281871	3.030067	-4.129429
46.502000	12828408.000000	-2.224152	1.298015	0.615022	2.116167	2.784690	-4.162777
46.552000	12828414.000000	-2.227360	1.298926	0.592838	2.614346	2.818337	-3.851235
46.602000	12828420.000000	-2.231421	1.299353	0.570890	2.149223	2.211334	-4.353569
46.652000	12828426.000000	-2.236309	1.298195	0.548681	2.220441	2.481847	-4.809282
46.702000	12828432.000000	-2.237476	1.298043	0.525798	2.338363	3.310580	-4.678670
46.752000	12828438.000000	-2.240108	1.299607	0.502167	2.389293	2.278283	-4.765112
46.802000	12828444.000000	-2.240706	1.301049	0.479779	2.562329	2.107815	-4.712460
46.852000	12828450.000000	-2.241747	1.299642	0.458607	2.716026	2.697508	-4.714789
46.902000	12828456.000000	-2.241383	1.299274	0.438085	2.622966	2.444527	-4.860980
46.952000	12828462.000000	-2.242118	1.300035	0.417636	2.489185	2.069900	-5.031648
47.002000	12828468.000000	-2.240182	1.300045	0.397092	2.637319	2.856042	-4.742571
47.052000	12828474.000000	-2.240758	1.300279	0.376714	2.689075	2.329800	-4.988116
47.102000	12828480.000000	-2.240728	1.299103	0.355872	2.376380	2.828425	-5.036010
47.152000	12828486.000000	-2.239747	1.299688	0.335219	2.476322	2.434383	-4.901705
47.202000	12828492.000000	-2.239943	1.300159	0.314163	2.477557	2.849198	-5.029728
47.252000	12828498.000000	-2.240174	1.299611	0.292699	2.531397	2.997486	-5.078680
47.302000	12828504.000000	-2.238849	1.299910	0.271143	2.796099	2.612960	-4.909969
47.352000	12828510.000000	-2.239825	1.299738	0.248551	2.623741	3.123057	-5.005134
47.402000	12828516.000000	-2.240812	1.300824	0.226409	2.434398	2.423949	-5.234968
47.452000	12828522.000000	-2.243895	1.300423	0.205580	2.062788	2.464609	-5.617559
47.502000	12828528.000000	-2.245727	1.298343	0.184221	1.984164	3.810347	-5.613724
47.552000	12828534.000000	-2.248048	1.299726	0.161866	2.016364	2.776085	-5.617230
47.602000	12828540.000000	-2.249503	1.300332	0.139294	2.339007	3.268102	-5.622783
47.652000	12828546.000000	-2.252559	1.299953	0.117228	2.155359	2.785473	-6.131766
47.702000	12828552.000000	-2.254679	1.299839	0.095350	2.235156	2.884150	-6.108145
47.752000	12828558.000000	-2.254622	1.300262	0.073434	2.539984	3.165249	-5.873603
47.802000	12828564.000000	-2.256480	1.300999	0.051844	2.421183	2.162391	-6.284781
47.852000	12828570.000000	-2.256170	1.300579	0.031271	2.762773	3.072672	-6.242899
47.902000	12828576.000000	-2.252546	1.300115	0.011554	2.993516	3.334045	-5.718853
47.952000	12828582.000000	-2.249903	1.299934	-0.007775	2.400726	2.605950	-5.932460
48.002000	12828588.000000	-2.246476	1.300689	-0.025981	2.251429	2.444523	-6.031806
48.052000	12828594.000000	-2.239992	1.299995	-0.043322	2.470075	3.460494	-5.565513
48.102000	12828600.000000	-2.234974	1.300207	-0.059387	2.380250	2.508467	-5.444943
48.152000	12828606.000000	-2.229790	1.299623	-0.075943	2.393618	3.324168	-5.115469
48.202000	12828612.000000	-2.223568	1.299649	-0.092561	2.336495	2.909517	-4.698371
48.252000	12828618.000000	-2.219611	1.299751	-0.109113	2.260720	2.842150	-4.763901
48.302000	12828624.000000	-2.216840	1.299250	-0.126232	2.227520	3.336782	-4.760440
48.352000	12828630.000000	-2.214843	1.299491	-0.143097	2.579320	3.058691	-4.674419
48.402000	12828636.000000	-2.213049	1.299076	-0.159931	2.447475	3.487794	-4.277844
48.452000	12828642.000000	-2.212552	1.298838	-0.177175	2.508034	3.227541	-4.186777
48.502000	12828648.000000	-2.212991	1.298692	-0.194199	2.908644	3.405325	-4.390531
48.552000	12828654.000000	-2.214417	1.298200	-0.211805	2.581190	3.900810	-4.565705
48.602000	12828660.000000	-2.215296	1.298650	-0.229941	2.729390	3.393095	-4.437033
48.652000	12828666.000000	-2.216170	1.299717	-0.247220	2.903582	2.967335	-4.221099
48.702000	12828672.000000	-2.216897	1.298818	-0.264454	3.106592	3.642507	-4.383270
48.752000	12828678.000000	-2.219442	1.298432	-0.281869	2.708920	3.379877	-4.842159
48.802000	12828684.000000	-2.220630	1.298650	-0.300473	2.678586	3.566175	-4.901854
48.852000	12828690.000000	-2.222616	1.299805	-0.319380	2.623624	3.056298	-4.934032
48.902000	12828696.000000	-2.223948	1.299189	-0.338618	2.787423	3.783922	-4.922033
48.952000	12828702.000000	-2.225027	1.299061	-0.357706	2.768063	3.186416	-5.020354
49.002000	12828708.000000	-2.226635	1.299319	-0.377016	2.468212	3.359218	-5.399041
49.052000	12828714.000000	-2.228810	1.299348	-0.396121	2.353221	3.200758	-5.776845
49.102000	12828720.000000	-2.229024	1.299147	-0.414939	2.363508	3.501125	-5.745710
49.152000	12828726.000000	-2.229068	1.299458	-0.434016	2.369192	3.658476	-5.782602
49.202000	12828732.000000	-2.230662	1.300282	-0.452683	2.335164	3.265869	-6.017687
49.252000	12828738.000000	-2.230888	1.300031	-0.470397	2.445245	3.501103	-5.810121
49.302000	12828744.000000	-2.230619	1.300087	-0.487363	2.567096	3.299278	-5.611536
49.352000	12828750.000000	-2.232163	1.299549	-0.505021	2.644387	3.863812	-5.995543
49.402000	12828756.000000	-2.233783	1.300438	-0.522394	2.499060	3.245416	-6.107374
49.452000	12828762.000000	-2.233645	1.299957	-0.539655	2.742732	3.448031	-5.754247
49.502000	12828768.000000	-2.236024	1.300004	-0.556728	2.665262	3.240046	-6.030690
49.552000	12828774.000000	-2.239036	1.299476	-0.574557	2.563431	3.949017	-6.419160
49.602000	12828780.000000	-2.240513	1.300278	-0.592455	2.770586	3.517482	-6.329355
49.652000	12828786.000000	-2.242093	1.300823	-0.609973	2.905258	3.165773	-6.314463
49.702000	12828792.000000	-2.243867	1.300785	-0.627644	2.874296	3.681148	-6.516303
49.752000	12828798.000000	-2.245224	1.301628	-0.644518	2.616304	3.223931	-6.906232
49.802000	12828804.000000	-2.247002	1.301220	-0.660938	2.516726	3.327688	-7.148094
49.852000	12828810.000000	-2.247968	1.301467	-0.677206	2.443441	3.626531	-7.078885
49.902000	12828816.000000	-2.248002	1.301847	-0.693323	2.688401	3.497272	-6.992021
49.952000	12828822.000000	-2.248309	1.302362	-0.709137	2.801632	3.305346	-7.137518
50.002000	12828828.000000	-2.246798	1.302480	-0.725251	2.701070	3.693584	-7.087293
50.052000	12828834.000000	-2.246300	1.302782	-0.740514	2.673557	2.825182	-7.212406
50.102000	12828840.000000	-2.245338	1.301437	-0.757098	2.678486	4.166842	-7.287419
50.152000	12828846.000000	-2.242868	1.302024	-0.774562	2.646358	3.494029	-7.055398
50.202000	12828852.000000	-2.240132	1.302884	-0.792758	2.752182	3.481474	-6.988674
50.252000	12828858.000000	-2.238803	1.303723	-0.810590	2.379530	3.001676	-7.278842
50.302000	12828864.000000	-2.236444	1.303839	-0.827334	2.443696	3.025285	-7.180186
50.352000	12828870.000000	-2.233987	1.302290	-0.844298	2.626446	4.243173	-6.861040
50.402000	12828876.000000	-2.231250	1.303970	-0.862066	2.588188	3.199452	-6.776583
50.452000	12828882.000000	-2.227311	1.304483	-0.879675	2.441083	2.995707	-6.791724
50.502000	12828888.000000	-2.223802	1.303001	-0.897095	2.534746	4.084826	-6.669384
50.552000	12828894.000000	-2.220269	1.304026	-0.913905	2.480918	2.991730	-6.450575
50.602000	12828900.000000	-2.216513	1.304178	-0.930968	2.441771	3.693044	-6.223132
50.652000	12828906.000000	-2.214423	1.304293	-0.947663	2.289099	3.372449	-6.304601
50.702000	12828912.000000	-2.211839	1.304506	-0.963637	2.278513	3.196196	-6.238126
50.752000	12828918.000000	-2.208843	1.304495	-0.979411	2.366759	3.717564	-5.968479
50.802000	12828924.000000	-2.207215	1.306202	-0.993635	2.645547	2.999231	-5.889420
50.852000	12828930.000000	-2.205560	1.306565	-1.006049	2.787613	3.475387	-5.749011
50.902000	12828936.000000	-2.203030	1.307016	-1.015212	2.573786	2.754680	-5.724528
50.952000	12828942.000000	-2.201269	1.305738	-1.022774	2.608040	3.546566	-5.678215
51.002000	12828948.000000	-2.198845	1.305675	-1.029829	2.749322	3.820987	-5.434940
51.052000	12828954.000000	-2.196461	1.306852	-1.035597	2.581427	2.826835	-5.436678
51.102000	12828960.000000	-2.193793	1.306406	-1.039240	2.602505	3.050988	-5.343981
51.152000	12828966.000000	-2.191884	1.304895	-1.042032	2.572042	3.902461	-5.202120
51.202000	12828972.000000	-2.191420	1.305385	-1.045126	2.557443	3.354876	-5.300036
51.252000	12828978.000000	-2.190747	1.306632	-1.048013	2.486687	2.977090	-5.253696
51.302000	12828984.000000	-2.190063	1.306127	-1.049857	2.702753	3.354698	-5.154247
51.352000	12828990.000000	-2.189869	1.305480	-1.050851	2.589930	3.377555	-5.198945
51.402000	12828996.000000	-2.189725	1.305632	-1.052072	2.543499	3.545022	-5.184416
51.452000	12829002.000000	-2.189541	1.306361	-1.053142	2.527336	3.393423	-5.173817
51.502000	12829008.000000	-2.189429	1.306262	-1.053300	2.532296	3.324384	-5.149775
51.552000	12829014.000000	-2.189424	1.305557	-1.052967	2.553320	3.654353	-5.153920
51.602000	12829020.000000	-2.189508	1.305616	-1.052792	2.568262	3.613296	-5.168105
51.652000	12829026.000000	-2.189578	1.306113	-1.052759	2.530429	3.382802	-5.169902
51.702000	12829032.000000	-2.189619	1.305977	-1.052491	2.513888	3.432037	-5.167990
51.752000	12829038.000000	-2.189686	1.305664	-1.052056	2.537098	3.457448	-5.197954
51.802000	12829044.000000	-2.189720	1.305680	-1.051885	2.533689	3.413207	-5.194646
51.852000	12829050.000000	-2.189759	1.305958	-1.051873	2.532689	3.378086	-5.203335
51.902000	12829056.000000	-2.189806	1.305971	-1.051713	2.565922	3.358164	-5.218997
51.952000	12829062.000000	-2.189814	1.305686	-1.051505	2.586592	3.443764	-5.208410
52.002000	12829068.000000	-2.189815	1.305733	-1.051453	2.551747	3.395169	-5.227416
52.052000	12829074.000000	-2.189861	1.305926	-1.051512	2.541095	3.328200	-5.214981
52.102000	12829080.000000	-2.189840	1.305910	-1.051515	2.548215	3.363206	-5.215734
52.152000	12829086.000000	-2.189865	1.305771	-1.051425	2.571254	3.394161	-5.222484
52.202000	12829092.000000	-2.189865	1.305782	-1.051438	2.518353	3.403065	-5.224022
52.252000	12829098.000000	-2.189815	1.305885	-1.051476	2.571201	3.358424	-5.207850
52.302000	12829104.000000	-2.189872	1.305859	-1.051462	2.571219	3.358621	-5.219920
52.352000	12829110.000000	-2.189868	1.305842	-1.051379	2.553560	3.398550	-5.233328
52.402000	12829116.000000	-2.189854	1.305797	-1.051375	2.557968	3.420607	-5.217063
52.452000	12829122.000000	-2.189878	1.305847	-1.051389	2.552221	3.325796	-5.237226
52.502000	12829128.000000	-2.189871	1.305892	-1.051366	2.566587	3.360180	-5.238783
52.552000	12829134.000000	-2.189871	1.305779	-1.051335	2.604911	3.428271	-5.228135
52.602000	12829140.000000	-2.189870	1.305836	-1.051315	2.573680	3.399155	-5.222448
52.652000	12829146.000000	-2.189871	1.305834	-1.051321	2.567020	3.400595	-5.227324
52.702000	12829152.000000	-2.189879	1.305837	-1.051324	2.559161	3.365937	-5.228291
52.752000	12829158.000000	-2.189888	1.305824	-1.051296	2.577749	3.412663	-5.222820
52.802000	12829164.000000	-2.189879	1.305793	-1.051284	2.562490	3.410078	-5.229937
52.852000	12829170.000000	-2.189878	1.305838	-1.051271	2.554872	3.355450	-5.229282
52.902000	12829176.000000	-2.189875	1.305860	-1.051252	2.574685	3.365895	-5.227676
52.952000	12829182.000000	-2.189920	1.305792	-1.051242	2.587355	3.378756	-5.236163
53.002000	12829188.000000	-2.189903	1.305806	-1.051218	2.612256	3.351074	-5.243924
53.052000	12829194.000000	-2.189896	1.305791	-1.051209	2.580912	3.356443	-5.207272
53.102000	12829200.000000	-2.189925	1.305834	-1.051198	2.585352	3.296249	-5.231258
53.152000	12829207.000000	-2.189914	1.305787	-1.051191	2.554321	3.362602	-5.250078
53.202000	12829212.000000	-2.189915	1.305780	-1.051176	2.600173	3.391855	-5.231184
53.252000	12829218.000000	-2.189914	1.305847	-1.051158	2.568385	3.359159	-5.238290
53.302000	12829224.000000	-2.189915	1.305804	-1.051178	2.580069	3.378615	-5.222735
53.352000	12829230.000000	-2.189930	1.305818	-1.051152	2.600031	3.395527	-5.235343
53.402000	12829236.000000	-2.189917	1.305797	-1.051148	2.592249	3.398109	-5.242499
53.452000	12829242.000000	-2.189927	1.305807	-1.051141	2.554948	3.367760	-5.232708
53.502000	12829248.000000	-2.189934	1.305804	-1.051129	2.542053	3.305430	-5.235983
53.552000	12829254.000000	-2.189928	1.305800	-1.051122	2.589992	3.342531	-5.238045
53.602000	12829260.000000	-2.189934	1.305746	-1.051131	2.617249	3.388791	-5.242116
53.652000	12829266.000000	-2.189932	1.305821	-1.051122	2.587062	3.369519	-5.233599
53.702000	12829272.000000	-2.189939	1.305780	-1.051109	2.571704	3.332426	-5.233904
53.752000	12829278.000000	-2.189929	1.305802	-1.051096	2.607166	3.389806	-5.229103
53.802000	12829284.000000	-2.189937	1.305802	-1.051093	2.611965	3.350216	-5.228771
53.852000	12829290.000000	-2.189929	1.305804	-1.051090	2.614223	3.390141	-5.245487
53.902000	12829296.000000	-2.189936	1.305811	-1.051078	2.610801	3.401791	-5.237391
53.952000	12829302.000000	-2.189948	1.305782	-1.051070	2.594298	3.356283	-5.235948
54.002000	12829308.000000	-2.189934	1.305768	-1.051079	2.588772	3.354231	-5.227658
54.052000	12829314.000000	-2.189938	1.305784	-1.051050	2.572140	3.369949	-5.231700
54.102000	12829320.000000	-2.189934	1.305795	-1.051060	2.593975	3.347703	-5.237955
54.152000	12829326.000000	-2.189952	1.305767	-1.051047	2.574204	3.386875	-5.242447
54.202000	12829332.000000	-2.189950	1.305799	-1.051043	2.561218	3.392371	-5.238654
54.252000	12829338.000000	-2.189950	1.305782	-1.051037	2.566761	3.374373	-5.238057
54.302000	12829344.000000	-2.189953	1.305776	-1.051038	2.587532	3.381014	-5.240375
54.352000	12829350.000000	-2.189950	1.305781	-1.051037	2.584769	3.339030	-5.228568
54.402000	12829356.000000	-2.189957	1.305759	-1.051026	2.586302	3.389744	-5.225462
54.452000	12829362.000000	-2.189951	1.305776	-1.051032	2.582470	3.383949	-5.232636
54.502000	12829368.000000	-2.189954	1.305767	-1.051027	2.596082	3.372255	-5.246933
54.552000	12829374.000000	-2.189956	1.305785	-1.051015	2.558442	3.376715	-5.225228
54.602000	12829380.000000	-2.189970	1.305779	-1.051009	2.561951	3.302986	-5.235970
54.652000	12829386.000000	-2.189962	1.305780	-1.051003	2.563548	3.337482	-5.238436
54.702000	12829392.000000	-2.189960	1.305777	-1.051005	2.567086	3.351016	-5.241621
54.752000	12829398.000000	-2.189964	1.305787	-1.051001	2.613809	3.334065	-5.238985
54.802000	12829404.000000	-2.189960	1.305759	-1.051002	2.583607	3.332876	-5.246910
54.852000	12829410.000000	-2.189951	1.305778	-1.050990	2.568874	3.351283	-5.229373
54.902000	12829416.000000	-2.189961	1.305767	-1.051001	2.586903	3.334826	-5.232616
54.952000	12829422.000000	-2.189970	1.305773	-1.050985	2.547377	3.357692	-5.238543
55.002000	12829428.000000	-2.189961	1.305760	-1.050983	2.623858	3.351326	-5.225010
55.052000	12829434.000000	-2.189962	1.305766	-1.050990	2.584686	3.336291	-5.244568
55.102000	12829440.000000	-2.189969	1.305746	-1.050973	2.601035	3.354822	-5.233043
55.152000	12829446.000000	-2.189966	1.305763	-1.050970	2.601948	3.334402	-5.231246
55.202000	12829452.000000	-2.189967	1.305791	-1.050975	2.600624	3.380829	-5.222703
55.252000	12829458.000000	-2.189977	1.305767	-1.050973	2.546840	3.384668	-5.225747
55.302000	12829464.000000	-2.189971	1.305741	-1.050962	2.564365	3.333674	-5.236763
55.352000	12829470.000000	-2.189975	1.305776	-1.050962	2.562106	3.349202	-5.230471
55.402000	12829476.000000	-2.189970	1.305762	-1.050961	2.588032	3.299229	-5.233613
55.452000	12829482.000000	-2.189978	1.305771	-1.050960	2.567516	3.334535	-5.231310
55.502000	12829488.000000	-2.189987	1.305770	-1.050925	2.589104	3.346954	-5.235631
55.552000	12829494.000000	-2.189987	1.305774	-1.050910	2.599959	3.397888	-5.234921
55.602000	12829500.000000	-2.190011	1.305769	-1.050869	2.602996	3.314710	-5.237075
55.653000	12829506.000000	-2.190021	1.305802	-1.050747	2.607896	3.293255	-5.234197
55.702000	12829512.000000	-2.190045	1.305757	-1.050585	2.632590	3.314208	-5.220163
55.752000	12829518.000000	-2.190076	1.305712	-1.050403	2.663805	3.322814	-5.223112
55.802000	12829524.000000	-2.190111	1.305722	-1.050310	2.658302	3.318550	-5.227927
55.852000	12829530.000000	-2.190016	1.305794	-1.050180	2.663838	3.343838	-5.209899
55.902000	12829536.000000	-2.190113	1.305685	-1.050112	2.641263	3.386626	-5.208990
55.952000	12829542.000000	-2.190276	1.305644	-1.050161	2.610547	3.256319	-5.216830
56.002000	12829548.000000	-2.190318	1.305727	-1.050263	2.618757	3.335923	-5.222731
56.052000	12829554.000000	-2.190306	1.305782	-1.050259	2.615952	3.293870	-5.224423
56.102000	12829560.000000	-2.190134	1.305743	-1.050168	2.662668	3.352160	-5.224756
56.152000	12829566.000000	-2.189923	1.305653	-1.050121	2.670090	3.449363	-5.208463
56.202000	12829572.000000	-2.189850	1.305717	-1.050106	2.638535	3.397755	-5.192101
56.252000	12829578.000000	-2.190000	1.305742	-1.050144	2.642516	3.366071	-5.216614
56.302000	12829584.000000	-2.190214	1.305701	-1.050159	2.646191	3.362772	-5.226909
56.352000	12829590.000000	-2.190232	1.305679	-1.050238	2.623523	3.340596	-5.207927
56.402000	12829596.000000	-2.190263	1.305727	-1.050364	2.671207	3.321159	-5.216901
56.452000	12829602.000000	-2.190128	1.305803	-1.050437	2.631819	3.303343	-5.241593
56.502000	12829608.000000	-2.189930	1.305796	-1.050336	2.615740	3.287546	-5.219549
56.552000	12829614.000000	-2.189840	1.305695	-1.050130	2.647600	3.405421	-5.199914
56.602000	12829620.000000	-2.189939	1.305629	-1.050048	2.615951	3.408028	-5.211395
56.652000	12829626.000000	-2.189993	1.305724	-1.050075	2.639869	3.347775	-5.212879
56.702000	12829632.000000	-2.189893	1.305737	-1.050148	2.647836	3.413695	-5.194821
56.752000	12829638.000000	-2.189802	1.305719	-1.050180	2.674699	3.419243	-5.198087
56.802000	12829644.000000	-2.189822	1.305691	-1.050255	2.642557	3.351580	-5.200470
56.852000	12829650.000000	-2.189811	1.305744	-1.050374	2.639688	3.349011	-5.196351
56.902000	12829656.000000	-2.189754	1.305746	-1.050461	2.597844	3.349411	-5.202692
56.952000	12829662.000000	-2.189785	1.305708	-1.050531	2.604591	3.345851	-5.207602
57.002000	12829668.000000	-2.189705	1.305674	-1.050587	2.593864	3.344869	-5.201461
57.052000	12829674.000000	-2.189724	1.305757	-1.050629	2.624741	3.320087	-5.217796
57.102000	12829680.000000	-2.189722	1.305755	-1.050695	2.633465	3.375346	-5.206941
57.152000	12829686.000000	-2.189795	1.305712	-1.050757	2.617530	3.358512	-5.222605
57.202000	12829692.000000	-2.189711	1.305762	-1.050795	2.590008	3.385888	-5.203877
57.252000	12829698.000000	-2.189763	1.305735	-1.050859	2.618266	3.349696	-5.213357
57.302000	12829704.000000	-2.189674	1.305697	-1.050969	2.627087	3.388027	-5.209138
57.352000	12829710.000000	-2.189698	1.305749	-1.051120	2.585923	3.377462	-5.214686
57.402000	12829716.000000	-2.189686	1.305771	-1.051304	2.568602	3.424241	-5.223269
57.452000	12829722.000000	-2.189669	1.305731	-1.051523	2.576950	3.462112	-5.190519
57.502000	12829728.000000	-2.189600	1.305790	-1.051718	2.583837	3.408201	-5.198114
57.552000	12829734.000000	-2.189592	1.305796	-1.051867	2.562557	3.486970	-5.197085
57.602000	12829740.000000	-2.189536	1.305777	-1.051904	2.524703	3.420969	-5.184841
57.652000	12829746.000000	-2.189631	1.305791	-1.051849	2.507930	3.426140	-5.200881
57.702000	12829752.000000	-2.189617	1.305709	-1.051805	2.539967	3.468051	-5.186611
57.752000	12829758.000000	-2.189556	1.305734	-1.051859	2.526886	3.467351	-5.199409
57.802000	12829764.000000	-2.189570	1.305832	-1.051898	2.498270	3.372878	-5.178131
57.854000	12829771.000000	-2.189819	1.305732	-1.051905	2.532953	3.422518	-5.224353
57.902000	12829776.000000	-2.189301	1.305705	-1.051887	2.550351	3.423795	-5.130419
57.952000	12829782.000000	-2.189233	1.305837	-1.051724	2.531360	3.390054	-5.161517
58.002000	12829788.000000	-2.189608	1.305693	-1.051469	2.575665	3.383523	-5.234146
58.052000	12829794.000000	-2.190139	1.305670	-1.051461	2.584466	3.385317	-5.228889
58.102000	12829800.000000	-2.190273	1.305722	-1.051826	2.589826	3.459295	-5.190938
58.152000	12829806.000000	-2.190029	1.305948	-1.052040	2.520352	3.290990	-5.200498
58.202000	12829812.000000	-2.189851	1.305810	-1.052180	2.511286	3.459842	-5.182149
