%time	0	1	2	3	4	5	6
111.031000	-431602080.000000	-431602080.000000	-431602080.000000	-431602080.000000	135.000000	-0.000000	135.000000
111.067000	14990682.000000	-1.993950	0.957428	-1.317821	-0.950930	1.912727	6.266029
111.117000	14990688.000000	-1.993977	0.957380	-1.317776	-0.906359	2.025825	6.248132
111.166000	14990694.000000	-1.993955	0.957362	-1.317786	-0.973387	1.942289	6.255940
111.217000	14990700.000000	-1.993962	0.957361	-1.317787	-0.918253	1.885817	6.250009
111.266000	14990706.000000	-1.993956	0.957398	-1.317785	-0.827437	2.029096	6.257740
111.316000	14990712.000000	-1.993960	0.957366	-1.317763	-0.870741	1.960053	6.258572
111.366000	14990718.000000	-1.993966	0.957383	-1.317754	-0.903134	1.930777	6.261430
111.417000	14990724.000000	-1.993974	0.957404	-1.317806	-0.926797	1.906797	6.250938
111.466000	14990730.000000	-1.993962	0.957326	-1.317735	-0.883850	1.969894	6.253068
111.516000	14990736.000000	-1.993968	0.957375	-1.317765	-0.896036	1.953942	6.260125
111.566000	14990742.000000	-1.993973	0.957358	-1.317787	-0.882875	1.930604	6.264162
111.616000	14990748.000000	-1.993965	0.957367	-1.317759	-0.907523	1.898082	6.255108
111.667000	14990754.000000	-1.993981	0.957379	-1.317797	-0.866093	1.956734	6.254353
111.716000	14990760.000000	-1.993966	0.957368	-1.317772	-0.874386	1.941473	6.260795
111.767000	14990766.000000	-1.993951	0.957347	-1.317757	-0.880030	1.995666	6.264421
111.817000	14990772.000000	-1.993980	0.957382	-1.317764	-0.882182	1.981549	6.254309
111.867000	14990778.000000	-1.993954	0.957400	-1.317786	-0.904771	1.948594	6.260025
111.916000	14990784.000000	-1.993975	0.957408	-1.317812	-0.895074	1.943761	6.239626
111.967000	14990790.000000	-1.993965	0.957391	-1.317779	-0.877483	1.942068	6.256464
112.016000	14990796.000000	-1.993995	0.957389	-1.317804	-0.940725	1.904533	6.262109
112.066000	14990802.000000	-1.993962	0.957322	-1.317747	-0.869329	1.905724	6.253739
112.116000	14990808.000000	-1.993966	0.957341	-1.317752	-0.950835	1.989451	6.253936
112.167000	14990814.000000	-1.993979	0.957394	-1.317811	-0.876613	1.999435	6.269992
112.216000	14990820.000000	-1.993937	0.957365	-1.317761	-0.872599	2.021153	6.264111
112.266000	14990826.000000	-1.993965	0.957336	-1.317763	-0.878909	1.977394	6.256341
112.316000	14990832.000000	-1.993943	0.957339	-1.317812	-0.857350	1.860675	6.250654
112.366000	14990838.000000	-1.993947	0.957343	-1.317753	-0.896445	1.946609	6.256349
112.417000	14990844.000000	-1.993945	0.957388	-1.317798	-0.887321	1.970941	6.272111
112.466000	14990850.000000	-1.993967	0.957341	-1.317723	-0.943907	1.903379	6.253441
112.516000	14990856.000000	-1.993975	0.957365	-1.317790	-0.893352	1.948550	6.261248
112.566000	14990862.000000	-1.993972	0.957371	-1.317787	-0.911511	1.944245	6.254812
112.617000	14990868.000000	-1.993975	0.957355	-1.317743	-0.877146	1.954864	6.254574
112.666000	14990874.000000	-1.993978	0.957423	-1.317796	-0.844868	1.989565	6.267668
112.717000	14990880.000000	-1.993963	0.957379	-1.317740	-0.859747	1.971792	6.254284
112.766000	14990886.000000	-1.993974	0.957365	-1.317792	-0.935967	1.900735	6.255329
112.816000	14990892.000000	-1.993971	0.957353	-1.317740	-0.910467	1.952603	6.249969
112.866000	14990898.000000	-1.993981	0.957410	-1.317768	-0.868464	2.022358	6.259524
112.917000	14990904.000000	-1.993966	0.957401	-1.317791	-0.909732	1.987254	6.255931
112.966000	14990910.000000	-1.993992	0.957388	-1.317748	-0.897769	1.962647	6.261148
113.016000	14990916.000000	-1.993968	0.957402	-1.317780	-0.878500	1.984556	6.255633
113.066000	14990922.000000	-1.993976	0.957378	-1.317772	-0.892443	1.988691	6.276299
113.116000	14990928.000000	-1.993975	0.957404	-1.317772	-0.849933	1.997900	6.268957
113.167000	14990934.000000	-1.993965	0.957332	-1.317770	-0.909592	1.960969	6.258630
113.216000	14990940.000000	-1.993953	0.957362	-1.317742	-0.860643	1.969086	6.253032
113.266000	14990946.000000	-1.993957	0.957360	-1.317741	-0.884502	1.929911	6.259492
113.316000	14990952.000000	-1.993962	0.957327	-1.317732	-0.830292	1.926437	6.243825
113.366000	14990958.000000	-1.993963	0.957381	-1.317759	-0.896038	2.007836	6.259856
113.418000	14990964.000000	-1.993970	0.957347	-1.317773	-0.888394	1.957180	6.249527
113.466000	14990970.000000	-1.993949	0.957399	-1.317824	-0.900637	1.869277	6.227743
113.516000	14990976.000000	-1.993950	0.957354	-1.317828	-0.830207	1.856060	6.245007
113.566000	14990982.000000	-1.993985	0.957389	-1.317804	-0.850711	1.890164	6.264067
113.616000	14990988.000000	-1.993971	0.957377	-1.317771	-0.890639	1.999618	6.263096
113.667000	14990994.000000	-1.993948	0.957326	-1.317774	-0.842713	1.911219	6.243065
113.716000	14991000.000000	-1.993954	0.957363	-1.317725	-0.916506	1.936716	6.248865
113.766000	14991006.000000	-1.993973	0.957354	-1.317782	-0.901193	2.000425	6.272080
113.816000	14991012.000000	-1.993963	0.957346	-1.317725	-0.916965	1.959726	6.274035
113.866000	14991018.000000	-1.993984	0.957350	-1.317729	-0.926071	1.998742	6.252222
113.917000	14991024.000000	-1.993966	0.957336	-1.317766	-0.923574	1.909864	6.266800
113.966000	14991030.000000	-1.993968	0.957349	-1.317731	-0.914121	1.980541	6.261997
114.016000	14991036.000000	-1.993978	0.957355	-1.317734	-0.927341	2.015346	6.260575
114.066000	14991042.000000	-1.993964	0.957373	-1.317733	-0.959121	1.980739	6.249585
114.116000	14991048.000000	-1.993975	0.957381	-1.317719	-0.899412	1.967844	6.259151
114.167000	14991054.000000	-1.993963	0.957362	-1.317704	-0.906368	2.034683	6.256687
114.216000	14991060.000000	-1.993977	0.957432	-1.317727	-0.874227	2.041767	6.243815
114.267000	14991066.000000	-1.993987	0.957351	-1.317774	-0.889442	1.874754	6.244877
114.317000	14991072.000000	-1.993954	0.957354	-1.317698	-0.961726	1.943090	6.257297
114.367000	14991078.000000	-1.993996	0.957356	-1.317699	-0.832203	2.026036	6.243626
114.416000	14991084.000000	-1.993977	0.957371	-1.317767	-0.891293	1.934451	6.262764
114.467000	14991090.000000	-1.993960	0.957342	-1.317665	-0.960975	2.009914	6.240015
114.516000	14991096.000000	-1.993980	0.957352	-1.317725	-0.899294	1.942804	6.243587
114.566000	14991102.000000	-1.993965	0.957384	-1.317715	-0.864417	2.015696	6.265431
114.616000	14991108.000000	-1.993994	0.957365	-1.317708	-0.913789	1.985582	6.255496
114.667000	14991114.000000	-1.993973	0.957348	-1.317721	-0.858351	1.980650	6.263031
114.716000	14991120.000000	-1.993963	0.957343	-1.317690	-0.881848	1.943299	6.248381
114.766000	14991126.000000	-1.993976	0.957343	-1.317720	-0.940416	2.008074	6.261880
114.816000	14991132.000000	-1.993976	0.957357	-1.317715	-0.900895	1.963620	6.262249
114.866000	14991138.000000	-1.993985	0.957382	-1.317708	-0.860797	1.974519	6.251915
114.917000	14991144.000000	-1.993965	0.957331	-1.317749	-0.938882	1.960982	6.257108
114.966000	14991150.000000	-1.993979	0.957320	-1.317706	-0.939913	1.983641	6.252469
115.016000	14991156.000000	-1.993966	0.957398	-1.317708	-0.888470	1.991212	6.260095
115.066000	14991162.000000	-1.993973	0.957347	-1.317731	-0.929412	1.947903	6.250356
115.117000	14991168.000000	-1.993966	0.957321	-1.317729	-0.903969	1.939818	6.247468
115.166000	14991174.000000	-1.993963	0.957350	-1.317708	-0.943551	1.938814	6.246425
115.217000	14991180.000000	-1.993987	0.957394	-1.317725	-0.912080	2.048860	6.274191
115.266000	14991186.000000	-1.993967	0.957364	-1.317743	-0.899954	1.987428	6.259837
115.316000	14991192.000000	-1.993955	0.957385	-1.317703	-0.908252	2.002165	6.249685
115.366000	14991198.000000	-1.993982	0.957380	-1.317738	-0.935710	1.978774	6.265574
115.417000	14991204.000000	-1.993978	0.957375	-1.317740	-0.837426	1.967619	6.253039
115.466000	14991210.000000	-1.993967	0.957382	-1.317706	-0.907049	1.962030	6.252041
115.516000	14991216.000000	-1.993971	0.957367	-1.317728	-0.859776	1.918608	6.251808
115.566000	14991222.000000	-1.993975	0.957346	-1.317721	-0.891686	1.918955	6.250377
115.616000	14991228.000000	-1.993973	0.957369	-1.317725	-0.881610	1.977940	6.264470
115.667000	14991234.000000	-1.993972	0.957400	-1.317724	-0.851076	2.026983	6.256695
115.716000	14991240.000000	-1.993962	0.957339	-1.317755	-0.935095	1.928560	6.248909
115.766000	14991246.000000	-1.993978	0.957353	-1.317766	-0.861697	1.978714	6.252593
115.816000	14991252.000000	-1.993972	0.957361	-1.317739	-0.860339	1.990366	6.260938
115.866000	14991258.000000	-1.993985	0.957333	-1.317760	-0.889226	1.964789	6.262828
115.918000	14991264.000000	-1.993968	0.957401	-1.317742	-0.927831	2.001418	6.249213
115.966000	14991270.000000	-1.993956	0.957378	-1.317744	-0.878573	2.033111	6.253042
116.016000	14991276.000000	-1.993974	0.957373	-1.317751	-0.933111	1.973869	6.261870
116.066000	14991282.000000	-1.993986	0.957339	-1.317744	-0.933268	1.917483	6.241367
116.116000	14991288.000000	-1.993980	0.957370	-1.317739	-0.873089	2.017588	6.263846
116.167000	14991294.000000	-1.993990	0.957418	-1.317750	-0.892208	2.020475	6.252365
116.216000	14991300.000000	-1.993969	0.957349	-1.317737	-0.880875	1.979952	6.269840
116.266000	14991306.000000	-1.993985	0.957358	-1.317757	-0.887753	1.960711	6.268279
116.316000	14991312.000000	-1.993970	0.957354	-1.317740	-0.907784	2.019264	6.251616
116.366000	14991318.000000	-1.993964	0.957371	-1.317736	-0.953674	1.907731	6.247596
116.417000	14991324.000000	-1.993965	0.957373	-1.317730	-0.915905	1.949828	6.249744
116.466000	14991330.000000	-1.993975	0.957365	-1.317732	-0.907330	1.957359	6.252184
116.516000	14991336.000000	-1.993980	0.957354	-1.317739	-0.954960	1.956759	6.251418
116.566000	14991342.000000	-1.993980	0.957343	-1.317723	-0.855268	1.960975	6.262383
116.616000	14991348.000000	-1.993974	0.957360	-1.317728	-0.947978	1.978437	6.260611
116.667000	14991354.000000	-1.993979	0.957375	-1.317691	-0.895143	2.031096	6.255831
116.716000	14991360.000000	-1.993976	0.957377	-1.317704	-0.868227	1.964602	6.252223
116.767000	14991366.000000	-1.993994	0.957360	-1.317726	-0.936445	1.972101	6.261914
116.817000	14991372.000000	-1.993981	0.957362	-1.317707	-0.898921	1.960545	6.254008
116.867000	14991378.000000	-1.993976	0.957372	-1.317714	-0.929241	1.975789	6.244259
116.916000	14991384.000000	-1.993985	0.957358	-1.317724	-0.918772	1.978222	6.262561
116.967000	14991390.000000	-1.993979	0.957404	-1.317699	-0.951569	1.966131	6.253915
117.016000	14991396.000000	-1.993964	0.957362	-1.317688	-0.957794	2.010706	6.261496
117.066000	14991401.000000	-1.993978	0.957352	-1.317705	-0.857862	1.942518	6.250874
117.116000	14991408.000000	-1.993982	0.957374	-1.317723	-0.909106	2.005367	6.260037
117.167000	14991414.000000	-1.993957	0.957373	-1.317708	-0.832515	2.012996	6.256909
117.216000	14991420.000000	-1.993984	0.957337	-1.317706	-0.888562	1.936958	6.251466
117.266000	14991426.000000	-1.993976	0.957374	-1.317716	-0.923089	1.947640	6.266955
117.316000	14991432.000000	-1.993974	0.957354	-1.317717	-0.923263	2.017060	6.267209
117.366000	14991438.000000	-1.993986	0.957334	-1.317715	-0.912927	1.944110	6.249171
117.417000	14991444.000000	-1.993974	0.957336	-1.317717	-0.870827	1.988741	6.256175
117.466000	14991450.000000	-1.993982	0.957351	-1.317707	-0.944489	1.887360	6.245247
117.516000	14991456.000000	-1.993981	0.957370	-1.317690	-0.900204	1.980889	6.255540
117.566000	14991462.000000	-1.993980	0.957405	-1.317722	-0.878872	2.021778	6.254740
117.617000	14991468.000000	-1.993968	0.957358	-1.317706	-0.948534	2.006156	6.253966
117.666000	14991474.000000	-1.993980	0.957370	-1.317706	-0.933207	2.003031	6.258666
117.717000	14991480.000000	-1.993982	0.957344	-1.317718	-0.932921	2.014724	6.260790
117.766000	14991485.000000	-1.993974	0.957354	-1.317716	-0.903331	2.000430	6.258970
117.816000	14991491.000000	-1.993971	0.957361	-1.317699	-0.922572	1.961533	6.246513
117.866000	14991498.000000	-1.993973	0.957337	-1.317721	-0.857622	1.961865	6.251497
117.917000	14991504.000000	-1.993977	0.957371	-1.317702	-0.851916	1.963751	6.254683
117.966000	14991509.000000	-1.993978	0.957329	-1.317704	-0.907267	1.947366	6.248736
118.016000	14991515.000000	-1.993971	0.957416	-1.317700	-0.962034	1.905830	6.249127
118.066000	14991521.000000	-1.993984	0.957362	-1.317717	-0.923599	1.980184	6.254235
118.116000	14991527.000000	-1.993976	0.957381	-1.317708	-0.946068	1.988423	6.253841
118.167000	14991534.000000	-1.993973	0.957360	-1.317709	-0.896567	1.968703	6.266040
118.216000	14991540.000000	-1.993972	0.957327	-1.317714	-0.903970	1.954184	6.249154
118.266000	14991545.000000	-1.993968	0.957364	-1.317709	-0.879481	1.988236	6.260595
118.316000	14991551.000000	-1.993968	0.957372	-1.317701	-0.902290	1.976717	6.247526
118.366000	14991557.000000	-1.993975	0.957360	-1.317702	-0.882129	2.039020	6.259053
118.418000	14991564.000000	-1.993986	0.957367	-1.317710	-0.898297	1.951972	6.245326
118.466000	14991569.000000	-1.993977	0.957359	-1.317713	-0.950360	2.014826	6.257489
118.516000	14991575.000000	-1.993976	0.957358	-1.317711	-0.927404	1.965798	6.244524
118.566000	14991581.000000	-1.993977	0.957364	-1.317713	-0.851877	1.999204	6.246460
118.616000	14991587.000000	-1.993982	0.957362	-1.317714	-0.896433	2.030278	6.254230
118.667000	14991594.000000	-1.993983	0.957357	-1.317707	-0.917396	1.962535	6.259276
118.716000	14991599.000000	-1.993984	0.957382	-1.317708	-0.892910	2.040465	6.243578
118.766000	14991605.000000	-1.993982	0.957347	-1.317719	-0.888188	1.932719	6.249381
118.816000	14991611.000000	-1.993993	0.957365	-1.317702	-0.956491	2.034521	6.267092
118.866000	14991617.000000	-1.993983	0.957335	-1.317718	-0.906259	1.919350	6.246207
118.917000	14991623.000000	-1.993971	0.957382	-1.317711	-0.958973	1.930746	6.247315
118.966000	14991629.000000	-1.993950	0.957334	-1.317732	-0.904040	1.940659	6.253326
119.016000	14991635.000000	-1.993967	0.957332	-1.317730	-0.891499	2.014328	6.252436
119.066000	14991641.000000	-1.993946	0.957357	-1.317695	-0.938869	2.017129	6.256308
119.116000	14991647.000000	-1.993909	0.957338	-1.317726	-0.921242	1.971688	6.255540
119.167000	14991654.000000	-1.993991	0.957361	-1.317725	-0.900834	1.950594	6.234797
119.216000	14991659.000000	-1.993913	0.957365	-1.317706	-0.886705	1.956357	6.245055
119.267000	14991665.000000	-1.993895	0.957339	-1.317640	-0.903609	2.077431	6.257622
119.317000	14991671.000000	-1.993926	0.957387	-1.317721	-0.906698	2.005808	6.242598
119.367000	14991677.000000	-1.993924	0.957376	-1.317752	-0.928128	2.014206	6.243367
119.416000	14991683.000000	-1.993970	0.957384	-1.317791	-0.915911	2.004434	6.261021
119.467000	14991689.000000	-1.993962	0.957379	-1.317768	-0.882591	1.983660	6.247924
119.516000	14991695.000000	-1.993970	0.957359	-1.317731	-0.907074	2.005797	6.252358
119.566000	14991701.000000	-1.993967	0.957354	-1.317784	-0.903141	1.909456	6.221245
119.616000	14991707.000000	-1.994006	0.957428	-1.317805	-0.910375	1.949194	6.233369
119.667000	14991713.000000	-1.994020	0.957405	-1.317799	-0.903219	2.024254	6.255332
119.716000	14991719.000000	-1.994040	0.957431	-1.317862	-0.939861	1.966187	6.246001
119.766000	14991725.000000	-1.994042	0.957350	-1.317765	-0.897334	2.024944	6.253020
119.816000	14991731.000000	-1.994053	0.957354	-1.317772	-0.894302	1.987060	6.255974
119.866000	14991737.000000	-1.994092	0.957416	-1.317890	-0.908399	1.926229	6.238814
119.917000	14991743.000000	-1.994066	0.957418	-1.317825	-0.804625	2.016203	6.256877
119.966000	14991749.000000	-1.994066	0.957387	-1.317829	-0.808773	2.030291	6.249609
120.016000	14991755.000000	-1.994112	0.957429	-1.317847	-0.889236	1.982865	6.251479
120.071000	14991762.000000	-1.994085	0.957412	-1.317820	-0.892771	1.942710	6.239859
120.117000	14991767.000000	-1.994067	0.957399	-1.317811	-0.864658	1.939194	6.237670
120.166000	14991773.000000	-1.994089	0.957363	-1.317787	-0.927331	1.925431	6.226782
120.217000	14991779.000000	-1.994064	0.957369	-1.317743	-0.821642	2.041470	6.249011
120.266000	14991785.000000	-1.994098	0.957399	-1.317742	-0.893461	2.030156	6.251716
120.316000	14991791.000000	-1.994087	0.957349	-1.317704	-0.817355	2.053501	6.241765
120.366000	14991797.000000	-1.994052	0.957345	-1.317661	-0.898750	2.052055	6.250299
120.417000	14991803.000000	-1.994053	0.957345	-1.317658	-0.922266	2.024631	6.237202
120.466000	14991809.000000	-1.994038	0.957339	-1.317629	-0.934691	2.084987	6.238759
120.516000	14991815.000000	-1.994036	0.957309	-1.317592	-0.921932	2.021286	6.240263
120.566000	14991821.000000	-1.994003	0.957296	-1.317552	-0.874272	2.009570	6.233916
120.616000	14991827.000000	-1.994014	0.957290	-1.317512	-0.921834	2.011167	6.232147
120.667000	14991833.000000	-1.994028	0.957280	-1.317495	-0.853934	2.025291	6.235638
120.716000	14991839.000000	-1.994023	0.957321	-1.317518	-0.916157	1.999325	6.240491
120.766000	14991845.000000	-1.994020	0.957317	-1.317505	-0.872933	2.112581	6.232546
120.816000	14991851.000000	-1.994009	0.957327	-1.317528	-0.883065	2.014724	6.251000
120.866000	14991857.000000	-1.993973	0.957335	-1.317536	-0.920289	2.061327	6.234424
120.918000	14991863.000000	-1.994011	0.957356	-1.317657	-0.897698	2.042957	6.233591
120.966000	14991869.000000	-1.993996	0.957393	-1.317634	-0.877124	2.082971	6.238699
121.016000	14991875.000000	-1.993998	0.957345	-1.317609	-0.856605	2.022701	6.245676
121.067000	14991881.000000	-1.994014	0.957332	-1.317647	-0.872045	2.050967	6.238449
121.117000	14991887.000000	-1.993997	0.957351	-1.317660	-0.847583	1.986708	6.255984
121.166000	14991893.000000	-1.994008	0.957376	-1.317663	-0.862874	1.994052	6.234602
121.217000	14991899.000000	-1.994003	0.957314	-1.317626	-0.861247	1.933486	6.249239
121.266000	14991905.000000	-1.994002	0.957329	-1.317630	-0.854741	1.989534	6.239079
121.316000	14991911.000000	-1.994015	0.957360	-1.317676	-0.881266	1.990043	6.254664
121.366000	14991917.000000	-1.994032	0.957408	-1.317728	-0.883626	2.003767	6.232785
121.417000	14991923.000000	-1.993993	0.957404	-1.317745	-0.939070	2.026518	6.246979
121.466000	14991929.000000	-1.993963	0.957319	-1.317641	-0.982453	1.986139	6.232796
121.516000	14991935.000000	-1.993913	0.957311	-1.317613	-0.880786	1.940568	6.220107
121.566000	14991941.000000	-1.994027	0.957374	-1.317615	-0.878730	1.940058	6.244430
121.616000	14991947.000000	-1.993981	0.957322	-1.317599	-0.885452	1.981406	6.241602
121.667000	14991953.000000	-1.994000	0.957365	-1.317623	-0.909359	1.989281	6.241980
121.716000	14991959.000000	-1.994029	0.957366	-1.317629	-0.841184	2.027038	6.256859
121.767000	14991965.000000	-1.993966	0.957375	-1.317616	-0.874421	2.042013	6.247807
121.817000	14991971.000000	-1.994017	0.957393	-1.317610	-0.937466	2.066859	6.241140
121.867000	14991977.000000	-1.993970	0.957362	-1.317612	-0.914253	1.986439	6.248414
121.916000	14991983.000000	-1.994028	0.957389	-1.317624	-0.911172	2.010787	6.247808
121.967000	14991989.000000	-1.993986	0.957342	-1.317620	-0.952904	2.012928	6.227248
122.016000	14991995.000000	-1.994001	0.957412	-1.317625	-0.897321	2.104870	6.256198
122.066000	14992001.000000	-1.994007	0.957361	-1.317623	-0.945086	1.994901	6.246948
122.116000	14992007.000000	-1.993981	0.957376	-1.317612	-0.921852	2.002832	6.254853
122.167000	14992013.000000	-1.994014	0.957382	-1.317621	-0.897603	1.973339	6.239995
122.216000	14992019.000000	-1.993992	0.957391	-1.317618	-0.873568	2.030695	6.251997
122.266000	14992025.000000	-1.994017	0.957419	-1.317616	-0.976231	2.024323	6.244706
122.316000	14992031.000000	-1.993997	0.957400	-1.317627	-0.944006	2.055180	6.248873
122.366000	14992037.000000	-1.993995	0.957383	-1.317620	-0.924339	2.043005	6.250623
122.417000	14992043.000000	-1.994006	0.957394	-1.317638	-0.885263	2.029396	6.247026
122.466000	14992049.000000	-1.993989	0.957379	-1.317615	-0.925921	2.114321	6.251086
122.516000	14992055.000000	-1.994006	0.957385	-1.317619	-0.890719	2.072522	6.241146
122.566000	14992061.000000	-1.993991	0.957414	-1.317628	-0.922551	2.033655	6.248276
122.617000	14992067.000000	-1.993995	0.957368	-1.317622	-0.871494	1.995085	6.245879
122.666000	14992073.000000	-1.993996	0.957410	-1.317610	-0.933751	2.002019	6.252384
122.717000	14992079.000000	-1.993992	0.957386	-1.317618	-0.915629	2.009911	6.252608
122.766000	14992085.000000	-1.994006	0.957424	-1.317625	-0.888993	2.077430	6.259408
122.816000	14992091.000000	-1.993999	0.957409	-1.317614	-0.950380	2.050695	6.253759
122.866000	14992097.000000	-1.994013	0.957409	-1.317623	-0.878577	2.025131	6.248225
122.917000	14992103.000000	-1.993998	0.957367	-1.317622	-0.910997	1.998924	6.238389
122.966000	14992109.000000	-1.993991	0.957365	-1.317615	-0.941930	2.019209	6.246519
123.016000	14992115.000000	-1.994001	0.957366	-1.317619	-0.961674	2.027346	6.248323
123.066000	14992121.000000	-1.993997	0.957370	-1.317626	-0.947238	1.981412	6.247089
123.116000	14992127.000000	-1.993986	0.957397	-1.317610	-0.933980	2.041682	6.234076
123.167000	14992133.000000	-1.993983	0.957397	-1.317618	-0.953728	1.997797	6.258304
123.216000	14992139.000000	-1.994001	0.957372	-1.317622	-0.874176	2.013761	6.249893
123.266000	14992145.000000	-1.993995	0.957390	-1.317621	-0.922877	2.008947	6.259342
123.316000	14992151.000000	-1.993996	0.957358	-1.317613	-0.902095	1.981269	6.248798
123.366000	14992157.000000	-1.993997	0.957360	-1.317616	-0.944295	1.948339	6.256338
123.418000	14992163.000000	-1.993994	0.957354	-1.317627	-0.964121	2.022096	6.250404
123.466000	14992169.000000	-1.994004	0.957386	-1.317615	-0.974612	2.032823	6.253717
123.516000	14992175.000000	-1.993982	0.957397	-1.317625	-0.903052	1.975234	6.254906
123.566000	14992181.000000	-1.994001	0.957376	-1.317619	-0.956994	2.070970	6.246587
123.616000	14992187.000000	-1.993995	0.957374	-1.317633	-0.886659	2.013171	6.257674
123.667000	14992193.000000	-1.994008	0.957395	-1.317607	-0.937598	2.024775	6.260621
123.716000	14992199.000000	-1.994005	0.957341	-1.317594	-0.889550	2.003924	6.259049
123.766000	14992205.000000	-1.994002	0.957367	-1.317596	-0.868962	2.037023	6.250807
123.816000	14992211.000000	-1.994002	0.957342	-1.317547	-0.882785	2.029807	6.245821
123.866000	14992217.000000	-1.993984	0.957393	-1.317650	-0.953013	1.953768	6.242588
123.917000	14992223.000000	-1.993996	0.957333	-1.317610	-0.922228	2.040588	6.239748
123.966000	14992229.000000	-1.993991	0.957367	-1.317511	-0.907628	2.012357	6.248714
124.016000	14992235.000000	-1.994018	0.957311	-1.317494	-0.896935	2.052225	6.230964
124.066000	14992241.000000	-1.994036	0.957311	-1.317309	-0.881121	2.082465	6.201779
124.116000	14992247.000000	-1.993876	0.957279	-1.317381	-0.887646	1.987572	6.175272
124.167000	14992253.000000	-1.993872	0.957218	-1.317340	-0.922286	1.899690	6.172612
124.216000	14992259.000000	-1.993788	0.957165	-1.316986	-1.009369	2.015835	6.213923
124.267000	14992265.000000	-1.993764	0.957086	-1.316379	-0.960211	1.918684	6.162422
124.317000	14992271.000000	-1.994078	0.957179	-1.315520	-1.000964	1.927944	6.147386
124.367000	14992277.000000	-1.994399	0.957076	-1.313738	-0.833064	2.009694	6.147706
124.416000	14992283.000000	-1.994299	0.957141	-1.311137	-0.849675	1.950573	6.102342
124.467000	14992289.000000	-1.994585	0.957000	-1.306657	-0.923328	1.921964	6.083443
124.516000	14992295.000000	-1.994953	0.957164	-1.301620	-0.902415	1.793774	6.122884
124.566000	14992301.000000	-1.995191	0.956896	-1.294494	-1.036760	1.773368	6.044506
124.616000	14992307.000000	-1.995452	0.956933	-1.287269	-1.016484	1.637313	6.024128
124.667000	14992313.000000	-1.995893	0.956755	-1.277744	-1.112136	2.200321	6.010487
124.716000	14992319.000000	-1.996450	0.957055	-1.268872	-0.849133	1.785198	5.963809
124.766000	14992325.000000	-1.996406	0.956667	-1.257933	-1.043047	1.842817	5.997351
124.816000	14992331.000000	-1.996795	0.956720	-1.247203	-1.077029	1.834345	5.948632
124.866000	14992337.000000	-1.997226	0.956890	-1.235927	-1.153312	1.314493	5.861181
124.917000	14992343.000000	-1.997444	0.956719	-1.224082	-1.199167	1.380809	5.947177
124.966000	14992349.000000	-1.997464	0.956638	-1.212435	-1.067833	1.245896	5.877781
125.016000	14992355.000000	-1.998048	0.956577	-1.200505	-0.836922	1.174553	5.919713
125.066000	14992361.000000	-1.998356	0.956525	-1.188816	-0.903047	1.168766	5.965419
125.117000	14992367.000000	-1.998491	0.956523	-1.177664	-1.080733	1.491871	5.965147
125.166000	14992372.000000	-1.998478	0.956180	-1.167849	-1.107823	1.300933	6.031759
125.217000	14992379.000000	-1.998463	0.956204	-1.155060	-1.051365	1.435935	6.142064
125.266000	14992385.000000	-1.998040	0.955760	-1.144004	-0.938570	1.441332	6.148048
125.316000	14992391.000000	-1.997133	0.955558	-1.133383	-0.938845	1.307208	6.302225
125.366000	14992397.000000	-1.995147	0.955364	-1.122606	-0.893633	1.309055	6.493889
125.417000	14992403.000000	-1.992344	0.955274	-1.112462	-0.758740	1.468757	6.701908
125.466000	14992409.000000	-1.988662	0.955067	-1.102257	-0.979423	1.344366	7.045692
125.516000	14992414.000000	-1.985762	0.954966	-1.093754	-0.767958	1.515891	7.205269
125.566000	14992421.000000	-1.981951	0.954775	-1.081989	-0.841612	1.766782	7.324888
125.616000	14992427.000000	-1.978724	0.954442	-1.072122	-0.861788	1.455958	7.562140
125.667000	14992433.000000	-1.976273	0.954475	-1.062080	-0.825556	1.675000	7.625254
125.716000	14992438.000000	-1.974594	0.954352	-1.053340	-0.971897	1.675044	7.536157
125.766000	14992445.000000	-1.973621	0.954261	-1.040789	-0.971707	1.817174	7.349254
125.816000	14992451.000000	-1.973026	0.954180	-1.029125	-0.776721	1.918347	7.066431
125.866000	14992457.000000	-1.972766	0.954055	-1.017327	-0.754487	1.462566	6.795314
125.917000	14992463.000000	-1.972794	0.953853	-1.004690	-0.771136	1.673227	6.589243
125.967000	14992468.000000	-1.972588	0.953667	-0.993821	-0.770191	1.497263	6.365812
126.016000	14992474.000000	-1.972579	0.953852	-0.980622	-0.565338	1.606166	6.182745
126.066000	14992480.000000	-1.972420	0.953684	-0.966981	-0.791047	1.904627	6.129050
126.116000	14992486.000000	-1.972129	0.953861	-0.952739	-0.673839	2.010592	6.133387
126.167000	14992493.000000	-1.971376	0.953829	-0.932222	-0.870494	1.724570	6.368675
126.216000	14992498.000000	-1.972108	0.952515	-0.915508	-0.722066	2.273933	6.670043
126.266000	14992504.000000	-1.971833	0.953701	-0.900371	-0.828065	1.001096	6.815344
126.316000	14992510.000000	-1.972642	0.953011	-0.879857	-0.747813	2.625264	6.960392
126.366000	14992516.000000	-1.973267	0.952967	-0.862871	-0.781870	1.426507	6.956505
126.417000	14992522.000000	-1.973336	0.952387	-0.843233	-0.785354	2.160055	7.055666
126.466000	14992528.000000	-1.973096	0.952565	-0.824878	-0.757607	2.053283	7.258223
126.516000	14992534.000000	-1.971950	0.952435	-0.805923	-0.767238	1.764197	7.359522
126.566000	14992540.000000	-1.971078	0.952207	-0.786992	-0.514087	1.326861	7.468018
126.616000	14992546.000000	-1.970397	0.952400	-0.768043	-0.597317	1.920514	7.472849
126.667000	14992552.000000	-1.969969	0.952093	-0.748953	-0.473630	1.722770	7.359135
126.716000	14992558.000000	-1.970053	0.952201	-0.729818	-0.943543	2.589813	7.240478
126.767000	14992564.000000	-1.970284	0.951913	-0.710205	-0.667311	2.155795	6.959800
126.817000	14992570.000000	-1.970758	0.951745	-0.690854	-0.908141	2.306438	6.553311
126.867000	14992576.000000	-1.970866	0.951233	-0.670753	-0.566625	1.414289	6.142140
126.916000	14992582.000000	-1.970516	0.951566	-0.650868	-0.861561	2.587871	5.967462
126.967000	14992588.000000	-1.969195	0.951581	-0.630559	-0.769448	3.058888	5.802872
127.016000	14992594.000000	-1.966902	0.951159	-0.609861	-0.629847	2.347721	5.789545
127.066000	14992600.000000	-1.964266	0.951359	-0.588594	-0.653418	3.008605	5.849513
127.128000	14992608.000000	-1.959984	0.951349	-0.559954	-0.464164	2.678761	5.964265
127.166000	14992612.000000	-1.957652	0.951032	-0.545003	-0.603334	3.011982	6.013278
127.217000	14992618.000000	-1.954780	0.950940	-0.523239	-0.713387	2.912822	5.901003
127.266000	14992624.000000	-1.952536	0.950791	-0.501335	-0.718702	2.631732	5.626806
127.316000	14992630.000000	-1.950468	0.950766	-0.479358	-0.387935	2.798052	5.452356
127.366000	14992636.000000	-1.948311	0.950546	-0.457892	-0.164804	1.788204	5.152502
127.417000	14992642.000000	-1.945853	0.950330	-0.436499	-0.320858	2.045436	4.999187
127.466000	14992648.000000	-1.943129	0.950563	-0.415315	-0.550512	2.834278	4.988173
127.516000	14992654.000000	-1.939999	0.950628	-0.394366	-0.456331	2.847903	5.091872
127.566000	14992660.000000	-1.936889	0.950189	-0.373733	-0.439370	2.408992	5.228074
127.617000	14992666.000000	-1.934071	0.950517	-0.353166	-0.202780	2.543403	5.419575
127.666000	14992672.000000	-1.931539	0.949814	-0.333125	-0.718507	2.277484	5.594079
127.717000	14992678.000000	-1.929601	0.949344	-0.312653	-0.622907	3.067647	5.672204
127.766000	14992684.000000	-1.930292	0.950211	-0.295677	-0.093151	2.866812	5.449389
127.816000	14992690.000000	-1.927966	0.949770	-0.278418	-0.765802	2.742680	4.969267
127.866000	14992696.000000	-1.924331	0.949980	-0.262720	0.017832	1.986425	4.463059
127.917000	14992702.000000	-1.918996	0.950302	-0.247200	0.123875	2.648626	4.224964
127.966000	14992708.000000	-1.913921	0.949822	-0.230546	-0.398494	2.839668	4.232501
128.016000	14992714.000000	-1.908427	0.949736	-0.214526	-0.208010	2.305696	4.508772
128.066000	14992720.000000	-1.903857	0.949550	-0.197725	-0.087301	2.709172	4.661413
128.116000	14992726.000000	-1.900669	0.949453	-0.181581	0.027441	2.032459	4.687950
128.167000	14992732.000000	-1.899336	0.949528	-0.165800	-0.920550	1.721064	4.551160
128.216000	14992738.000000	-1.900065	0.949902	-0.150109	-1.068251	2.726501	4.267148
128.266000	14992744.000000	-1.902671	0.949508	-0.134474	-0.069616	2.184754	3.830333
128.316000	14992750.000000	-1.906551	0.949456	-0.118771	-0.416447	3.071938	3.352415
128.366000	14992756.000000	-1.910950	0.949281	-0.103184	-0.516927	2.220852	2.878778
128.417000	14992762.000000	-1.916175	0.949763	-0.087772	-0.620082	2.612063	2.367635
128.467000	14992768.000000	-1.921522	0.949463	-0.072443	-0.797277	2.954281	2.095383
128.516000	14992774.000000	-1.926450	0.949638	-0.057225	-0.367300	3.038285	1.930207
128.566000	14992780.000000	-1.930223	0.949531	-0.042223	-1.270572	2.573530	1.900723
128.616000	14992786.000000	-1.932388	0.949772	-0.027752	-1.552161	2.528997	2.173266
128.667000	14992792.000000	-1.933818	0.949275	-0.012213	-0.699411	2.895869	2.602147
128.716000	14992798.000000	-1.933999	0.949592	0.002653	-1.220271	2.249645	3.024482
128.766000	14992804.000000	-1.932916	0.949496	0.018863	-1.535913	2.072700	3.519917
128.816000	14992810.000000	-1.931817	0.949664	0.034853	-1.317705	2.549201	3.993736
128.866000	14992816.000000	-1.931301	0.949471	0.051974	-1.354593	2.495264	4.278090
128.917000	14992822.000000	-1.931652	0.949358	0.068954	-1.440339	2.143514	4.364316
128.966000	14992828.000000	-1.932751	0.948830	0.087056	-0.743114	2.645662	4.359840
129.016000	14992834.000000	-1.934059	0.948804	0.104615	-0.526908	2.885123	4.337235
129.066000	14992840.000000	-1.934458	0.948814	0.123095	-1.675665	2.251571	4.400164
129.116000	14992846.000000	-1.933654	0.948736	0.141291	-1.256977	2.561846	4.746118
129.167000	14992852.000000	-1.931716	0.948827	0.160130	-1.702873	1.697655	5.202740
129.216000	14992858.000000	-1.929271	0.949010	0.178381	-1.430041	2.404337	5.836249
129.267000	14992864.000000	-1.926857	0.948629	0.196690	-1.903336	1.942459	6.299920
129.317000	14992870.000000	-1.925448	0.948413	0.214844	-1.733921	2.118761	6.628374
129.367000	14992876.000000	-1.925194	0.947993	0.232919	-0.972959	2.924717	6.770591
129.416000	14992882.000000	-1.926245	0.948285	0.250711	-1.980967	1.974685	6.511093
129.467000	14992888.000000	-1.927875	0.948099	0.268120	-1.862757	2.225971	6.247697
129.516000	14992894.000000	-1.929515	0.948075	0.285186	-1.696170	2.045638	5.903321
129.566000	14992900.000000	-1.930863	0.947924	0.301988	-1.868433	1.746635	5.632708
129.616000	14992906.000000	-1.931504	0.947647	0.318636	-1.390605	2.747796	5.477808
129.667000	14992912.000000	-1.931385	0.948167	0.334343	-0.816427	2.430838	5.442141
129.716000	14992918.000000	-1.929673	0.947139	0.353546	-1.970674	1.879572	5.453056
129.766000	14992924.000000	-1.928098	0.947753	0.369324	-1.862599	1.946521	5.691229
129.816000	14992930.000000	-1.926312	0.946946	0.386691	-0.915572	2.478582	5.909992
129.866000	14992936.000000	-1.924839	0.947093	0.402899	-1.733880	2.137870	5.970776
129.917000	14992942.000000	-1.923919	0.946863	0.418982	-1.807712	2.227143	6.009305
129.966000	14992948.000000	-1.923794	0.946837	0.434716	-1.740254	2.131239	5.846598
130.016000	14992954.000000	-1.923915	0.946781	0.450362	-1.768578	1.895881	5.735287
130.066000	14992960.000000	-1.923391	0.947219	0.465959	-1.486718	1.417241	5.791445
130.117000	14992966.000000	-1.922419	0.946995	0.481451	-1.659177	1.404639	5.894759
130.166000	14992972.000000	-1.920841	0.946991	0.496900	-1.683299	1.151000	6.037861
130.217000	14992978.000000	-1.918994	0.946492	0.512365	-1.107950	0.889931	6.168366
130.266000	14992984.000000	-1.916995	0.946709	0.528143	-1.666039	1.406939	6.515373
130.316000	14992990.000000	-1.915308	0.946798	0.544002	-1.441018	1.993894	6.493556
130.366000	14992996.000000	-1.914124	0.946556	0.560268	-1.450319	1.924077	6.605761
130.417000	14993002.000000	-1.912864	0.946285	0.577278	-1.588726	2.003532	6.778048
130.466000	14993008.000000	-1.911733	0.946209	0.594010	-1.753265	1.933930	6.914904
130.516000	14993014.000000	-1.910838	0.946279	0.611402	-1.711480	1.850433	6.926479
130.566000	14993020.000000	-1.910240	0.946090	0.628300	-1.192618	2.014621	6.923403
130.616000	14993026.000000	-1.909584	0.946174	0.645524	-1.390315	2.037055	7.015334
130.667000	14993032.000000	-1.908487	0.946003	0.662249	-0.963798	2.225632	7.153128
130.716000	14993038.000000	-1.907132	0.946132	0.678790	-1.539345	1.997158	7.331520
130.766000	14993044.000000	-1.905837	0.945738	0.695560	-1.518640	1.596822	7.353993
130.816000	14993050.000000	-1.904937	0.945358	0.711851	-1.100995	2.134646	7.349885
130.866000	14993056.000000	-1.904420	0.945327	0.728465	-1.463513	1.767681	7.341648
130.917000	14993062.000000	-1.904419	0.944953	0.744964	-1.425157	2.015586	7.198985
130.967000	14993068.000000	-1.904548	0.944395	0.761153	0.244510	3.118802	7.238512
131.016000	14993074.000000	-1.904288	0.944599	0.777467	-1.052285	2.300046	7.063211
131.066000	14993080.000000	-1.903731	0.944444	0.793707	-1.142491	1.944398	7.006643
131.116000	14993086.000000	-1.902978	0.944394	0.810289	-1.146911	2.316855	6.948299
131.167000	14993092.000000	-1.902029	0.944665	0.826697	-1.136273	2.317581	6.910491
131.216000	14993098.000000	-1.901029	0.944350	0.843332	-1.029233	2.176624	6.794187
131.266000	14993104.000000	-1.899742	0.944065	0.860188	-1.156081	2.086240	6.873618
131.316000	14993110.000000	-1.898142	0.943931	0.877315	-1.408708	2.160933	6.985971
131.366000	14993116.000000	-1.896489	0.943673	0.893976	-1.073262	2.324805	6.925729
131.417000	14993122.000000	-1.895365	0.943511	0.910698	-1.139394	2.145011	6.877140
131.466000	14993128.000000	-1.894689	0.943687	0.927239	-1.379462	2.121614	6.825934
131.516000	14993134.000000	-1.894178	0.943201	0.943760	-1.119069	2.377546	6.734838
131.566000	14993140.000000	-1.893291	0.943251	0.960150	-1.097523	2.064148	6.671440
131.616000	14993146.000000	-1.892094	0.943236	0.976607	-1.146208	2.287607	6.625759
131.667000	14993152.000000	-1.890677	0.942998	0.992720	-1.307098	2.280267	6.631687
131.716000	14993158.000000	-1.888960	0.942989	1.008656	-1.001518	2.266450	6.787935
131.767000	14993164.000000	-1.886869	0.942721	1.024324	-1.254943	1.985018	6.909883
131.817000	14993170.000000	-1.884890	0.942670	1.040360	-1.377330	2.176721	7.062112
131.867000	14993176.000000	-1.883003	0.942491	1.056032	-0.964798	2.587147	7.247748
131.916000	14993182.000000	-1.881328	0.942342	1.071660	-0.817785	2.193557	7.389497
131.967000	14993188.000000	-1.879460	0.942092	1.087353	-0.948391	2.494694	7.478055
132.016000	14993194.000000	-1.877608	0.942078	1.102895	-0.896201	2.167834	7.596049
132.066000	14993200.000000	-1.876493	0.941967	1.118313	-0.996225	2.299580	7.610726
132.116000	14993206.000000	-1.875280	0.941795	1.133744	-1.054048	2.392311	7.607453
132.167000	14993212.000000	-1.873994	0.941715	1.149113	-0.859066	2.564245	7.698064
132.216000	14993218.000000	-1.872157	0.941534	1.164434	-0.658889	2.056120	7.743097
132.266000	14993224.000000	-1.870361	0.941292	1.179232	-0.706302	2.250329	7.881422
132.316000	14993230.000000	-1.868696	0.941217	1.194268	-0.781322	2.528662	7.873034
132.366000	14993236.000000	-1.867121	0.941130	1.208877	-0.805270	2.423004	7.884204
132.417000	14993242.000000	-1.865827	0.940852	1.223775	-0.688123	2.238597	7.777779
132.466000	14993248.000000	-1.864973	0.940993	1.238455	-0.979378	2.318779	7.732646
132.516000	14993254.000000	-1.864429	0.940782	1.253176	-0.683590	2.464405	7.563854
132.566000	14993260.000000	-1.863647	0.940696	1.267434	-0.743029	2.565392	7.418513
132.617000	14993266.000000	-1.862475	0.940524	1.281611	-0.771790	2.231519	7.335446
132.666000	14993271.000000	-1.861334	0.940548	1.293157	-0.801028	2.389543	7.324021
132.717000	14993278.000000	-1.859920	0.940427	1.309259	-0.569845	2.186569	7.305513
132.766000	14993284.000000	-1.858464	0.940311	1.323134	-0.874248	2.121308	7.139683
132.816000	14993289.000000	-1.857182	0.940220	1.334431	-0.742881	2.269834	7.183104
132.866000	14993295.000000	-1.855675	0.940171	1.348184	-0.776714	2.315280	7.176549
132.917000	14993302.000000	-1.854365	0.940038	1.363984	-0.799900	1.941225	7.074288
132.966000	14993307.000000	-1.853414	0.939853	1.375524	-0.810647	2.633778	7.000749
133.016000	14993314.000000	-1.851760	0.940022	1.390597	-0.890995	2.087801	6.892938
133.066000	14993319.000000	-1.850387	0.939915	1.401856	-0.864024	1.901964	6.877987
133.116000	14993326.000000	-1.848527	0.939852	1.416493	-0.897682	1.923687	6.845875
133.167000	14993332.000000	-1.846887	0.939953	1.428841	-0.614272	2.506079	6.936594
133.216000	14993337.000000	-1.845435	0.939896	1.438639	-0.565507	2.456100	7.044728
133.266000	14993344.000000	-1.843089	0.939659	1.452051	-0.690406	2.314042	7.109509
133.316000	14993349.000000	-1.841639	0.939967	1.461041	-0.938682	2.675978	7.195129
133.366000	14993356.000000	-1.839707	0.939661	1.473013	-0.937982	2.015611	7.198770
133.417000	14993362.000000	-1.838301	0.939753	1.483123	-0.832427	2.774808	7.199778
133.467000	14993367.000000	-1.837467	0.939480	1.490846	-0.870278	2.133817	7.208042
133.516000	14993373.000000	-1.836501	0.939551	1.499952	-0.673682	2.045446	7.102491
133.566000	14993379.000000	-1.835759	0.939420	1.507948	-0.862267	2.095783	7.032484
133.616000	14993385.000000	-1.835489	0.939353	1.515269	-0.700208	2.140482	6.962660
133.667000	14993391.000000	-1.835231	0.939405	1.521748	-0.394441	1.884056	6.846186
133.716000	14993397.000000	-1.834882	0.939244	1.527573	-0.593312	2.265491	6.746196
133.766000	14993403.000000	-1.834319	0.939476	1.531987	-0.813013	2.525561	6.747066
133.816000	14993409.000000	-1.833810	0.939242	1.535953	-0.750139	2.374732	6.703682
133.866000	14993415.000000	-1.833257	0.939691	1.538510	-0.582161	1.990415	6.612552
133.917000	14993421.000000	-1.832949	0.939872	1.540563	-1.022128	2.705454	6.646007
133.966000	14993428.000000	-1.833048	0.939685	1.541351	-1.328949	2.395088	6.548862
134.016000	14993433.000000	-1.833407	0.939999	1.540559	-1.125972	2.622531	6.458895
134.066000	14993439.000000	-1.833987	0.939710	1.540340	-0.948415	2.137102	6.377963
134.116000	14993445.000000	-1.834141	0.939673	1.540416	-0.796827	2.230695	6.353391
134.167000	14993452.000000	-1.834103	0.939711	1.540640	-0.945862	2.339379	6.369406
134.216000	14993457.000000	-1.834158	0.939674	1.540673	-1.037724	2.326925	6.356868
134.267000	14993463.000000	-1.834202	0.939671	1.540550	-0.853121	2.190836	6.309107
134.317000	14993469.000000	-1.834284	0.939689	1.540561	-0.911342	2.173981	6.279304
134.367000	14993475.000000	-1.834268	0.939746	1.540607	-0.989517	2.335927	6.325469
134.416000	14993481.000000	-1.834225	0.939622	1.540513	-0.875118	2.047158	6.278245
134.467000	14993487.000000	-1.834261	0.939719	1.540589	-0.964705	2.398674	6.320297
134.516000	14993493.000000	-1.834177	0.939671	1.540532	-0.821825	2.179903	6.271153
134.566000	14993499.000000	-1.834173	0.939636	1.540484	-0.861699	2.175983	6.270367
134.616000	14993505.000000	-1.834244	0.939666	1.540431	-0.817824	2.261254	6.236926
134.667000	14993512.000000	-1.834459	0.939598	1.540515	-0.994882	1.983785	6.175806
134.716000	14993517.000000	-1.834746	0.939696	1.540510	-1.067069	1.946220	6.104076
134.766000	14993523.000000	-1.835044	0.939698	1.540389	-1.190333	1.841490	6.058120
134.816000	14993529.000000	-1.835045	0.939519	1.540383	-1.469136	1.705742	6.052526
134.866000	14993535.000000	-1.835053	0.939717	1.540470	-1.227866	1.804672	6.048285
134.917000	14993541.000000	-1.835053	0.939529	1.540360	-1.364395	1.683420	6.042196
134.966000	14993547.000000	-1.835029	0.939512	1.540397	-1.448462	1.692086	6.052877
135.016000	14993553.000000	-1.835068	0.939732	1.540434	-1.176324	1.832884	6.054214
135.066000	14993559.000000	-1.835021	0.939578	1.540373	-1.451008	1.690413	6.046402
135.117000	14993565.000000	-1.835035	0.939697	1.540419	-1.177049	1.872479	6.048492
135.166000	14993571.000000	-1.835058	0.939746	1.540412	-1.134162	1.851238	6.063271
135.217000	14993577.000000	-1.835050	0.939739	1.540444	-1.239078	1.804616	6.041669
135.266000	14993583.000000	-1.835068	0.939697	1.540408	-1.096296	1.859358	6.056000
135.316000	14993589.000000	-1.835081	0.939728	1.540442	-1.222219	1.781295	6.059840
135.366000	14993595.000000	-1.835005	0.939559	1.540383	-1.418810	1.710351	6.041634
135.417000	14993601.000000	-1.835081	0.939730	1.540400	-1.159552	1.840691	6.055223
135.466000	14993607.000000	-1.835002	0.939501	1.540398	-1.386943	1.656968	6.054365
135.516000	14993613.000000	-1.835069	0.939727	1.540411	-1.206060	1.768133	6.048905
135.566000	14993619.000000	-1.835063	0.939670	1.540434	-1.236870	1.747320	6.050906
135.616000	14993625.000000	-1.835070	0.939702	1.540417	-1.135804	1.854407	6.058919
135.667000	14993631.000000	-1.835033	0.939524	1.540402	-1.416879	1.673430	6.050368
135.716000	14993637.000000	-1.835043	0.939678	1.540459	-1.224915	1.877198	6.043635
135.766000	14993643.000000	-1.835070	0.939724	1.540440	-1.233871	1.847651	6.045595
135.816000	14993649.000000	-1.835016	0.939517	1.540403	-1.363021	1.771086	6.054429
135.866000	14993655.000000	-1.835031	0.939524	1.540419	-1.438656	1.694392	6.035177
135.917000	14993661.000000	-1.835046	0.939707	1.540409	-1.176993	1.847724	6.055255
135.967000	14993667.000000	-1.835078	0.939676	1.540433	-1.153150	1.760194	6.053086
136.016000	14993673.000000	-1.835035	0.939494	1.540462	-1.484691	1.645254	6.031133
136.066000	14993679.000000	-1.835073	0.939695	1.540406	-1.204909	1.810300	6.052179
136.116000	14993685.000000	-1.835079	0.939644	1.540455	-1.162942	1.837192	6.042418
136.167000	14993691.000000	-1.835065	0.939718	1.540453	-1.246993	1.845453	6.045064
136.216000	14993697.000000	-1.835076	0.939667	1.540441	-1.259423	1.733984	6.051619
136.266000	14993703.000000	-1.835030	0.939527	1.540421	-1.433076	1.636903	6.038558
136.316000	14993709.000000	-1.835007	0.939521	1.540420	-1.478916	1.788976	6.027524
136.366000	14993715.000000	-1.835043	0.939538	1.540413	-1.412554	1.747241	6.051541
136.417000	14993721.000000	-1.835028	0.939494	1.540438	-1.435847	1.741962	6.044699
136.466000	14993727.000000	-1.835027	0.939524	1.540382	-1.393262	1.672867	6.043133
136.516000	14993733.000000	-1.835056	0.939663	1.540478	-1.236438	1.765236	6.051000
136.566000	14993739.000000	-1.835062	0.939670	1.540479	-1.228551	1.889283	6.027762
136.616000	14993745.000000	-1.835084	0.939698	1.540447	-1.253298	1.907030	6.036529
136.667000	14993751.000000	-1.835045	0.939489	1.540457	-1.433857	1.615161	6.032268
136.716000	14993757.000000	-1.835131	0.939704	1.540469	-1.262581	1.821002	6.024414
136.767000	14993763.000000	-1.835124	0.939496	1.540446	-1.460818	1.695397	6.007661
136.817000	14993769.000000	-1.835257	0.939738	1.540486	-1.273492	1.843843	5.992288
136.867000	14993775.000000	-1.835313	0.939550	1.540446	-1.589712	1.655002	5.965690
136.916000	14993781.000000	-1.835502	0.939556	1.540439	-1.469222	1.705924	5.929962
136.967000	14993787.000000	-1.835668	0.939505	1.540412	-1.512870	1.548343	5.883461
137.016000	14993793.000000	-1.835879	0.939740	1.540433	-1.378788	1.716636	5.846201
137.066000	14993799.000000	-1.835940	0.939555	1.540384	-1.477045	1.619905	5.829129
137.116000	14993805.000000	-1.835953	0.939571	1.540426	-1.557938	1.611494	5.827705
137.167000	14993811.000000	-1.835976	0.939593	1.540372	-1.499469	1.688928	5.809209
137.216000	14993817.000000	-1.835978	0.939588	1.540371	-1.536327	1.592603	5.811765
137.266000	14993823.000000	-1.835996	0.939616	1.540371	-1.533853	1.637585	5.802121
137.316000	14993829.000000	-1.835997	0.939587	1.540356	-1.457389	1.690578	5.818473
137.366000	14993835.000000	-1.836007	0.939572	1.540373	-1.414617	1.623049	5.834102
137.417000	14993841.000000	-1.836017	0.939626	1.540336	-1.492744	1.698940	5.823857
137.466000	14993847.000000	-1.836007	0.939558	1.540372	-1.505676	1.591903	5.828136
137.516000	14993853.000000	-1.836056	0.939712	1.540385	-1.227080	1.797988	5.829691
137.566000	14993859.000000	-1.836007	0.939691	1.540331	-1.554150	1.672191	5.823105
137.617000	14993865.000000	-1.836060	0.939740	1.540392	-1.308200	1.772261	5.814100
137.666000	14993871.000000	-1.836026	0.939664	1.540344	-1.511380	1.710648	5.814787
137.717000	14993877.000000	-1.836044	0.939798	1.540388	-1.234775	1.823472	5.829109
137.766000	14993883.000000	-1.836037	0.939513	1.540348	-1.545599	1.576546	5.814799
137.816000	14993889.000000	-1.835999	0.939623	1.540351	-1.412814	1.745599	5.824263
137.866000	14993895.000000	-1.836019	0.939582	1.540365	-1.524047	1.636174	5.818693
137.917000	14993901.000000	-1.836003	0.939621	1.540316	-1.464969	1.686052	5.824368
137.966000	14993907.000000	-1.836044	0.939808	1.540390	-1.307280	1.821824	5.821200
138.016000	14993913.000000	-1.836031	0.939637	1.540327	-1.481987	1.737778	5.825675
138.066000	14993919.000000	-1.836016	0.939692	1.540365	-1.423133	1.602153	5.804998
138.116000	14993925.000000	-1.836045	0.939583	1.540347	-1.445116	1.627910	5.835644
138.167000	14993931.000000	-1.836088	0.939789	1.540373	-1.315133	1.840698	5.828294
138.216000	14993937.000000	-1.836084	0.939836	1.540399	-1.127583	1.771831	5.836148
138.266000	14993943.000000	-1.836053	0.939589	1.540369	-1.471289	1.697698	5.827512
138.316000	14993949.000000	-1.836058	0.939610	1.540359	-1.462969	1.737975	5.842573
138.366000	14993955.000000	-1.836066	0.939607	1.540354	-1.445929	1.645441	5.831268
138.417000	14993961.000000	-1.836086	0.939594	1.540392	-1.507375	1.743786	5.827920
138.467000	14993967.000000	-1.836069	0.939624	1.540341	-1.482610	1.704488	5.823943
138.516000	14993973.000000	-1.836102	0.939601	1.540377	-1.440793	1.714658	5.837522
