%time	0	1	2	3	4	5	6
1347.691000	-431602080.000000	-431602080.000000	-431602080.000000	-431602080.000000	135.000000	-0.000000	135.000000
1347.731000	5035878.000000	-2.254608	0.917000	2.482697	-0.510076	-1.649382	3.860154
1347.781000	5035884.000000	-2.254519	0.917144	2.482744	-0.882823	-0.915066	3.754703
1347.832000	5035890.000000	-2.254520	0.917154	2.482714	-0.894848	-0.896665	3.779055
1347.881000	5035896.000000	-2.254582	0.917179	2.482701	-0.960896	-0.720405	3.727592
1347.931000	5035902.000000	-2.254621	0.917182	2.482714	-0.763095	-0.757588	3.749118
1347.981000	5035908.000000	-2.254354	0.917419	2.482866	-0.752279	-0.630936	3.628263
1348.031000	5035914.000000	-2.254658	0.917057	2.482707	-0.529707	-1.184551	3.824574
1348.082000	5035920.000000	-2.254620	0.917078	2.482707	-0.787952	-0.650957	3.736671
1348.131000	5035926.000000	-2.254736	0.917003	2.482698	-0.592598	-1.203872	3.786545
1348.181000	5035932.000000	-2.254718	0.917094	2.482669	-0.749590	-0.826324	3.810244
1348.231000	5035938.000000	-2.254557	0.917265	2.482677	-0.906094	-0.535908	3.715290
1348.281000	5035944.000000	-2.254522	0.917196	2.482682	-0.894153	-0.811062	3.767661
1348.332000	5035950.000000	-2.254547	0.917105	2.482691	-0.711173	-0.797765	3.802109
1348.381000	5035956.000000	-2.254565	0.917219	2.482723	-0.925045	-0.817178	3.737780
1348.431000	5035962.000000	-2.254452	0.917418	2.482884	-0.610830	-0.721726	3.661776
1348.481000	5035968.000000	-2.254342	0.917441	2.482838	-0.707939	-0.737776	3.655244
1348.531000	5035974.000000	-2.254266	0.917375	2.482910	-0.638184	-0.827638	3.695961
1348.582000	5035980.000000	-2.254743	0.917215	2.482773	-0.860186	-0.934025	3.740924
1348.631000	5035986.000000	-2.255059	0.916965	2.482697	-0.407323	-0.923105	3.805298
1348.681000	5035992.000000	-2.255110	0.916922	2.482754	-0.756957	-1.203462	3.793875
1348.731000	5035998.000000	-2.254647	0.917365	2.482917	-0.581356	-0.702337	3.652553
1348.781000	5036004.000000	-2.254694	0.917098	2.482752	-0.895781	-0.537717	3.717534
1348.832000	5036010.000000	-2.254410	0.917401	2.482935	-0.676612	-0.589067	3.644335
1348.881000	5036016.000000	-2.254707	0.916997	2.482769	-0.729086	-0.493100	3.732373
1348.931000	5036022.000000	-2.254627	0.917151	2.482779	-0.702720	-0.662250	3.738374
1348.981000	5036028.000000	-2.254548	0.917115	2.482732	-0.808123	-0.853301	3.773948
1349.031000	5036034.000000	-2.254510	0.917194	2.482769	-0.699848	-1.011351	3.767986
1349.082000	5036040.000000	-2.254561	0.917156	2.482691	-1.006057	-0.815481	3.771957
1349.131000	5036046.000000	-2.254525	0.917339	2.482887	-0.722918	-0.596117	3.642372
1349.181000	5036052.000000	-2.254949	0.916961	2.482790	-0.783764	-0.920134	3.760610
1349.231000	5036058.000000	-2.254683	0.917384	2.482963	-0.556895	-0.785838	3.650946
1349.281000	5036064.000000	-2.254919	0.917047	2.482776	-0.484039	-0.777424	3.799650
1349.332000	5036070.000000	-2.254728	0.917261	2.482999	-0.488780	-0.982143	3.688780
1349.381000	5036076.000000	-2.255096	0.916900	2.482793	-0.575255	-1.194878	3.823201
1349.431000	5036082.000000	-2.255136	0.917106	2.483005	-0.251251	-1.472058	3.690813
1349.481000	5036088.000000	-2.255927	0.916548	2.482791	-0.622912	-0.982088	3.852755
1349.531000	5036094.000000	-2.256592	0.916922	2.482853	-0.263701	-1.182718	3.785089
1349.582000	5036100.000000	-2.257149	0.916904	2.483073	-0.531137	-1.159906	3.764259
1349.631000	5036106.000000	-2.258329	0.917171	2.483014	-0.530003	-1.223090	3.729898
1349.681000	5036112.000000	-2.260327	0.917102	2.483099	-0.300667	-0.896187	3.671577
1349.731000	5036118.000000	-2.263270	0.917009	2.482929	-0.872534	-1.253486	3.855129
1349.781000	5036124.000000	-2.266591	0.916913	2.482826	-0.596246	-1.462290	3.817343
1349.832000	5036130.000000	-2.270389	0.916998	2.482753	-0.755861	-1.930950	3.751875
1349.881000	5036136.000000	-2.274784	0.917111	2.482726	-0.559770	-2.163283	3.746733
1349.931000	5036142.000000	-2.279715	0.916978	2.482661	-0.388220	-2.218290	3.728802
1349.981000	5036148.000000	-2.284937	0.917386	2.482568	0.039658	-2.713570	3.762588
1350.031000	5036154.000000	-2.290604	0.917098	2.482660	-0.490174	-2.210314	3.700860
1350.082000	5036160.000000	-2.296293	0.917132	2.482934	-0.506088	-2.244997	3.753927
1350.131000	5036166.000000	-2.301851	0.917688	2.483787	-0.348060	-1.304279	3.630729
1350.181000	5036172.000000	-2.308259	0.917397	2.484145	-1.036876	-1.488505	3.715400
1350.231000	5036178.000000	-2.314135	0.917803	2.484798	-0.507374	-0.886713	3.697989
1350.281000	5036184.000000	-2.320700	0.917498	2.485205	-0.622889	-1.505039	3.942564
1350.332000	5036190.000000	-2.326330	0.918125	2.485842	-0.429802	-1.477792	3.782560
1350.381000	5036196.000000	-2.332502	0.918192	2.485825	-0.165345	-1.443672	4.076653
1350.431000	5036202.000000	-2.338316	0.918378	2.486144	-0.026197	-2.075885	4.016812
1350.481000	5036208.000000	-2.343912	0.918500	2.486651	0.048656	-1.272040	3.818950
1350.531000	5036214.000000	-2.349873	0.918558	2.486945	-0.087322	-1.882100	3.986274
1350.582000	5036220.000000	-2.355871	0.918513	2.487420	-0.158033	-2.608403	3.976399
1350.631000	5036226.000000	-2.361715	0.918521	2.487678	-0.479385	-1.674657	4.063207
1350.681000	5036232.000000	-2.367761	0.918755	2.488151	-0.467651	-1.622710	4.070743
1350.731000	5036238.000000	-2.373580	0.919393	2.488956	-0.281830	-1.221232	4.010528
1350.781000	5036244.000000	-2.380265	0.919048	2.489701	-0.866082	-0.678156	3.992588
1350.832000	5036250.000000	-2.387398	0.919168	2.490211	0.263486	-2.141078	4.327083
1350.881000	5036256.000000	-2.394196	0.919084	2.490813	0.216557	-1.666503	4.217347
1350.931000	5036262.000000	-2.400997	0.919437	2.491290	0.928280	-1.934030	4.249355
1350.981000	5036268.000000	-2.407297	0.919318	2.492120	0.118723	-2.006806	4.149824
1351.031000	5036274.000000	-2.414275	0.919255	2.492423	0.545829	-2.410852	4.274463
1351.082000	5036280.000000	-2.420552	0.919398	2.492891	0.193655	-2.059986	4.328522
1351.131000	5036286.000000	-2.426596	0.919497	2.493896	-0.489639	-0.870296	4.056332
1351.181000	5036292.000000	-2.433217	0.919893	2.494326	-0.504043	-1.130092	4.156170
1351.231000	5036298.000000	-2.440222	0.919650	2.495187	-0.350606	-0.987279	4.186965
1351.281000	5036304.000000	-2.447572	0.920045	2.495579	0.016092	-1.640365	4.452836
1351.332000	5036310.000000	-2.454976	0.920030	2.496405	0.188274	-1.000732	4.275371
1351.381000	5036316.000000	-2.462903	0.920027	2.496948	-0.096838	-2.328433	4.285318
1351.431000	5036322.000000	-2.470531	0.920181	2.497649	0.546038	-2.634918	4.020343
1351.481000	5036328.000000	-2.479096	0.920275	2.497718	-0.014177	-1.918203	4.309198
1351.531000	5036334.000000	-2.486909	0.920845	2.498535	-0.265175	-1.306696	4.026512
1351.582000	5036340.000000	-2.495098	0.920971	2.498921	-0.487512	-1.301347	4.157370
1351.631000	5036346.000000	-2.503175	0.920945	2.499556	-0.441712	-0.780091	3.894327
1351.681000	5036352.000000	-2.511472	0.920848	2.500411	-0.437846	-0.960274	4.134755
1351.731000	5036358.000000	-2.519612	0.921012	2.500948	-0.483320	-1.558288	4.218370
1351.781000	5036364.000000	-2.527722	0.921135	2.501525	-0.063252	-1.815233	4.211821
1351.832000	5036370.000000	-2.536246	0.920766	2.502314	0.219404	-2.516449	4.262754
1351.881000	5036376.000000	-2.544799	0.921399	2.502572	0.245413	-2.401476	4.554963
1351.931000	5036382.000000	-2.552511	0.921751	2.503559	-0.129999	-1.696094	4.171965
1351.981000	5036388.000000	-2.560831	0.922148	2.504111	-0.673909	-1.275071	4.021245
1352.031000	5036394.000000	-2.569103	0.922287	2.504369	-0.329766	-1.208228	4.057660
1352.082000	5036400.000000	-2.577420	0.922388	2.504633	-0.577752	-1.277932	4.004678
1352.131000	5036406.000000	-2.585987	0.922314	2.504851	-0.587410	-1.182240	4.375134
1352.181000	5036412.000000	-2.594621	0.922115	2.505016	-0.342422	-1.716354	4.540897
1352.231000	5036418.000000	-2.603006	0.921959	2.505527	-0.124054	-2.046040	4.570998
1352.281000	5036424.000000	-2.610977	0.922017	2.506507	0.175788	-2.427671	4.479513
1352.332000	5036430.000000	-2.619254	0.922384	2.507082	0.334082	-1.824557	4.275730
1352.381000	5036436.000000	-2.627759	0.922443	2.507553	0.457545	-1.854311	4.276896
1352.431000	5036442.000000	-2.636227	0.922732	2.508131	0.718495	-2.144821	4.339261
1352.481000	5036448.000000	-2.645136	0.922660	2.508497	1.217616	-3.164695	4.678835
1352.531000	5036454.000000	-2.653141	0.923258	2.509134	0.081910	-1.928378	4.344668
1352.582000	5036460.000000	-2.661742	0.923380	2.509699	-0.220048	-1.691697	4.377267
1352.631000	5036466.000000	-2.670394	0.923805	2.510095	0.295798	-1.248895	4.352030
1352.681000	5036472.000000	-2.679505	0.923578	2.510877	-0.137155	-1.682926	4.661206
1352.731000	5036478.000000	-2.688553	0.923620	2.511955	0.093979	-1.284061	4.535749
1352.781000	5036484.000000	-2.697710	0.923937	2.512526	0.162511	-0.822199	4.424417
1352.832000	5036490.000000	-2.707041	0.923351	2.513074	0.445934	-1.943951	4.569972
1352.881000	5036496.000000	-2.715991	0.923426	2.513720	0.654426	-2.038275	4.560916
1352.931000	5036502.000000	-2.725253	0.923056	2.514222	0.981182	-2.855536	4.838481
1352.981000	5036508.000000	-2.733909	0.923319	2.514654	1.316827	-3.115360	4.786087
1353.031000	5036514.000000	-2.742190	0.923591	2.515599	-0.470952	-1.785326	4.389963
1353.082000	5036520.000000	-2.750954	0.923564	2.516616	0.048469	-1.982715	4.705846
1353.131000	5036526.000000	-2.759352	0.923638	2.517208	0.016302	-2.449720	4.725451
1353.181000	5036532.000000	-2.767892	0.923570	2.517851	-0.002174	-2.309711	4.651638
1353.231000	5036538.000000	-2.776218	0.923594	2.518588	0.180083	-2.472883	4.576590
1353.281000	5036544.000000	-2.784667	0.923810	2.519011	0.679770	-2.478447	4.595942
1353.332000	5036550.000000	-2.792855	0.923743	2.519485	0.668261	-2.825406	4.613547
1353.381000	5036556.000000	-2.801041	0.924022	2.519981	1.114286	-3.379409	4.761926
1353.431000	5036562.000000	-2.808384	0.924645	2.520582	0.229349	-0.705736	4.172930
1353.481000	5036568.000000	-2.816155	0.924538	2.520989	-0.587827	-1.321462	4.209463
1353.531000	5036574.000000	-2.823540	0.924993	2.521631	0.157971	-1.479883	4.215245
1353.582000	5036580.000000	-2.831226	0.924983	2.522457	-0.222437	-2.080071	4.594339
1353.631000	5036586.000000	-2.838752	0.924731	2.522968	0.108540	-2.617172	4.766392
1353.681000	5036592.000000	-2.845993	0.924854	2.523184	0.058832	-2.368855	4.571818
1353.731000	5036598.000000	-2.853082	0.925197	2.523625	0.112982	-1.913475	4.583474
1353.781000	5036604.000000	-2.859942	0.925092	2.523957	0.225178	-1.876101	4.460362
1353.832000	5036610.000000	-2.866609	0.925609	2.523935	0.159393	-1.525063	4.460165
1353.881000	5036616.000000	-2.873496	0.925196	2.524117	0.767011	-2.338314	4.596735
1353.931000	5036622.000000	-2.879802	0.925581	2.524221	0.015631	-1.176225	4.304266
1353.981000	5036628.000000	-2.886696	0.925261	2.524225	0.380782	-2.382423	4.479046
1354.031000	5036634.000000	-2.893218	0.925103	2.524239	0.651719	-2.811847	4.605519
1354.082000	5036640.000000	-2.899510	0.925430	2.524282	0.018652	-1.910811	4.404122
1354.131000	5036646.000000	-2.906065	0.925213	2.524686	0.545308	-3.062785	4.532612
1354.181000	5036652.000000	-2.912405	0.925411	2.524891	-0.217100	-2.377064	4.389214
1354.231000	5036658.000000	-2.918986	0.925312	2.525053	0.339129	-2.875376	4.495902
1354.281000	5036664.000000	-2.925606	0.925508	2.525367	0.000247	-1.894927	4.293358
1354.332000	5036670.000000	-2.932274	0.925299	2.525623	0.592405	-2.834643	4.392833
1354.381000	5036676.000000	-2.939199	0.925404	2.525619	0.296406	-2.238687	4.332791
1354.431000	5036682.000000	-2.945880	0.925813	2.525751	0.464411	-2.309296	4.307859
1354.481000	5036688.000000	-2.952967	0.925687	2.525909	0.926009	-2.773516	4.416946
1354.531000	5036694.000000	-2.959727	0.926120	2.526001	0.488581	-1.507936	4.187006
1354.582000	5036700.000000	-2.966883	0.926146	2.526191	0.604808	-2.270111	4.340624
1354.631000	5036706.000000	-2.974205	0.926002	2.526392	1.117514	-2.578414	4.416294
1354.681000	5036712.000000	-2.981507	0.926026	2.527099	0.535927	-2.385318	4.302080
1354.731000	5036718.000000	-2.989150	0.926112	2.527771	0.330690	-1.333900	4.061073
1354.781000	5036724.000000	-2.997241	0.925908	2.528171	0.610735	-2.746916	4.376808
1354.832000	5036730.000000	-3.005566	0.925777	2.528446	0.619190	-2.993732	4.286680
1354.881000	5036736.000000	-3.013825	0.925750	2.528998	0.654323	-3.210855	4.283193
1354.931000	5036742.000000	-3.022049	0.925592	2.529596	0.942180	-3.381278	4.328791
1354.981000	5036748.000000	-3.030125	0.925609	2.530046	0.862158	-3.581671	4.304498
1355.031000	5036754.000000	-3.038459	0.925457	2.530373	0.997774	-3.789993	4.290858
1355.082000	5036760.000000	-3.046331	0.926204	2.530868	0.013903	-1.441426	3.819494
1355.131000	5036766.000000	-3.054501	0.926225	2.531626	0.171938	-1.654205	3.844995
1355.181000	5036772.000000	-3.062558	0.926482	2.531911	0.254598	-1.526155	3.763016
1355.231000	5036778.000000	-3.070477	0.926561	2.532123	0.132351	-1.494232	3.714796
1355.281000	5036784.000000	-3.078248	0.926557	2.532341	0.351366	-1.819629	3.833015
1355.332000	5036790.000000	-3.085562	0.926659	2.532861	0.553375	-2.009914	4.156847
1355.381000	5036796.000000	-3.092294	0.926701	2.533110	0.681624	-1.441093	3.765514
1355.431000	5036802.000000	-3.099108	0.926658	2.533414	0.477992	-1.792058	4.097302
1355.481000	5036808.000000	-3.105948	0.926513	2.533638	0.700601	-2.266405	4.172356
1355.531000	5036814.000000	-3.111873	0.926633	2.533946	0.603741	-1.893125	4.069497
1355.582000	5036820.000000	-3.118398	0.926334	2.534179	0.851279	-2.229358	4.150608
1355.631000	5036826.000000	-3.124332	0.926650	2.534372	0.595982	-1.609558	4.031502
1355.681000	5036832.000000	-3.130626	0.926533	2.534740	0.778221	-2.686842	4.177038
1355.731000	5036838.000000	-3.137145	0.926682	2.535011	0.497924	-1.926810	3.993924
1355.781000	5036844.000000	-3.143955	0.926523	2.535358	0.735798	-2.695909	4.080429
1355.832000	5036850.000000	-3.151364	0.926277	2.535366	0.927735	-3.406125	4.441717
1355.881000	5036856.000000	-3.158024	0.926864	2.535742	0.516542	-2.350078	3.972887
1355.931000	5036862.000000	-3.165318	0.927040	2.535996	0.346340	-3.272101	4.063949
1355.981000	5036868.000000	-3.172724	0.926958	2.536218	1.168871	-3.637860	4.382893
1356.031000	5036874.000000	-3.179460	0.927168	2.536398	0.946809	-2.435626	4.005985
1356.082000	5036880.000000	-3.186604	0.927236	2.536283	1.082636	-2.547295	4.053517
1356.131000	5036886.000000	-3.194069	0.927053	2.536121	1.464257	-3.324680	4.307028
1356.181000	5036892.000000	-3.200571	0.927292	2.536417	0.852107	-1.912568	3.877372
1356.231000	5036898.000000	-3.207479	0.927197	2.536503	0.671919	-3.115334	4.134806
1356.281000	5036904.000000	-3.213977	0.927487	2.536719	0.496338	-1.820384	3.748029
1356.332000	5036910.000000	-3.220583	0.927361	2.537116	0.535628	-2.938964	4.025944
1356.381000	5036916.000000	-3.227135	0.927190	2.537644	0.932464	-3.027968	3.920398
1356.431000	5036922.000000	-3.233608	0.927291	2.537887	0.716832	-3.146378	4.056933
1356.481000	5036928.000000	-3.240143	0.927411	2.538069	0.588021	-3.289725	3.971461
1356.531000	5036934.000000	-3.246953	0.927557	2.538049	0.751437	-2.816976	3.968998
1356.582000	5036940.000000	-3.254316	0.927756	2.537799	1.256491	-3.430966	4.210666
1356.631000	5036946.000000	-3.261611	0.927766	2.537867	1.511942	-3.861973	4.324514
1356.681000	5036952.000000	-3.268347	0.928137	2.538216	0.843018	-2.612989	3.957160
1356.731000	5036958.000000	-3.275858	0.928300	2.538150	1.096144	-3.033492	3.994426
1356.781000	5036964.000000	-3.283854	0.928146	2.538121	0.706912	-3.060387	4.152931
1356.832000	5036970.000000	-3.291542	0.928046	2.538927	1.463419	-3.768246	4.262177
1356.881000	5036976.000000	-3.299629	0.927870	2.539386	1.520547	-4.007065	4.337917
1356.931000	5036982.000000	-3.306967	0.928517	2.539799	0.367035	-2.050150	3.497578
1356.981000	5036988.000000	-3.316189	0.927817	2.540102	1.350427	-4.478875	4.406100
1357.031000	5036994.000000	-3.323739	0.928414	2.540886	0.192494	-2.227965	3.467743
1357.082000	5037000.000000	-3.331750	0.928948	2.541311	-0.058059	-1.405316	3.283477
1357.131000	5037006.000000	-3.340151	0.928611	2.542000	0.094973	-1.826164	3.422794
1357.181000	5037012.000000	-3.348235	0.928728	2.542670	0.349553	-1.933751	3.558808
1357.231000	5037018.000000	-3.356426	0.928858	2.543470	0.406802	-1.712355	3.577756
1357.281000	5037024.000000	-3.364765	0.928520	2.544315	0.468648	-2.124331	3.652026
1357.332000	5037030.000000	-3.373123	0.928580	2.544818	0.392240	-2.302118	3.684970
1357.381000	5037036.000000	-3.381741	0.928315	2.545559	0.816306	-3.346032	4.179660
1357.431000	5037042.000000	-3.390367	0.928385	2.545932	1.030260	-3.490671	4.331715
1357.481000	5037048.000000	-3.398638	0.928343	2.546594	0.852600	-3.780365	4.356796
1357.531000	5037054.000000	-3.406735	0.928822	2.547049	0.777891	-3.910418	4.377530
1357.582000	5037060.000000	-3.414257	0.928925	2.547967	0.058842	-2.182795	3.648546
1357.631000	5037066.000000	-3.422036	0.929287	2.548547	0.076098	-1.864158	3.616791
1357.681000	5037072.000000	-3.429902	0.929243	2.548916	0.337750	-1.809112	3.635472
1357.731000	5037078.000000	-3.437591	0.929207	2.549553	0.752093	-2.124491	3.676034
1357.781000	5037084.000000	-3.445513	0.929137	2.550119	0.855736	-2.259680	3.911297
1357.832000	5037090.000000	-3.453007	0.929181	2.550745	0.724928	-2.252945	3.866707
1357.881000	5037096.000000	-3.460727	0.929469	2.550972	0.859251	-2.054087	3.928724
1357.931000	5037102.000000	-3.468383	0.929514	2.551533	0.998553	-2.385855	3.971859
1357.981000	5037108.000000	-3.476357	0.929635	2.551658	1.133758	-2.760819	4.059888
1358.031000	5037114.000000	-3.484400	0.929483	2.551620	1.375167	-2.899047	4.119074
1358.082000	5037120.000000	-3.492646	0.929374	2.551559	1.166706	-2.992400	4.123719
1358.131000	5037126.000000	-3.501174	0.929328	2.551394	0.953622	-3.085710	4.117816
1358.181000	5037132.000000	-3.509302	0.929681	2.551408	0.936338	-2.445218	3.809298
1358.231000	5037138.000000	-3.517793	0.929473	2.551767	1.168604	-2.621325	3.811277
1358.281000	5037144.000000	-3.526421	0.929698	2.551868	1.170033	-2.269917	3.846283
1358.332000	5037150.000000	-3.534655	0.929577	2.552218	1.205507	-2.172840	3.707302
1358.381000	5037156.000000	-3.543142	0.929720	2.552180	1.283233	-2.338433	3.826228
1358.431000	5037162.000000	-3.551201	0.929599	2.552259	1.539496	-2.546548	3.969732
1358.481000	5037168.000000	-3.559262	0.929587	2.552076	1.477733	-3.370962	4.021835
1358.531000	5037174.000000	-3.567202	0.929638	2.551978	1.332586	-3.939822	4.130197
1358.582000	5037180.000000	-3.574788	0.930102	2.551967	0.976408	-3.016717	3.860407
1358.631000	5037186.000000	-3.582348	0.930301	2.551790	1.418927	-2.941834	3.905250
1358.681000	5037192.000000	-3.590230	0.929793	2.551886	2.069064	-3.197119	3.888259
1358.731000	5037198.000000	-3.597861	0.929859	2.552242	2.137546	-3.985410	3.944565
1358.781000	5037204.000000	-3.605713	0.929846	2.552656	1.383056	-3.189370	3.637494
1358.832000	5037210.000000	-3.613437	0.930001	2.552701	1.208550	-2.527999	3.629846
1358.881000	5037216.000000	-3.620373	0.929618	2.552776	1.970372	-4.464192	3.731986
1358.931000	5037222.000000	-3.627021	0.929219	2.553097	2.155592	-1.913093	3.638053
1358.981000	5037228.000000	-3.637654	0.929703	2.553108	1.695493	-4.793702	3.788938
1359.031000	5037234.000000	-3.645816	0.929937	2.553120	1.327242	-3.892715	3.483224
1359.082000	5037240.000000	-3.653905	0.929960	2.553203	1.663200	-3.947699	3.591070
1359.131000	5037246.000000	-3.653905	0.929960	2.553203	1.663200	-3.947699	3.591070
1359.181000	5037252.000000	-3.667547	0.929892	2.553448	1.895994	-3.493904	3.431273
1359.231000	5037258.000000	-3.667547	0.929892	2.553448	1.895994	-3.493904	3.431273
1359.281000	5037264.000000	-3.667547	0.929892	2.553448	1.895994	-3.493904	3.431273
1359.332000	5037270.000000	-3.667547	0.929892	2.553448	1.895994	-3.493904	3.431273
1359.381000	5037276.000000	-3.667547	0.929892	2.553448	1.895994	-3.493904	3.431273
1359.431000	5037282.000000	-3.667547	0.929892	2.553448	1.895994	-3.493904	3.431273
1359.481000	5037288.000000	-3.667547	0.929892	2.553448	1.895994	-3.493904	3.431273
1359.531000	5037294.000000	-3.667547	0.929892	2.553448	1.895994	-3.493904	3.431273
1359.582000	5037300.000000	-3.667547	0.929892	2.553448	1.895994	-3.493904	3.431273
1359.631000	5037306.000000	-3.667547	0.929892	2.553448	1.895994	-3.493904	3.431273
1359.681000	5037312.000000	-3.667547	0.929892	2.553448	1.895994	-3.493904	3.431273
1359.731000	5037318.000000	-3.667547	0.929892	2.553448	1.895994	-3.493904	3.431273
1359.781000	5037324.000000	-3.667547	0.929892	2.553448	1.895994	-3.493904	3.431273
1359.832000	5037330.000000	-3.667547	0.929892	2.553448	1.895994	-3.493904	3.431273
1359.881000	5037336.000000	-3.667547	0.929892	2.553448	1.895994	-3.493904	3.431273
1359.931000	5037342.000000	-3.667547	0.929892	2.553448	1.895994	-3.493904	3.431273
1359.981000	5037348.000000	-3.667547	0.929892	2.553448	1.895994	-3.493904	3.431273
1360.031000	5037354.000000	-3.667547	0.929892	2.553448	1.895994	-3.493904	3.431273
1360.082000	5037360.000000	-3.667547	0.929892	2.553448	1.895994	-3.493904	3.431273
1360.131000	5037366.000000	-3.667547	0.929892	2.553448	1.895994	-3.493904	3.431273
1360.181000	5037372.000000	-3.667547	0.929892	2.553448	1.895994	-3.493904	3.431273
1360.231000	5037378.000000	-3.667547	0.929892	2.553448	1.895994	-3.493904	3.431273
1360.281000	5037384.000000	-3.667547	0.929892	2.553448	1.895994	-3.493904	3.431273
1360.332000	5037390.000000	-3.667547	0.929892	2.553448	1.895994	-3.493904	3.431273
1360.381000	5037396.000000	-3.667547	0.929892	2.553448	1.895994	-3.493904	3.431273
1360.431000	5037402.000000	-3.667547	0.929892	2.553448	1.895994	-3.493904	3.431273
1360.481000	5037408.000000	-3.667547	0.929892	2.553448	1.895994	-3.493904	3.431273
1360.531000	5037414.000000	-3.667547	0.929892	2.553448	1.895994	-3.493904	3.431273
1360.582000	5037420.000000	-3.906199	0.930171	2.557369	-0.032159	-1.939357	1.187056
1360.631000	5037426.000000	-3.906199	0.930171	2.557369	-0.032159	-1.939357	1.187056
1360.681000	5037432.000000	-3.906199	0.930171	2.557369	-0.032159	-1.939357	1.187056
1360.731000	5037438.000000	-3.906199	0.930171	2.557369	-0.032159	-1.939357	1.187056
1360.781000	5037444.000000	-3.906199	0.930171	2.557369	-0.032159	-1.939357	1.187056
1360.832000	5037450.000000	-3.906199	0.930171	2.557369	-0.032159	-1.939357	1.187056
1360.881000	5037456.000000	-3.906199	0.930171	2.557369	-0.032159	-1.939357	1.187056
1360.931000	5037462.000000	-3.906199	0.930171	2.557369	-0.032159	-1.939357	1.187056
1360.981000	5037468.000000	-3.906199	0.930171	2.557369	-0.032159	-1.939357	1.187056
1361.031000	5037474.000000	-3.906199	0.930171	2.557369	-0.032159	-1.939357	1.187056
1361.082000	5037480.000000	-3.906199	0.930171	2.557369	-0.032159	-1.939357	1.187056
1361.131000	5037486.000000	-3.906199	0.930171	2.557369	-0.032159	-1.939357	1.187056
1361.181000	5037492.000000	-3.906199	0.930171	2.557369	-0.032159	-1.939357	1.187056
1361.231000	5037498.000000	-3.906199	0.930171	2.557369	-0.032159	-1.939357	1.187056
1361.281000	5037504.000000	-3.906199	0.930171	2.557369	-0.032159	-1.939357	1.187056
1361.332000	5037510.000000	-3.906199	0.930171	2.557369	-0.032159	-1.939357	1.187056
1361.381000	5037516.000000	-3.906199	0.930171	2.557369	-0.032159	-1.939357	1.187056
1361.431000	5037522.000000	-3.906199	0.930171	2.557369	-0.032159	-1.939357	1.187056
1361.481000	5037528.000000	-3.906199	0.930171	2.557369	-0.032159	-1.939357	1.187056
1361.531000	5037534.000000	-3.906199	0.930171	2.557369	-0.032159	-1.939357	1.187056
1361.582000	5037540.000000	-3.906199	0.930171	2.557369	-0.032159	-1.939357	1.187056
1361.631000	5037546.000000	-3.906199	0.930171	2.557369	-0.032159	-1.939357	1.187056
1361.681000	5037552.000000	-3.906199	0.930171	2.557369	-0.032159	-1.939357	1.187056
1361.731000	5037558.000000	-3.906199	0.930171	2.557369	-0.032159	-1.939357	1.187056
1361.781000	5037564.000000	-3.906199	0.930171	2.557369	-0.032159	-1.939357	1.187056
1361.832000	5037570.000000	-3.906199	0.930171	2.557369	-0.032159	-1.939357	1.187056
1361.881000	5037576.000000	-3.906199	0.930171	2.557369	-0.032159	-1.939357	1.187056
1361.931000	5037582.000000	-3.906199	0.930171	2.557369	-0.032159	-1.939357	1.187056
1361.981000	5037588.000000	-3.906199	0.930171	2.557369	-0.032159	-1.939357	1.187056
1362.031000	5037594.000000	-3.906199	0.930171	2.557369	-0.032159	-1.939357	1.187056
1362.082000	5037600.000000	-4.140414	0.929554	2.564019	4.568598	0.434495	1.438904
1362.131000	5037606.000000	-4.140414	0.929554	2.564019	4.568598	0.434495	1.438904
1362.181000	5037612.000000	-4.140414	0.929554	2.564019	4.568598	0.434495	1.438904
1362.231000	5037618.000000	-4.140414	0.929554	2.564019	4.568598	0.434495	1.438904
1362.281000	5037624.000000	-4.140414	0.929554	2.564019	4.568598	0.434495	1.438904
1362.332000	5037630.000000	-4.140414	0.929554	2.564019	4.568598	0.434495	1.438904
1362.381000	5037636.000000	-4.140414	0.929554	2.564019	4.568598	0.434495	1.438904
1362.431000	5037642.000000	-4.140414	0.929554	2.564019	4.568598	0.434495	1.438904
1362.481000	5037648.000000	-4.140414	0.929554	2.564019	4.568598	0.434495	1.438904
1362.531000	5037654.000000	-4.140414	0.929554	2.564019	4.568598	0.434495	1.438904
1362.582000	5037660.000000	-4.140414	0.929554	2.564019	4.568598	0.434495	1.438904
1362.631000	5037666.000000	-4.140414	0.929554	2.564019	4.568598	0.434495	1.438904
1362.681000	5037672.000000	-4.140414	0.929554	2.564019	4.568598	0.434495	1.438904
1362.731000	5037678.000000	-4.140414	0.929554	2.564019	4.568598	0.434495	1.438904
1362.781000	5037684.000000	-4.140414	0.929554	2.564019	4.568598	0.434495	1.438904
1362.832000	5037690.000000	-4.140414	0.929554	2.564019	4.568598	0.434495	1.438904
1362.881000	5037696.000000	-4.140414	0.929554	2.564019	4.568598	0.434495	1.438904
1362.931000	5037702.000000	-4.140414	0.929554	2.564019	4.568598	0.434495	1.438904
1362.981000	5037708.000000	-4.140414	0.929554	2.564019	4.568598	0.434495	1.438904
1363.031000	5037714.000000	-4.140414	0.929554	2.564019	4.568598	0.434495	1.438904
1363.082000	5037720.000000	-4.140414	0.929554	2.564019	4.568598	0.434495	1.438904
1363.131000	5037726.000000	-4.140414	0.929554	2.564019	4.568598	0.434495	1.438904
1363.181000	5037732.000000	-4.140414	0.929554	2.564019	4.568598	0.434495	1.438904
1363.231000	5037738.000000	-4.140414	0.929554	2.564019	4.568598	0.434495	1.438904
1363.281000	5037744.000000	-4.140414	0.929554	2.564019	4.568598	0.434495	1.438904
1363.332000	5037750.000000	-4.140414	0.929554	2.564019	4.568598	0.434495	1.438904
1363.381000	5037756.000000	-4.140414	0.929554	2.564019	4.568598	0.434495	1.438904
1363.431000	5037762.000000	-4.140414	0.929554	2.564019	4.568598	0.434495	1.438904
1363.481000	5037768.000000	-4.140414	0.929554	2.564019	4.568598	0.434495	1.438904
1363.531000	5037774.000000	-4.140414	0.929554	2.564019	4.568598	0.434495	1.438904
1363.582000	5037780.000000	-4.140414	0.929554	2.564019	4.568598	0.434495	1.438904
1363.631000	5037786.000000	-4.140414	0.929554	2.564019	4.568598	0.434495	1.438904
1363.681000	5037792.000000	-4.140414	0.929554	2.564019	4.568598	0.434495	1.438904
1363.731000	5037798.000000	-4.140414	0.929554	2.564019	4.568598	0.434495	1.438904
1363.781000	5037804.000000	-4.140414	0.929554	2.564019	4.568598	0.434495	1.438904
1363.832000	5037810.000000	-4.140414	0.929554	2.564019	4.568598	0.434495	1.438904
1363.881000	5037816.000000	-4.140414	0.929554	2.564019	4.568598	0.434495	1.438904
1363.931000	5037822.000000	-4.140414	0.929554	2.564019	4.568598	0.434495	1.438904
1363.981000	5037828.000000	-4.140414	0.929554	2.564019	4.568598	0.434495	1.438904
1364.031000	5037834.000000	-4.140414	0.929554	2.564019	4.568598	0.434495	1.438904
1364.082000	5037840.000000	-4.140414	0.929554	2.564019	4.568598	0.434495	1.438904
1364.131000	5037846.000000	-4.140414	0.929554	2.564019	4.568598	0.434495	1.438904
1364.181000	5037852.000000	-4.140414	0.929554	2.564019	4.568598	0.434495	1.438904
1364.231000	5037858.000000	-4.140414	0.929554	2.564019	4.568598	0.434495	1.438904
1364.281000	5037864.000000	-4.140414	0.929554	2.564019	4.568598	0.434495	1.438904
1364.332000	5037870.000000	-4.140414	0.929554	2.564019	4.568598	0.434495	1.438904
1364.385000	5037877.000000	-4.140414	0.929554	2.564019	4.568598	0.434495	1.438904
1364.431000	5037882.000000	-4.140414	0.929554	2.564019	4.568598	0.434495	1.438904
1364.481000	5037888.000000	-4.140414	0.929554	2.564019	4.568598	0.434495	1.438904
1364.531000	5037894.000000	-4.140414	0.929554	2.564019	4.568598	0.434495	1.438904
1364.582000	5037900.000000	-4.140414	0.929554	2.564019	4.568598	0.434495	1.438904
1364.631000	5037906.000000	-4.140414	0.929554	2.564019	4.568598	0.434495	1.438904
1364.681000	5037912.000000	-4.140414	0.929554	2.564019	4.568598	0.434495	1.438904
1364.731000	5037918.000000	-4.140414	0.929554	2.564019	4.568598	0.434495	1.438904
1364.781000	5037924.000000	-4.140414	0.929554	2.564019	4.568598	0.434495	1.438904
1364.832000	5037930.000000	-4.140414	0.929554	2.564019	4.568598	0.434495	1.438904
1364.881000	5037936.000000	-4.140414	0.929554	2.564019	4.568598	0.434495	1.438904
1364.931000	5037942.000000	-4.140414	0.929554	2.564019	4.568598	0.434495	1.438904
1364.981000	5037948.000000	-4.140414	0.929554	2.564019	4.568598	0.434495	1.438904
1365.031000	5037954.000000	-4.140414	0.929554	2.564019	4.568598	0.434495	1.438904
1365.082000	5037960.000000	-4.140414	0.929554	2.564019	4.568598	0.434495	1.438904
1365.131000	5037966.000000	-4.140414	0.929554	2.564019	4.568598	0.434495	1.438904
1365.181000	5037972.000000	-4.140414	0.929554	2.564019	4.568598	0.434495	1.438904
1365.231000	5037978.000000	-4.140414	0.929554	2.564019	4.568598	0.434495	1.438904
1365.281000	5037984.000000	-4.140414	0.929554	2.564019	4.568598	0.434495	1.438904
1365.332000	5037990.000000	-4.140414	0.929554	2.564019	4.568598	0.434495	1.438904
1365.381000	5037996.000000	-4.140414	0.929554	2.564019	4.568598	0.434495	1.438904
1365.431000	5038002.000000	-4.140414	0.929554	2.564019	4.568598	0.434495	1.438904
1365.481000	5038008.000000	-4.140414	0.929554	2.564019	4.568598	0.434495	1.438904
1365.531000	5038014.000000	-4.140414	0.929554	2.564019	4.568598	0.434495	1.438904
1365.582000	5038020.000000	-4.140414	0.929554	2.564019	4.568598	0.434495	1.438904
1365.631000	5038026.000000	-4.140414	0.929554	2.564019	4.568598	0.434495	1.438904
1365.681000	5038032.000000	-4.140414	0.929554	2.564019	4.568598	0.434495	1.438904
1365.731000	5038038.000000	-4.140414	0.929554	2.564019	4.568598	0.434495	1.438904
1365.781000	5038044.000000	-4.140414	0.929554	2.564019	4.568598	0.434495	1.438904
1365.832000	5038050.000000	-4.140414	0.929554	2.564019	4.568598	0.434495	1.438904
1365.881000	5038056.000000	-4.140414	0.929554	2.564019	4.568598	0.434495	1.438904
1365.931000	5038062.000000	-4.140414	0.929554	2.564019	4.568598	0.434495	1.438904
1365.981000	5038068.000000	-4.140414	0.929554	2.564019	4.568598	0.434495	1.438904
1366.031000	5038074.000000	-4.140414	0.929554	2.564019	4.568598	0.434495	1.438904
1366.082000	5038080.000000	-4.140414	0.929554	2.564019	4.568598	0.434495	1.438904
1366.131000	5038086.000000	-4.140414	0.929554	2.564019	4.568598	0.434495	1.438904
1366.181000	5038092.000000	-4.140414	0.929554	2.564019	4.568598	0.434495	1.438904
