%time	0	1	2	3	4	5	6
737.244000	-431602080.000000	-431602080.000000	-431602080.000000	-431602080.000000	135.000000	-0.000000	135.000000
737.286000	5291449.000000	-2.277360	0.923641	1.521415	0.590470	-1.578465	-0.165921
737.336000	5291454.000000	-2.277391	0.923709	1.521414	0.550671	-1.574191	-0.161616
737.386000	5291461.000000	-2.277408	0.923699	1.521422	0.480891	-1.706437	-0.165361
737.435000	5291466.000000	-2.277418	0.923628	1.521378	0.612995	-1.499817	-0.167417
737.486000	5291473.000000	-2.277492	0.923582	1.521400	0.585033	-1.799732	-0.112020
737.536000	5291478.000000	-2.277481	0.923606	1.521440	0.609853	-1.955408	-0.118296
737.586000	5291485.000000	-2.277433	0.923684	1.521418	0.519064	-1.761677	-0.148568
737.636000	5291491.000000	-2.277470	0.923607	1.521402	0.577386	-1.864618	-0.124496
737.685000	5291496.000000	-2.277490	0.923682	1.521414	0.417671	-1.734592	-0.161978
737.736000	5291502.000000	-2.277551	0.923647	1.521387	0.578360	-1.664285	-0.095404
737.786000	5291509.000000	-2.277522	0.923694	1.521385	0.501025	-1.657055	-0.127444
737.836000	5291513.000000	-2.277524	0.923712	1.521335	0.613263	-1.607521	-0.120437
737.886000	5291521.000000	-2.277578	0.923638	1.521293	0.568305	-1.773277	-0.138746
737.935000	5291526.000000	-2.277604	0.923623	1.521291	0.564053	-1.801863	-0.102543
737.986000	5291533.000000	-2.277712	0.923680	1.521385	0.481399	-1.712168	-0.122025
738.036000	5291538.000000	-2.277837	0.923587	1.521298	0.525404	-1.711022	-0.111455
738.086000	5291544.000000	-2.277945	0.923615	1.521259	0.650908	-1.602975	-0.122125
738.136000	5291548.000000	-2.277928	0.923697	1.521357	0.506522	-1.408126	-0.135372
738.185000	5291556.000000	-2.277856	0.923630	1.521309	0.572190	-1.616609	-0.123653
738.236000	5291561.000000	-2.277885	0.923609	1.521293	0.513553	-1.549462	-0.119136
738.286000	5291567.000000	-2.278002	0.923627	1.521343	0.646501	-1.516845	-0.173002
738.336000	5291575.000000	-2.278252	0.923623	1.521352	0.550991	-1.414849	-0.249802
738.386000	5291581.000000	-2.278539	0.923512	1.521398	0.625914	-1.423497	-0.244596
738.435000	5291586.000000	-2.278889	0.923528	1.521494	0.411106	-2.000100	-0.124309
738.486000	5291593.000000	-2.279757	0.923340	1.521765	0.573317	-1.739858	-0.060581
738.536000	5291598.000000	-2.280653	0.923273	1.522091	0.444903	-2.277818	0.033704
738.586000	5291605.000000	-2.282429	0.923678	1.522644	0.136889	-1.675421	0.041396
738.636000	5291611.000000	-2.284364	0.923597	1.523240	0.471057	-1.610561	0.024099
738.685000	5291616.000000	-2.286191	0.923922	1.523812	0.245796	-1.269338	0.057265
738.736000	5291621.000000	-2.288376	0.923519	1.524457	0.479355	-1.921261	0.151428
738.786000	5291628.000000	-2.291723	0.924020	1.525492	0.281831	-1.553786	0.139518
738.836000	5291633.000000	-2.294662	0.923966	1.526457	0.241518	-2.123463	0.329102
738.886000	5291641.000000	-2.299865	0.924227	1.527946	-0.031333	-1.886505	0.460317
738.935000	5291646.000000	-2.303450	0.924480	1.528881	-0.097815	-1.322907	0.469603
738.986000	5291653.000000	-2.308985	0.924455	1.530429	0.122543	-2.258473	0.521472
739.036000	5291658.000000	-2.313334	0.924920	1.531539	0.270299	-1.633478	0.686280
739.086000	5291665.000000	-2.320070	0.924784	1.532957	0.022245	-2.035413	0.776240
739.136000	5291671.000000	-2.326377	0.924754	1.534113	0.167944	-1.919930	0.660862
739.185000	5291675.000000	-2.330852	0.924721	1.534515	0.389850	-1.635234	0.599817
739.236000	5291683.000000	-2.340112	0.924550	1.535001	0.364630	-2.127046	0.574151
739.286000	5291688.000000	-2.345864	0.924964	1.534996	-0.192602	-1.984411	0.487661
739.336000	5291695.000000	-2.353955	0.924948	1.535559	0.084496	-2.126764	0.403361
739.386000	5291700.000000	-2.359734	0.925149	1.536038	-0.093323	-1.983682	0.349076
739.436000	5291705.000000	-2.365710	0.925065	1.536109	0.162916	-1.881289	0.436942
739.485000	5291712.000000	-2.373923	0.925212	1.536438	0.115105	-1.664197	0.264483
739.535000	5291718.000000	-2.380969	0.925388	1.536929	0.314034	-1.703804	0.150917
739.585000	5291724.000000	-2.387932	0.925360	1.537322	0.151749	-1.645753	0.212964
739.636000	5291730.000000	-2.394780	0.925591	1.537871	0.340014	-2.155316	0.165482
739.685000	5291735.000000	-2.400244	0.925747	1.538294	0.204302	-1.772664	0.183856
739.736000	5291741.000000	-2.406664	0.926040	1.539008	0.098532	-1.679889	0.069060
739.786000	5291749.000000	-2.414691	0.925982	1.539647	0.041695	-1.655166	0.017949
739.836000	5291755.000000	-2.420666	0.926039	1.539905	-0.074630	-1.694523	0.031793
739.886000	5291760.000000	-2.425472	0.926165	1.540187	0.154929	-1.459516	0.007777
739.935000	5291766.000000	-2.430982	0.926092	1.540647	0.080997	-1.647547	-0.051030
739.986000	5291773.000000	-2.437157	0.926099	1.540933	-0.038238	-1.594346	-0.082063
740.036000	5291778.000000	-2.441488	0.926123	1.540970	0.096206	-1.517375	-0.139517
740.086000	5291785.000000	-2.447073	0.926349	1.541290	0.272150	-1.570083	-0.033053
740.136000	5291791.000000	-2.451468	0.926556	1.541443	0.152209	-1.531472	-0.071685
740.185000	5291796.000000	-2.454943	0.926365	1.541684	0.210066	-1.959151	-0.135247
740.236000	5291803.000000	-2.459526	0.926352	1.542145	0.057853	-2.301749	-0.126890
740.286000	5291809.000000	-2.463541	0.926314	1.542345	0.208081	-2.196924	-0.206471
740.336000	5291815.000000	-2.467509	0.926420	1.542404	0.261887	-2.438702	-0.157683
740.386000	5291819.000000	-2.470277	0.926290	1.542515	0.242534	-2.270263	-0.203484
740.435000	5291826.000000	-2.475262	0.926484	1.542819	0.211758	-2.389548	-0.244386
740.486000	5291833.000000	-2.480429	0.926392	1.543080	0.194484	-2.055240	-0.352493
740.536000	5291836.000000	-2.482674	0.926616	1.543252	-0.211960	-2.428830	-0.304064
740.586000	5291844.000000	-2.489023	0.926350	1.543633	-0.080179	-2.839802	-0.281008
740.636000	5291851.000000	-2.495111	0.926110	1.543947	0.021825	-3.173460	-0.273790
740.685000	5291856.000000	-2.499661	0.926440	1.544260	-0.032685	-1.967190	-0.388791
740.736000	5291863.000000	-2.506376	0.926134	1.544799	0.148097	-2.307467	-0.303411
740.786000	5291869.000000	-2.512208	0.926480	1.545227	0.362667	-1.444197	-0.430150
740.836000	5291875.000000	-2.518077	0.926642	1.545620	0.324151	-1.613040	-0.486395
740.886000	5291881.000000	-2.524264	0.926749	1.546025	0.276479	-1.372885	-0.424228
740.935000	5291886.000000	-2.529414	0.926777	1.546057	0.286424	-1.193501	-0.533209
740.986000	5291893.000000	-2.536672	0.926823	1.546183	0.192571	-1.516156	-0.484340
741.036000	5291899.000000	-2.542884	0.926992	1.546697	0.338917	-1.462662	-0.533464
741.086000	5291905.000000	-2.549477	0.926953	1.547084	0.183096	-1.506732	-0.587359
741.136000	5291911.000000	-2.556111	0.927127	1.547341	0.148142	-1.382430	-0.621455
741.185000	5291916.000000	-2.561792	0.926939	1.547372	0.024119	-1.203223	-0.665624
741.236000	5291923.000000	-2.569682	0.927166	1.547799	-0.019032	-1.292534	-0.737614
741.286000	5291929.000000	-2.576628	0.927046	1.548223	0.558661	-1.567752	-0.795590
741.336000	5291935.000000	-2.583668	0.927145	1.548434	0.213880	-0.859046	-0.722609
741.386000	5291941.000000	-2.590686	0.926975	1.548658	0.217236	-1.802930	-0.802134
741.435000	5291946.000000	-2.596393	0.927492	1.549003	0.011807	-1.275195	-0.821539
741.486000	5291953.000000	-2.604535	0.927173	1.549414	0.458878	-2.511053	-0.792500
741.536000	5291959.000000	-2.611506	0.927955	1.549461	0.094074	-1.524220	-0.883483
741.586000	5291965.000000	-2.618682	0.927809	1.550141	0.353637	-1.612868	-0.879692
741.636000	5291971.000000	-2.626072	0.927097	1.551087	0.341096	-3.124164	-0.783485
741.685000	5291977.000000	-2.633677	0.927435	1.551825	0.090961	-2.419851	-0.866700
741.736000	5291983.000000	-2.641534	0.927370	1.552423	0.077448	-2.159265	-0.925381
741.786000	5291989.000000	-2.649377	0.927584	1.553111	-0.013262	-1.798438	-1.016288
741.836000	5291995.000000	-2.658389	0.927840	1.554198	0.283309	-1.456776	-0.962682
741.886000	5292001.000000	-2.667754	0.927272	1.555378	0.566759	-1.941019	-0.864839
741.935000	5292006.000000	-2.675475	0.927554	1.556054	0.330085	-2.285790	-0.837793
741.986000	5292013.000000	-2.686568	0.927456	1.556695	0.354998	-1.898116	-0.871168
742.036000	5292019.000000	-2.695991	0.927331	1.557668	0.389653	-2.558905	-0.695772
742.086000	5292025.000000	-2.705301	0.927110	1.559262	0.116722	-2.579379	-0.689605
742.136000	5292031.000000	-2.714256	0.927515	1.561054	0.326522	-1.757247	-0.627302
742.185000	5292036.000000	-2.721794	0.927509	1.562637	0.580707	-2.110854	-0.511883
742.236000	5292043.000000	-2.732127	0.927469	1.564726	0.665705	-2.332511	-0.303778
742.286000	5292049.000000	-2.740698	0.927704	1.566293	0.228135	-1.913978	-0.314034
742.336000	5292055.000000	-2.749171	0.927464	1.567761	0.340915	-3.127899	0.024637
742.386000	5292061.000000	-2.757102	0.928052	1.569087	0.230640	-2.176063	-0.042807
742.435000	5292067.000000	-2.765064	0.928059	1.570197	0.405415	-2.233385	-0.007800
742.486000	5292073.000000	-2.772654	0.928386	1.571332	0.277414	-1.768251	0.100514
742.536000	5292079.000000	-2.780404	0.927960	1.572596	0.221437	-2.870717	0.236358
742.586000	5292085.000000	-2.787928	0.928428	1.573939	0.213574	-1.939888	0.247621
742.636000	5292091.000000	-2.795534	0.928524	1.575045	0.139672	-1.589836	0.286818
742.685000	5292096.000000	-2.802133	0.928154	1.576068	0.218898	-2.211019	0.377299
742.736000	5292103.000000	-2.811284	0.928425	1.577465	0.349842	-2.442169	0.510162
742.786000	5292109.000000	-2.819342	0.928387	1.578391	0.436864	-2.506875	0.571676
742.836000	5292115.000000	-2.827253	0.928774	1.579031	0.454604	-1.878358	0.433417
742.886000	5292121.000000	-2.835149	0.928458	1.579778	0.741962	-2.845725	0.610033
742.935000	5292126.000000	-2.841504	0.928932	1.580356	0.090177	-2.071480	0.478933
742.986000	5292133.000000	-2.850461	0.929161	1.581134	0.110970	-1.724329	0.495994
743.036000	5292139.000000	-2.858108	0.928600	1.581716	0.554685	-2.659031	0.584430
743.086000	5292145.000000	-2.865337	0.929169	1.582132	0.665017	-0.844197	0.372945
743.136000	5292151.000000	-2.872530	0.929230	1.582626	0.230462	-1.666818	0.478036
743.185000	5292157.000000	-2.879409	0.929257	1.582952	0.409467	-1.904482	0.463073
743.236000	5292163.000000	-2.886257	0.929375	1.583098	0.385485	-1.605332	0.349609
743.286000	5292169.000000	-2.892931	0.929578	1.583333	0.364691	-1.969240	0.482285
743.336000	5292175.000000	-2.899526	0.929514	1.583301	0.258989	-2.050568	0.305138
743.386000	5292181.000000	-2.906171	0.930051	1.583034	0.370441	-1.762306	0.259581
743.435000	5292186.000000	-2.911736	0.929778	1.582702	0.991869	-1.454380	0.118406
743.486000	5292193.000000	-2.919767	0.930006	1.582373	0.323743	-1.758783	0.032071
743.536000	5292199.000000	-2.927060	0.929568	1.582358	0.356573	-3.122014	0.019202
743.586000	5292205.000000	-2.934585	0.929885	1.582369	0.175135	-2.441485	-0.239260
743.636000	5292211.000000	-2.942473	0.929898	1.582317	0.448502	-1.992243	-0.294077
743.685000	5292216.000000	-2.949137	0.929860	1.582334	0.518987	-2.171121	-0.322475
743.736000	5292223.000000	-2.958834	0.929579	1.582149	0.942843	-3.441688	-0.281562
743.786000	5292229.000000	-2.967235	0.929730	1.582294	0.491252	-3.535292	-0.373530
743.836000	5292235.000000	-2.975838	0.930491	1.582370	0.373490	-1.691414	-0.706058
743.886000	5292241.000000	-2.985364	0.930006	1.581535	0.576282	-2.796913	-0.611737
743.935000	5292246.000000	-2.993411	0.930216	1.580868	0.603162	-2.207271	-0.758414
743.986000	5292253.000000	-3.004875	0.929859	1.581043	0.763748	-2.691872	-0.824793
744.036000	5292259.000000	-3.014906	0.930061	1.580957	0.938129	-2.327579	-0.985064
744.086000	5292265.000000	-3.025226	0.930577	1.580335	0.736224	-2.011687	-1.187854
744.136000	5292271.000000	-3.035608	0.930616	1.579898	0.304553	-1.727058	-1.277959
744.185000	5292277.000000	-3.046160	0.930254	1.579614	0.588556	-2.877338	-1.180406
744.236000	5292283.000000	-3.056526	0.930674	1.579231	0.408402	-2.380435	-1.317550
744.286000	5292289.000000	-3.066687	0.930920	1.578936	0.433125	-1.850525	-1.601310
744.336000	5292295.000000	-3.076988	0.930667	1.578717	0.927841	-2.398411	-1.508070
744.386000	5292301.000000	-3.086951	0.931049	1.579265	1.074956	-1.259736	-1.651073
744.435000	5292306.000000	-3.095115	0.931162	1.579983	0.641275	-2.028026	-1.512446
744.486000	5292313.000000	-3.106530	0.930942	1.580955	0.619992	-3.155191	-1.259249
744.536000	5292319.000000	-3.116058	0.930871	1.582071	0.910106	-3.152538	-1.195406
744.586000	5292325.000000	-3.125165	0.931484	1.583712	0.928264	-1.654417	-1.346856
744.636000	5292331.000000	-3.134195	0.931841	1.585392	0.452573	-2.103989	-0.902964
744.685000	5292337.000000	-3.143422	0.931552	1.586674	0.456579	-3.086118	-0.731658
744.736000	5292343.000000	-3.152425	0.931797	1.587677	0.701477	-1.798375	-0.887880
744.786000	5292349.000000	-3.161460	0.931904	1.588734	0.471334	-2.418288	-0.677214
744.836000	5292355.000000	-3.170439	0.931876	1.589542	0.420581	-3.283457	-0.378158
744.886000	5292361.000000	-3.179338	0.932217	1.590194	0.496278	-3.565584	-0.201692
744.935000	5292366.000000	-3.186702	0.932149	1.591069	0.591752	-3.216680	-0.295173
744.986000	5292373.000000	-3.196916	0.932469	1.592723	0.388860	-2.058572	-0.508717
745.036000	5292379.000000	-3.205979	0.932459	1.593963	0.956918	-2.561451	-0.154292
745.086000	5292385.000000	-3.214911	0.933305	1.595448	0.516590	-2.144662	-0.162418
745.136000	5292391.000000	-3.224205	0.933016	1.596670	0.524843	-3.078708	0.008521
745.185000	5292397.000000	-3.233769	0.932719	1.598351	0.691822	-2.886529	0.227445
745.236000	5292403.000000	-3.243500	0.932644	1.600134	0.349867	-3.194147	0.412856
745.286000	5292409.000000	-3.253051	0.932857	1.601569	0.708825	-2.755371	0.474146
745.336000	5292415.000000	-3.262709	0.932823	1.602607	0.725329	-2.836691	0.476069
745.386000	5292421.000000	-3.272348	0.932840	1.603791	0.863989	-2.936756	0.465025
745.435000	5292426.000000	-3.280784	0.932808	1.604728	0.458003	-3.095031	0.614870
745.486000	5292433.000000	-3.292631	0.933039	1.605493	0.455486	-3.101056	0.575748
745.536000	5292439.000000	-3.303303	0.932930	1.606329	0.553936	-3.127367	0.695284
745.586000	5292445.000000	-3.313920	0.933082	1.607614	0.612686	-2.920108	0.723356
745.636000	5292451.000000	-3.324366	0.933192	1.608877	0.764173	-3.083611	0.820594
745.685000	5292457.000000	-3.335216	0.933200	1.609802	0.910545	-2.207021	0.709277
745.736000	5292463.000000	-3.345877	0.933300	1.610786	0.701838	-2.867083	0.804334
745.786000	5292469.000000	-3.356241	0.933435	1.611682	0.641439	-2.956420	0.867313
745.836000	5292475.000000	-3.366330	0.933295	1.612456	0.484443	-2.905732	0.998155
745.886000	5292481.000000	-3.375941	0.933588	1.613245	0.828800	-3.025322	0.927617
745.935000	5292487.000000	-3.385351	0.933500	1.614314	0.666425	-3.230537	0.884676
745.986000	5292493.000000	-3.394223	0.933683	1.615355	0.933060	-2.817752	0.928438
746.036000	5292499.000000	-3.403220	0.933756	1.616178	0.749676	-2.951167	0.968910
746.086000	5292505.000000	-3.411862	0.933630	1.616827	0.743336	-3.168639	1.199011
746.136000	5292511.000000	-3.420462	0.933568	1.617828	1.048446	-3.372787	1.005116
746.185000	5292517.000000	-3.428720	0.933743	1.618513	0.992068	-3.370861	1.034606
746.236000	5292523.000000	-3.437008	0.933984	1.618656	0.716917	-3.376251	0.992251
746.286000	5292529.000000	-3.445139	0.933956	1.619217	0.932526	-3.281395	1.023086
746.336000	5292535.000000	-3.452836	0.933649	1.620461	0.755852	-3.276615	1.207757
746.386000	5292541.000000	-3.460436	0.934193	1.621379	0.802409	-3.172248	1.127375
746.435000	5292546.000000	-3.466899	0.934171	1.621353	0.701833	-3.528326	1.125387
746.486000	5292553.000000	-3.475786	0.934210	1.621579	0.510062	-3.535484	1.221403
746.536000	5292559.000000	-3.483426	0.933840	1.622424	0.409421	-3.340119	1.267304
746.586000	5292565.000000	-3.490727	0.934467	1.623008	0.782131	-2.580806	1.292287
746.636000	5292571.000000	-3.498180	0.934534	1.623670	0.791325	-3.227952	1.389279
746.685000	5292577.000000	-3.505594	0.934944	1.624391	-0.246896	-3.185875	1.603223
746.736000	5292583.000000	-3.513089	0.935038	1.624909	1.370882	-2.110605	1.466343
746.786000	5292589.000000	-3.520555	0.935424	1.625260	0.814574	-2.822318	1.419257
746.836000	5292595.000000	-3.528553	0.935267	1.626064	0.817286	-2.711885	1.451958
746.886000	5292601.000000	-3.536576	0.935511	1.627363	0.505607	-2.108554	1.469296
746.935000	5292607.000000	-3.545135	0.934999	1.628434	0.571537	-2.889929	1.507657
746.986000	5292613.000000	-3.553661	0.935264	1.629236	0.584136	-2.874080	1.527129
747.036000	5292619.000000	-3.562330	0.935097	1.629956	0.161166	-2.808687	1.735601
747.086000	5292625.000000	-3.570988	0.935832	1.630624	-0.250364	-1.665394	1.752031
747.136000	5292631.000000	-3.580076	0.936074	1.631117	0.140060	-1.600945	1.647306
747.185000	5292637.000000	-3.589238	0.936325	1.631752	-0.236028	-1.776532	1.904572
747.236000	5292643.000000	-3.598705	0.936260	1.632757	-0.215762	-1.918767	1.772488
747.286000	5292649.000000	-3.608269	0.936160	1.633441	0.029091	-2.132507	1.671457
747.336000	5292655.000000	-3.617556	0.936529	1.634252	-0.284311	-2.437495	1.965197
747.386000	5292661.000000	-3.627341	0.935757	1.635018	-1.475703	-2.355811	2.108191
747.435000	5292667.000000	-3.636929	0.935686	1.635565	-1.103238	-2.020648	1.900364
747.486000	5292673.000000	-3.646286	0.936307	1.635199	0.291353	-2.351875	2.758421
747.536000	5292679.000000	-3.655691	0.936534	1.635822	-0.567129	-2.046023	2.787714
747.586000	5292685.000000	-3.664955	0.936555	1.636612	-0.331201	-1.842453	2.700622
747.636000	5292691.000000	-3.673653	0.937108	1.636902	-0.639115	-2.262923	2.900612
747.685000	5292697.000000	-3.682847	0.936829	1.637478	0.037055	-2.770231	3.012861
747.736000	5292703.000000	-3.691852	0.935605	1.639256	-2.675104	-2.624145	2.360231
747.786000	5292709.000000	-3.700619	0.935941	1.640099	-2.765067	-2.138946	2.388108
747.836000	5292715.000000	-3.709951	0.935723	1.640372	-2.817533	-1.770783	2.113559
747.886000	5292721.000000	-3.718676	0.935843	1.640878	-2.931091	-1.750914	2.250377
747.935000	5292727.000000	-3.727936	0.935062	1.641679	-1.863953	-1.182654	1.923616
747.986000	5292733.000000	-3.736935	0.935561	1.641975	-3.441559	-2.340208	2.182734
748.036000	5292739.000000	-3.746042	0.936001	1.642284	-3.063084	-2.721080	2.374777
748.086000	5292745.000000	-3.755292	0.935788	1.642948	-2.769274	-1.820365	1.955985
748.136000	5292751.000000	-3.764109	0.935879	1.643696	-2.969509	-1.940159	1.960146
748.185000	5292757.000000	-3.772456	0.937696	1.643700	-4.327242	2.948933	0.893750
748.236000	5292763.000000	-3.780973	0.937966	1.643803	-4.407184	2.840124	0.876661
748.286000	5292769.000000	-3.789329	0.938217	1.644478	-4.494988	3.382152	1.115988
748.336000	5292775.000000	-3.797407	0.938783	1.644785	-4.691961	4.377679	1.172990
748.386000	5292781.000000	-3.805343	0.938929	1.644904	-4.672334	4.502636	1.561050
748.436000	5292787.000000	-3.812522	0.939158	1.645386	-4.592633	4.005587	1.218348
748.485000	5292793.000000	-3.821060	0.931919	1.644955	-6.705567	-8.525511	3.517447
748.535000	5292799.000000	-3.827290	0.939470	1.645720	-4.929015	4.541780	1.582855
748.585000	5292805.000000	-3.833210	0.939200	1.646146	-4.865952	4.055265	1.129773
748.636000	5292811.000000	-3.842863	0.931519	1.646409	-6.965665	-8.194015	3.446568
748.685000	5292817.000000	-3.850059	0.931860	1.646550	-5.513058	-8.493473	3.496505
748.736000	5292823.000000	-3.857097	0.931096	1.646861	-6.225395	-9.701911	3.349435
748.786000	5292829.000000	-3.863824	0.932685	1.646960	-5.181261	-8.072199	3.403072
748.836000	5292835.000000	-3.870270	0.932888	1.647634	-5.396725	-7.495364	2.855610
748.886000	5292841.000000	-3.875064	0.938652	1.648024	0.315141	-2.491222	-0.386764
748.935000	5292847.000000	-3.882667	0.939243	1.647613	-4.336995	4.790635	1.179613
748.986000	5292853.000000	-3.889402	0.939384	1.647824	-4.108536	4.253398	1.235159
749.036000	5292859.000000	-3.897668	0.930619	1.646977	-7.573085	-8.425702	3.123508
749.086000	5292865.000000	-3.902983	0.939357	1.647760	-3.760052	4.468508	0.704921
749.136000	5292871.000000	-3.911334	0.931035	1.647244	-7.414372	-8.197002	2.973849
749.185000	5292877.000000	-3.918597	0.929582	1.647131	-7.631742	-10.447735	3.462885
749.236000	5292883.000000	-3.924026	0.939300	1.648416	-3.139695	3.350561	0.194161
749.286000	5292889.000000	-3.932636	0.931225	1.647702	-7.298851	-8.237445	2.957747
749.336000	5292895.000000	-3.939887	0.930435	1.647575	-7.200618	-9.831963	3.226892
749.386000	5292901.000000	-3.947916	0.930270	1.648477	-0.567136	-4.459894	1.281454
749.435000	5292907.000000	-3.955092	0.930303	1.648887	-1.420163	-2.280275	0.733092
749.486000	5292913.000000	-3.962404	0.929515	1.648737	-1.592383	-3.227935	0.862759
749.536000	5292919.000000	-3.969448	0.930803	1.648771	-0.186406	-3.167958	0.717652
749.586000	5292925.000000	-3.976325	0.931158	1.648841	-0.828762	-2.017981	0.558935
749.636000	5292931.000000	-3.983557	0.930655	1.648798	-0.664344	-1.818131	0.434688
749.685000	5292937.000000	-3.990477	0.931462	1.648967	0.513561	-2.492482	0.335693
749.736000	5292943.000000	-3.997151	0.930833	1.649291	-0.736635	-2.665281	0.380157
749.786000	5292949.000000	-4.004169	0.930259	1.649179	-1.211822	-1.847302	0.451485
749.836000	5292955.000000	-4.010173	0.931996	1.649289	-0.201025	-1.008907	0.118566
749.886000	5292961.000000	-4.016859	0.929461	1.648762	-1.195114	-4.198310	0.923008
749.935000	5292967.000000	-4.022110	0.931814	1.649500	0.768801	-1.308793	0.084465
749.986000	5292973.000000	-4.027383	0.931311	1.649573	0.657733	-1.088097	-0.237734
750.036000	5292979.000000	-4.030189	0.937430	1.650118	-0.627695	8.099328	-1.772553
750.086000	5292985.000000	-4.036211	0.930868	1.649197	1.614340	-2.318578	-0.175709
750.136000	5292991.000000	-4.037673	0.937651	1.649725	-0.758169	8.103099	-1.815372
750.185000	5292997.000000	-4.040779	0.936676	1.650395	-0.639639	9.719731	-2.028041
750.236000	5293003.000000	-4.045335	0.930470	1.649192	1.421507	-1.901154	-0.320684
750.286000	5293009.000000	-4.045410	0.936923	1.650371	-0.583818	9.263820	-2.022501
750.336000	5293015.000000	-4.047991	0.936924	1.650403	-0.009980	8.881135	-2.019797
750.386000	5293021.000000	-4.049472	0.936871	1.650459	-0.690187	9.302846	-2.039948
750.435000	5293027.000000	-4.049472	0.936871	1.650459	-0.690187	9.302846	-2.039948
750.486000	5293033.000000	-4.049472	0.936871	1.650459	-0.690187	9.302846	-2.039948
750.536000	5293039.000000	-4.049472	0.936871	1.650459	-0.690187	9.302846	-2.039948
750.586000	5293045.000000	-4.049472	0.936871	1.650459	-0.690187	9.302846	-2.039948
750.636000	5293051.000000	-4.049472	0.936871	1.650459	-0.690187	9.302846	-2.039948
750.685000	5293057.000000	-4.049472	0.936871	1.650459	-0.690187	9.302846	-2.039948
750.736000	5293063.000000	-4.049472	0.936871	1.650459	-0.690187	9.302846	-2.039948
750.786000	5293069.000000	-4.049472	0.936871	1.650459	-0.690187	9.302846	-2.039948
750.836000	5293075.000000	-4.049472	0.936871	1.650459	-0.690187	9.302846	-2.039948
750.886000	5293081.000000	-4.049472	0.936871	1.650459	-0.690187	9.302846	-2.039948
750.935000	5293087.000000	-4.049472	0.936871	1.650459	-0.690187	9.302846	-2.039948
750.986000	5293093.000000	-4.049472	0.936871	1.650459	-0.690187	9.302846	-2.039948
751.036000	5293099.000000	-4.049472	0.936871	1.650459	-0.690187	9.302846	-2.039948
751.086000	5293105.000000	-4.049472	0.936871	1.650459	-0.690187	9.302846	-2.039948
751.136000	5293111.000000	-4.049472	0.936871	1.650459	-0.690187	9.302846	-2.039948
751.185000	5293117.000000	-4.049472	0.936871	1.650459	-0.690187	9.302846	-2.039948
751.236000	5293123.000000	-4.049472	0.936871	1.650459	-0.690187	9.302846	-2.039948
751.286000	5293129.000000	-4.049472	0.936871	1.650459	-0.690187	9.302846	-2.039948
751.336000	5293135.000000	-4.049472	0.936871	1.650459	-0.690187	9.302846	-2.039948
751.386000	5293141.000000	-4.049472	0.936871	1.650459	-0.690187	9.302846	-2.039948
751.435000	5293147.000000	-4.049472	0.936871	1.650459	-0.690187	9.302846	-2.039948
751.486000	5293153.000000	-4.049472	0.936871	1.650459	-0.690187	9.302846	-2.039948
751.536000	5293159.000000	-4.049472	0.936871	1.650459	-0.690187	9.302846	-2.039948
751.586000	5293165.000000	-4.049472	0.936871	1.650459	-0.690187	9.302846	-2.039948
751.636000	5293171.000000	-4.049472	0.936871	1.650459	-0.690187	9.302846	-2.039948
751.685000	5293177.000000	-4.049472	0.936871	1.650459	-0.690187	9.302846	-2.039948
751.736000	5293183.000000	-4.049472	0.936871	1.650459	-0.690187	9.302846	-2.039948
751.786000	5293189.000000	-4.049472	0.936871	1.650459	-0.690187	9.302846	-2.039948
751.836000	5293195.000000	-4.049472	0.936871	1.650459	-0.690187	9.302846	-2.039948
751.886000	5293201.000000	-4.049472	0.936871	1.650459	-0.690187	9.302846	-2.039948
751.935000	5293207.000000	-4.049472	0.936871	1.650459	-0.690187	9.302846	-2.039948
751.986000	5293213.000000	-4.049472	0.936871	1.650459	-0.690187	9.302846	-2.039948
752.036000	5293219.000000	-4.049472	0.936871	1.650459	-0.690187	9.302846	-2.039948
752.086000	5293225.000000	-4.049472	0.936871	1.650459	-0.690187	9.302846	-2.039948
752.136000	5293231.000000	-4.049472	0.936871	1.650459	-0.690187	9.302846	-2.039948
752.185000	5293237.000000	-4.049472	0.936871	1.650459	-0.690187	9.302846	-2.039948
752.236000	5293243.000000	-4.049472	0.936871	1.650459	-0.690187	9.302846	-2.039948
752.286000	5293249.000000	-4.049472	0.936871	1.650459	-0.690187	9.302846	-2.039948
752.336000	5293255.000000	-4.049472	0.936871	1.650459	-0.690187	9.302846	-2.039948
752.386000	5293261.000000	-4.049472	0.936871	1.650459	-0.690187	9.302846	-2.039948
752.435000	5293267.000000	-4.049472	0.936871	1.650459	-0.690187	9.302846	-2.039948
752.486000	5293273.000000	-4.049472	0.936871	1.650459	-0.690187	9.302846	-2.039948
752.536000	5293279.000000	-4.049472	0.936871	1.650459	-0.690187	9.302846	-2.039948
752.586000	5293285.000000	-4.049472	0.936871	1.650459	-0.690187	9.302846	-2.039948
752.636000	5293291.000000	-4.049472	0.936871	1.650459	-0.690187	9.302846	-2.039948
752.685000	5293297.000000	-4.049472	0.936871	1.650459	-0.690187	9.302846	-2.039948
752.737000	5293303.000000	-4.049472	0.936871	1.650459	-0.690187	9.302846	-2.039948
752.786000	5293309.000000	-4.049472	0.936871	1.650459	-0.690187	9.302846	-2.039948
752.836000	5293315.000000	-4.049472	0.936871	1.650459	-0.690187	9.302846	-2.039948
752.886000	5293321.000000	-4.049472	0.936871	1.650459	-0.690187	9.302846	-2.039948
752.935000	5293327.000000	-4.049472	0.936871	1.650459	-0.690187	9.302846	-2.039948
752.986000	5293333.000000	-4.049472	0.936871	1.650459	-0.690187	9.302846	-2.039948
753.036000	5293339.000000	-4.049472	0.936871	1.650459	-0.690187	9.302846	-2.039948
753.086000	5293345.000000	-4.049472	0.936871	1.650459	-0.690187	9.302846	-2.039948
753.136000	5293351.000000	-4.049472	0.936871	1.650459	-0.690187	9.302846	-2.039948
753.185000	5293357.000000	-4.049472	0.936871	1.650459	-0.690187	9.302846	-2.039948
753.236000	5293363.000000	-4.049472	0.936871	1.650459	-0.690187	9.302846	-2.039948
753.286000	5293369.000000	-4.049472	0.936871	1.650459	-0.690187	9.302846	-2.039948
753.336000	5293375.000000	-4.049472	0.936871	1.650459	-0.690187	9.302846	-2.039948
753.386000	5293381.000000	-4.049472	0.936871	1.650459	-0.690187	9.302846	-2.039948
753.435000	5293387.000000	-4.049472	0.936871	1.650459	-0.690187	9.302846	-2.039948
753.486000	5293393.000000	-4.049472	0.936871	1.650459	-0.690187	9.302846	-2.039948
753.536000	5293399.000000	-4.049472	0.936871	1.650459	-0.690187	9.302846	-2.039948
753.586000	5293405.000000	-4.049472	0.936871	1.650459	-0.690187	9.302846	-2.039948
753.636000	5293411.000000	-4.049472	0.936871	1.650459	-0.690187	9.302846	-2.039948
753.685000	5293417.000000	-4.049472	0.936871	1.650459	-0.690187	9.302846	-2.039948
753.736000	5293423.000000	-4.049472	0.936871	1.650459	-0.690187	9.302846	-2.039948
753.786000	5293429.000000	-4.049472	0.936871	1.650459	-0.690187	9.302846	-2.039948
753.836000	5293435.000000	-4.049472	0.936871	1.650459	-0.690187	9.302846	-2.039948
753.886000	5293441.000000	-4.049472	0.936871	1.650459	-0.690187	9.302846	-2.039948
753.935000	5293447.000000	-4.049472	0.936871	1.650459	-0.690187	9.302846	-2.039948
753.986000	5293453.000000	-4.049472	0.936871	1.650459	-0.690187	9.302846	-2.039948
754.036000	5293459.000000	-4.049472	0.936871	1.650459	-0.690187	9.302846	-2.039948
754.086000	5293465.000000	-4.049472	0.936871	1.650459	-0.690187	9.302846	-2.039948
754.136000	5293471.000000	-4.049472	0.936871	1.650459	-0.690187	9.302846	-2.039948
754.185000	5293477.000000	-4.049472	0.936871	1.650459	-0.690187	9.302846	-2.039948
754.236000	5293483.000000	-4.049472	0.936871	1.650459	-0.690187	9.302846	-2.039948
754.286000	5293489.000000	-4.049472	0.936871	1.650459	-0.690187	9.302846	-2.039948
754.336000	5293495.000000	-4.049472	0.936871	1.650459	-0.690187	9.302846	-2.039948
754.386000	5293501.000000	-4.049472	0.936871	1.650459	-0.690187	9.302846	-2.039948
754.435000	5293507.000000	-4.049472	0.936871	1.650459	-0.690187	9.302846	-2.039948
754.486000	5293513.000000	-4.049472	0.936871	1.650459	-0.690187	9.302846	-2.039948
754.536000	5293519.000000	-4.049472	0.936871	1.650459	-0.690187	9.302846	-2.039948
754.586000	5293525.000000	-4.049472	0.936871	1.650459	-0.690187	9.302846	-2.039948
754.636000	5293531.000000	-4.049472	0.936871	1.650459	-0.690187	9.302846	-2.039948
754.685000	5293537.000000	-4.049472	0.936871	1.650459	-0.690187	9.302846	-2.039948
754.736000	5293543.000000	-4.049472	0.936871	1.650459	-0.690187	9.302846	-2.039948
754.786000	5293549.000000	-4.049472	0.936871	1.650459	-0.690187	9.302846	-2.039948
754.836000	5293555.000000	-4.049472	0.936871	1.650459	-0.690187	9.302846	-2.039948
754.886000	5293561.000000	-4.049472	0.936871	1.650459	-0.690187	9.302846	-2.039948
