%time	0	1	2	3	4	5	6
875.908000	-431602080.000000	-431602080.000000	-431602080.000000	-431602080.000000	135.000000	-0.000000	135.000000
875.954000	14781759.000000	-2.114495	0.953668	-0.327476	-0.827613	2.625576	5.252802
876.003000	14781764.000000	-2.114487	0.953684	-0.327472	-0.861696	2.697954	5.249948
876.053000	14781770.000000	-2.114537	0.953712	-0.327487	-0.782891	2.673543	5.250184
876.103000	14781776.000000	-2.114501	0.953675	-0.327440	-0.909212	2.650984	5.236223
876.152000	14781782.000000	-2.114521	0.953639	-0.327396	-0.918005	2.670784	5.248507
876.202000	14781788.000000	-2.114490	0.953714	-0.327530	-0.925522	2.615160	5.242748
876.252000	14781794.000000	-2.114498	0.953712	-0.327441	-0.868579	2.720708	5.247338
876.303000	14781800.000000	-2.114526	0.953686	-0.327435	-0.876917	2.667235	5.253250
876.353000	14781806.000000	-2.114494	0.953677	-0.327504	-0.829179	2.640320	5.245345
876.402000	14781812.000000	-2.114523	0.953699	-0.327469	-0.868192	2.705603	5.257170
876.452000	14781818.000000	-2.114492	0.953713	-0.327441	-0.918915	2.681542	5.241807
876.502000	14781824.000000	-2.114502	0.953674	-0.327453	-0.892010	2.641265	5.241048
876.553000	14781830.000000	-2.114511	0.953719	-0.327502	-0.877205	2.594331	5.248462
876.603000	14781836.000000	-2.114504	0.953656	-0.327433	-0.913572	2.678291	5.246591
876.652000	14781842.000000	-2.114528	0.953677	-0.327440	-0.860158	2.720938	5.238774
876.702000	14781848.000000	-2.114496	0.953707	-0.327488	-0.899018	2.653507	5.238349
876.752000	14781854.000000	-2.114512	0.953682	-0.327463	-0.933767	2.632545	5.224730
876.803000	14781860.000000	-2.114506	0.953680	-0.327496	-0.844931	2.650274	5.247078
876.853000	14781866.000000	-2.114496	0.953688	-0.327465	-0.890523	2.677881	5.245244
876.981000	14781882.000000	-2.114511	0.953712	-0.327457	-0.852188	2.638897	5.243423
876.981000	14781882.000000	-2.114511	0.953712	-0.327457	-0.852188	2.638897	5.243423
877.002000	14781883.000000	-2.114520	0.953695	-0.327465	-0.808103	2.673956	5.248722
877.053000	14781890.000000	-2.114513	0.953688	-0.327492	-0.898791	2.595717	5.234412
877.103000	14781896.000000	-2.114530	0.953647	-0.327457	-0.823637	2.687594	5.242130
877.152000	14781902.000000	-2.114517	0.953713	-0.327501	-0.899051	2.653527	5.229786
877.202000	14781908.000000	-2.114502	0.953680	-0.327469	-0.854082	2.555709	5.236865
877.252000	14781914.000000	-2.114508	0.953672	-0.327462	-0.922327	2.681316	5.228353
877.303000	14781920.000000	-2.114513	0.953731	-0.327473	-0.901690	2.642519	5.234055
877.353000	14781926.000000	-2.114519	0.953699	-0.327475	-0.873022	2.642905	5.249277
877.402000	14781932.000000	-2.114503	0.953693	-0.327492	-0.892895	2.656667	5.250263
877.452000	14781938.000000	-2.114517	0.953703	-0.327457	-0.887396	2.613878	5.237288
877.502000	14781944.000000	-2.114504	0.953680	-0.327495	-0.948960	2.615710	5.220505
877.553000	14781950.000000	-2.114505	0.953713	-0.327458	-0.862687	2.694182	5.243558
877.603000	14781956.000000	-2.114515	0.953718	-0.327481	-0.896610	2.683307	5.244434
877.652000	14781962.000000	-2.114513	0.953675	-0.327464	-0.945855	2.675707	5.256787
877.702000	14781968.000000	-2.114506	0.953675	-0.327478	-0.914189	2.635258	5.241552
877.752000	14781974.000000	-2.114510	0.953679	-0.327460	-0.903985	2.611959	5.251522
877.803000	14781980.000000	-2.114508	0.953692	-0.327451	-0.878035	2.653271	5.239887
877.853000	14781986.000000	-2.114533	0.953721	-0.327535	-0.824986	2.719400	5.238891
877.902000	14781992.000000	-2.114504	0.953695	-0.327523	-0.868995	2.657264	5.253119
877.952000	14781998.000000	-2.114521	0.953677	-0.327507	-0.924048	2.629245	5.224678
878.002000	14782004.000000	-2.114498	0.953709	-0.327451	-0.898379	2.673033	5.245032
878.053000	14782010.000000	-2.114510	0.953679	-0.327448	-0.869154	2.645153	5.249262
878.103000	14782016.000000	-2.114518	0.953690	-0.327484	-0.858907	2.682888	5.233539
878.152000	14782022.000000	-2.114485	0.953671	-0.327439	-0.897829	2.566841	5.241721
878.202000	14782028.000000	-2.114513	0.953713	-0.327502	-0.864504	2.664646	5.240539
878.252000	14782034.000000	-2.114497	0.953741	-0.327547	-0.833107	2.675927	5.242576
878.303000	14782040.000000	-2.114512	0.953676	-0.327469	-0.914017	2.583427	5.233892
878.353000	14782046.000000	-2.114489	0.953688	-0.327462	-0.886465	2.610536	5.253802
878.402000	14782052.000000	-2.114534	0.953680	-0.327433	-0.857792	2.716587	5.248079
878.452000	14782058.000000	-2.114513	0.953808	-0.327488	-0.802308	2.714542	5.263646
878.502000	14782064.000000	-2.114517	0.953659	-0.327443	-0.922737	2.606453	5.244849
878.553000	14782070.000000	-2.114504	0.953664	-0.327439	-0.961494	2.649043	5.249106
878.603000	14782076.000000	-2.114497	0.953698	-0.327473	-0.908648	2.676201	5.239604
878.652000	14782082.000000	-2.114517	0.953679	-0.327439	-0.855672	2.661952	5.241034
878.702000	14782088.000000	-2.114493	0.953690	-0.327455	-0.924964	2.663235	5.248980
878.752000	14782094.000000	-2.114511	0.953641	-0.327449	-0.889830	2.571797	5.235404
878.803000	14782100.000000	-2.114504	0.953692	-0.327486	-0.911866	2.662925	5.232581
878.853000	14782106.000000	-2.114503	0.953715	-0.327458	-0.946528	2.626454	5.238201
878.902000	14782112.000000	-2.114520	0.953685	-0.327441	-0.858742	2.627242	5.246641
878.952000	14782118.000000	-2.114500	0.953676	-0.327471	-0.878959	2.703003	5.240297
879.002000	14782124.000000	-2.114512	0.953664	-0.327438	-0.888296	2.689094	5.247809
879.053000	14782130.000000	-2.114513	0.953697	-0.327455	-0.872514	2.668822	5.249528
879.103000	14782137.000000	-2.114496	0.953698	-0.327455	-0.902461	2.624785	5.232328
879.152000	14782142.000000	-2.114503	0.953682	-0.327458	-0.897229	2.634559	5.249792
879.202000	14782148.000000	-2.114494	0.953664	-0.327457	-0.861861	2.627507	5.251737
879.252000	14782154.000000	-2.114509	0.953669	-0.327452	-0.872810	2.636082	5.238263
879.303000	14782160.000000	-2.114509	0.953658	-0.327469	-0.917204	2.657959	5.247813
879.353000	14782167.000000	-2.114508	0.953687	-0.327453	-0.873623	2.714460	5.244835
879.402000	14782172.000000	-2.114504	0.953678	-0.327459	-0.878014	2.662973	5.235727
879.452000	14782178.000000	-2.114505	0.953684	-0.327467	-0.884220	2.631336	5.241705
879.502000	14782184.000000	-2.114516	0.953696	-0.327452	-0.890591	2.673410	5.258216
879.553000	14782190.000000	-2.114508	0.953663	-0.327454	-0.865524	2.703687	5.247144
879.603000	14782196.000000	-2.114514	0.953657	-0.327450	-0.922646	2.684207	5.250115
879.652000	14782202.000000	-2.114496	0.953650	-0.327460	-0.946145	2.677632	5.244667
879.702000	14782208.000000	-2.114505	0.953667	-0.327458	-0.876109	2.713380	5.245062
879.752000	14782214.000000	-2.114520	0.953650	-0.327457	-0.865706	2.667572	5.238771
879.803000	14782220.000000	-2.114503	0.953691	-0.327461	-0.867937	2.689175	5.256443
879.853000	14782227.000000	-2.114515	0.953659	-0.327443	-0.877071	2.674180	5.243917
879.902000	14782232.000000	-2.114501	0.953718	-0.327460	-0.882581	2.639133	5.248007
879.952000	14782238.000000	-2.114503	0.953692	-0.327448	-0.912000	2.701559	5.242609
880.002000	14782244.000000	-2.114508	0.953677	-0.327448	-0.874874	2.661747	5.248286
880.053000	14782251.000000	-2.114525	0.953610	-0.327453	-0.910300	2.696217	5.256079
880.103000	14782257.000000	-2.114511	0.953688	-0.327459	-0.908141	2.650275	5.247113
880.152000	14782262.000000	-2.114495	0.953664	-0.327447	-0.885032	2.652196	5.246399
880.202000	14782268.000000	-2.114497	0.953704	-0.327453	-0.831036	2.657470	5.246553
880.252000	14782274.000000	-2.114493	0.953724	-0.327468	-0.895568	2.709166	5.249158
880.303000	14782280.000000	-2.114512	0.953668	-0.327465	-0.893116	2.641784	5.260662
880.353000	14782286.000000	-2.114522	0.953683	-0.327441	-0.906958	2.613896	5.247247
880.402000	14782292.000000	-2.114485	0.953685	-0.327454	-0.970959	2.666442	5.233017
880.452000	14782298.000000	-2.114509	0.953711	-0.327464	-0.939676	2.666369	5.252587
880.502000	14782304.000000	-2.114502	0.953669	-0.327471	-0.868985	2.649175	5.250818
880.553000	14782310.000000	-2.114502	0.953705	-0.327474	-0.894202	2.641478	5.239424
880.603000	14782317.000000	-2.114501	0.953689	-0.327486	-0.858571	2.589852	5.227570
880.652000	14782322.000000	-2.114501	0.953709	-0.327491	-0.908775	2.597656	5.238065
880.702000	14782328.000000	-2.114503	0.953701	-0.327482	-0.840804	2.652500	5.239296
880.752000	14782334.000000	-2.114487	0.953682	-0.327490	-0.859208	2.580006	5.248424
880.803000	14782341.000000	-2.114499	0.953708	-0.327494	-0.827990	2.658846	5.238404
880.853000	14782347.000000	-2.114497	0.953733	-0.327501	-0.844782	2.660498	5.251864
880.902000	14782352.000000	-2.114501	0.953677	-0.327489	-0.976564	2.668807	5.226756
880.952000	14782358.000000	-2.114494	0.953704	-0.327489	-0.938056	2.699444	5.230425
881.002000	14782364.000000	-2.114496	0.953701	-0.327493	-0.895292	2.644402	5.233463
881.053000	14782370.000000	-2.114493	0.953680	-0.327493	-0.911572	2.655552	5.241617
881.103000	14782377.000000	-2.114500	0.953708	-0.327511	-0.931485	2.570136	5.245913
881.152000	14782382.000000	-2.114506	0.953649	-0.327491	-0.872176	2.623243	5.239404
881.202000	14782388.000000	-2.114497	0.953710	-0.327476	-0.868129	2.725768	5.245729
881.252000	14782394.000000	-2.114501	0.953722	-0.327492	-0.851868	2.667655	5.247284
881.303000	14782400.000000	-2.114495	0.953673	-0.327480	-0.933743	2.643468	5.234945
881.353000	14782406.000000	-2.114500	0.953679	-0.327495	-0.896606	2.693239	5.242178
881.402000	14782412.000000	-2.114503	0.953677	-0.327488	-0.869605	2.668293	5.236521
881.452000	14782418.000000	-2.114505	0.953711	-0.327445	-0.873105	2.633377	5.235175
881.502000	14782424.000000	-2.114505	0.953667	-0.327440	-0.891279	2.653325	5.244807
881.553000	14782431.000000	-2.114513	0.953691	-0.327468	-0.832877	2.664973	5.238067
881.603000	14782436.000000	-2.114505	0.953665	-0.327475	-0.851684	2.634794	5.257685
881.652000	14782442.000000	-2.114506	0.953696	-0.327446	-0.873000	2.766555	5.250375
881.702000	14782448.000000	-2.114501	0.953677	-0.327442	-0.939105	2.684627	5.240656
881.752000	14782454.000000	-2.114496	0.953693	-0.327466	-0.859249	2.689363	5.255732
881.803000	14782461.000000	-2.114497	0.953687	-0.327441	-0.889555	2.716810	5.249760
881.853000	14782467.000000	-2.114510	0.953671	-0.327443	-0.857252	2.639972	5.242725
881.902000	14782472.000000	-2.114506	0.953705	-0.327460	-0.890356	2.691207	5.244269
881.952000	14782478.000000	-2.114506	0.953690	-0.327467	-0.905432	2.670895	5.233941
882.002000	14782484.000000	-2.114510	0.953691	-0.327448	-0.917174	2.681632	5.250439
882.053000	14782491.000000	-2.114515	0.953643	-0.327453	-0.882489	2.666716	5.241801
882.103000	14782496.000000	-2.114511	0.953694	-0.327472	-0.849359	2.701861	5.251462
882.152000	14782502.000000	-2.114507	0.953688	-0.327446	-0.924949	2.684119	5.235038
882.202000	14782508.000000	-2.114506	0.953670	-0.327469	-0.840345	2.718314	5.254808
882.252000	14782514.000000	-2.114501	0.953678	-0.327466	-0.848068	2.629410	5.247466
882.303000	14782521.000000	-2.114512	0.953706	-0.327450	-0.844545	2.710424	5.252458
882.353000	14782526.000000	-2.114507	0.953674	-0.327438	-0.889610	2.717673	5.252255
882.402000	14782532.000000	-2.114511	0.953661	-0.327455	-0.878074	2.689719	5.245833
882.452000	14782538.000000	-2.114512	0.953692	-0.327452	-0.903737	2.704388	5.240239
882.502000	14782544.000000	-2.114505	0.953666	-0.327452	-0.987860	2.572745	5.236339
882.553000	14782550.000000	-2.114515	0.953688	-0.327451	-0.896513	2.653966	5.257294
882.603000	14782557.000000	-2.114497	0.953660	-0.327449	-0.927418	2.587746	5.260919
882.652000	14782562.000000	-2.114510	0.953667	-0.327443	-0.865732	2.688377	5.251163
882.702000	14782568.000000	-2.114496	0.953682	-0.327459	-0.891073	2.582439	5.257312
882.752000	14782574.000000	-2.114521	0.953680	-0.327456	-0.853253	2.670568	5.237432
882.803000	14782580.000000	-2.114511	0.953681	-0.327452	-0.883233	2.734349	5.245920
882.853000	14782586.000000	-2.114491	0.953710	-0.327440	-0.841254	2.705038	5.256330
882.902000	14782592.000000	-2.114509	0.953677	-0.327455	-0.873591	2.642101	5.246175
882.952000	14782598.000000	-2.114511	0.953681	-0.327454	-0.923270	2.591278	5.248220
883.002000	14782604.000000	-2.114506	0.953684	-0.327445	-0.805137	2.662715	5.242795
883.053000	14782611.000000	-2.114465	0.953678	-0.327515	-0.889129	2.659722	5.238456
883.103000	14782616.000000	-2.114472	0.953642	-0.327382	-0.948668	2.683787	5.231892
883.152000	14782622.000000	-2.114616	0.953630	-0.327429	-0.913840	2.681287	5.231670
883.202000	14782628.000000	-2.114484	0.953593	-0.327342	-0.944399	2.633856	5.230618
883.252000	14782634.000000	-2.114532	0.953587	-0.327096	-0.784661	2.778810	5.236801
883.303000	14782641.000000	-2.114732	0.953435	-0.326906	-0.896935	2.778619	5.246619
883.353000	14782647.000000	-2.114787	0.953285	-0.326694	-0.866381	2.671976	5.237551
883.402000	14782652.000000	-2.114752	0.953333	-0.326728	-0.800845	2.637786	5.227850
883.452000	14782658.000000	-2.114739	0.953401	-0.326892	-0.911105	2.813149	5.233787
883.502000	14782664.000000	-2.114812	0.953358	-0.326775	-0.834111	2.729485	5.249008
883.553000	14782670.000000	-2.114688	0.953327	-0.326674	-0.811354	2.715158	5.229272
883.603000	14782676.000000	-2.114745	0.953471	-0.326959	-0.902130	2.766029	5.238056
883.652000	14782682.000000	-2.114758	0.953491	-0.327040	-0.849348	2.687214	5.230675
883.702000	14782688.000000	-2.114694	0.953507	-0.326919	-0.800135	2.800542	5.239913
883.752000	14782694.000000	-2.114744	0.953444	-0.326830	-0.799160	2.724511	5.241020
883.803000	14782701.000000	-2.114743	0.953450	-0.326853	-0.825282	2.783118	5.237105
883.853000	14782707.000000	-2.114712	0.953477	-0.326903	-0.841888	2.772667	5.241883
883.902000	14782712.000000	-2.114728	0.953424	-0.326842	-0.850955	2.762451	5.228171
883.952000	14782718.000000	-2.114725	0.953331	-0.326716	-0.815949	2.620126	5.219475
884.002000	14782724.000000	-2.114700	0.953277	-0.326692	-0.931615	2.646791	5.216882
884.053000	14782731.000000	-2.114679	0.953344	-0.326711	-0.936127	2.647568	5.210879
884.103000	14782736.000000	-2.114651	0.953335	-0.326551	-0.680247	2.684531	5.226891
884.153000	14782742.000000	-2.114672	0.953269	-0.326512	-0.716219	2.723912	5.232615
884.203000	14782749.000000	-2.114702	0.953164	-0.326406	-0.775663	2.644896	5.222663
884.253000	14782754.000000	-2.114716	0.953294	-0.326399	-0.684580	2.727365	5.230877
884.303000	14782761.000000	-2.114702	0.953284	-0.326567	-0.794672	2.711695	5.219556
884.353000	14782767.000000	-2.114691	0.953314	-0.326525	-0.709614	2.698384	5.229657
884.402000	14782772.000000	-2.114676	0.953237	-0.326478	-0.786267	2.579186	5.239830
884.452000	14782778.000000	-2.114727	0.953213	-0.326537	-0.858864	2.708482	5.230809
884.502000	14782784.000000	-2.114716	0.953305	-0.326613	-0.839489	2.678938	5.217284
884.553000	14782791.000000	-2.114690	0.953399	-0.326713	-0.760622	2.669385	5.228934
884.603000	14782796.000000	-2.114680	0.953335	-0.326689	-0.781149	2.675209	5.239571
884.652000	14782802.000000	-2.114685	0.953211	-0.326586	-0.894983	2.711296	5.229160
884.702000	14782808.000000	-2.114737	0.953345	-0.326629	-0.782848	2.692208	5.250257
884.752000	14782814.000000	-2.114713	0.953242	-0.326436	-0.665688	2.661162	5.237065
884.803000	14782821.000000	-2.114611	0.952736	-0.325616	-1.012513	2.882336	5.190075
884.853000	14782826.000000	-2.114685	0.952168	-0.324838	-0.894404	2.211237	5.141820
884.902000	14782832.000000	-2.115415	0.952874	-0.324331	-0.381821	2.935038	5.110580
884.952000	14782838.000000	-2.116747	0.952953	-0.323153	-0.438823	2.949985	4.937578
885.002000	14782844.000000	-2.118232	0.952451	-0.321436	-0.623911	2.084730	4.840725
885.053000	14782851.000000	-2.119638	0.952428	-0.318184	-1.013437	2.395958	4.832879
885.103000	14782856.000000	-2.120333	0.952762	-0.315706	-0.779915	2.872804	4.866823
885.152000	14782862.000000	-2.120533	0.952583	-0.312325	-1.150862	2.649733	5.009886
885.202000	14782868.000000	-2.120043	0.952723	-0.308145	-0.907815	2.826398	5.271286
885.252000	14782874.000000	-2.118288	0.952256	-0.303154	-0.837632	2.543002	5.679677
885.303000	14782881.000000	-2.115770	0.952408	-0.296869	-1.039160	3.045322	6.051929
885.353000	14782886.000000	-2.113713	0.952226	-0.291839	-0.798590	2.233661	6.213458
885.402000	14782892.000000	-2.110664	0.952515	-0.285170	-0.985845	2.482802	6.310931
885.452000	14782898.000000	-2.107381	0.952110	-0.278213	-0.795883	2.026711	6.444129
885.502000	14782904.000000	-2.102860	0.952098	-0.270559	-1.074010	1.815699	6.548130
885.553000	14782911.000000	-2.097541	0.952404	-0.261388	-0.683490	2.577857	6.764945
885.603000	14782917.000000	-2.093510	0.952299	-0.253260	-1.154465	1.801210	6.750597
885.652000	14782922.000000	-2.091093	0.952638	-0.246313	-0.140309	2.821467	6.702304
885.702000	14782928.000000	-2.089443	0.952209	-0.238190	-0.701364	2.055213	6.239221
885.752000	14782934.000000	-2.089248	0.952402	-0.230419	-0.031337	1.947218	5.647897
885.803000	14782941.000000	-2.089910	0.952107	-0.221545	-0.595615	2.490468	4.959213
885.853000	14782947.000000	-2.090481	0.952238	-0.214941	-0.539152	2.675819	4.416878
885.902000	14782952.000000	-2.090676	0.952347	-0.208823	0.169766	2.615467	4.178998
885.952000	14782959.000000	-2.090371	0.952640	-0.201113	0.338474	2.908597	4.006074
886.002000	14782964.000000	-2.090153	0.952101	-0.195308	-0.216880	2.527763	3.930526
886.053000	14782971.000000	-2.089452	0.952305	-0.186830	0.095618	2.711043	4.022810
886.103000	14782977.000000	-2.089230	0.952284	-0.178678	0.000105	2.765342	4.107683
886.152000	14782982.000000	-2.088914	0.951911	-0.171434	-0.189780	2.574691	4.255773
886.202000	14782988.000000	-2.088443	0.951988	-0.161944	-0.352123	2.594533	4.558711
886.252000	14782995.000000	-2.088463	0.951690	-0.149992	0.107829	2.190897	4.786792
886.303000	14783000.000000	-2.088982	0.952340	-0.141037	-1.000254	2.215265	4.829615
886.353000	14783007.000000	-2.089587	0.951865	-0.127468	-0.679630	2.621787	5.088428
886.402000	14783013.000000	-2.089987	0.952303	-0.115367	-0.658038	2.307606	5.256022
886.452000	14783018.000000	-2.090539	0.952145	-0.104818	-0.200253	2.784216	5.444270
886.502000	14783024.000000	-2.091328	0.951791	-0.091734	-0.175921	2.894872	5.664304
886.553000	14783030.000000	-2.092227	0.951537	-0.078321	-0.233786	2.940354	5.799471
886.603000	14783036.000000	-2.093113	0.951523	-0.064932	0.137340	2.186702	5.905116
886.652000	14783042.000000	-2.094205	0.951752	-0.051221	-0.166608	3.081060	5.958529
886.702000	14783048.000000	-2.096024	0.951594	-0.037769	-0.468915	3.091601	5.783822
886.762000	14783056.000000	-2.098767	0.951861	-0.019609	-1.271293	2.197745	5.570426
886.804000	14783061.000000	-2.100415	0.951632	-0.008073	-0.458071	3.376588	5.551622
886.852000	14783066.000000	-2.101506	0.951252	0.003487	-0.448184	2.606590	5.631652
886.903000	14783073.000000	-2.102342	0.951275	0.019289	-1.343887	2.308930	5.716968
886.953000	14783078.000000	-2.102773	0.951025	0.030660	-0.535496	3.096144	5.882312
887.003000	14783085.000000	-2.103306	0.951796	0.045868	-1.748948	1.877678	5.946602
887.053000	14783090.000000	-2.103542	0.951232	0.057088	-0.458893	3.089253	6.125168
887.103000	14783096.000000	-2.104263	0.951347	0.070102	-1.440255	2.233110	6.026729
887.152000	14783102.000000	-2.105121	0.951635	0.083602	-1.585758	1.862611	5.939087
887.202000	14783108.000000	-2.105673	0.951066	0.096678	-0.268932	3.029468	6.039214
887.252000	14783114.000000	-2.106197	0.951141	0.110129	-1.253164	2.086720	5.872731
887.303000	14783120.000000	-2.106424	0.951387	0.123709	-1.001525	2.194358	5.855820
887.353000	14783126.000000	-2.106101	0.951160	0.138150	-1.676988	2.130755	5.903790
887.402000	14783132.000000	-2.105331	0.950617	0.152887	-0.892189	2.400402	6.003802
887.452000	14783138.000000	-2.103950	0.950477	0.168000	-0.889453	2.782295	6.154645
887.502000	14783144.000000	-2.102694	0.950559	0.182960	-0.868256	3.086573	6.328313
887.553000	14783150.000000	-2.101177	0.950089	0.198744	-0.755415	2.789100	6.515032
887.603000	14783156.000000	-2.099714	0.950311	0.214719	-0.376656	3.008396	6.658655
887.652000	14783162.000000	-2.098241	0.950513	0.230854	-1.481960	2.569187	6.723249
887.702000	14783168.000000	-2.096676	0.950274	0.247625	-1.742706	2.062976	6.788446
887.752000	14783174.000000	-2.095084	0.950341	0.264286	-1.929014	1.726654	6.860364
887.803000	14783181.000000	-2.093420	0.950097	0.284326	-1.411916	2.297415	6.961602
887.853000	14783186.000000	-2.092178	0.949498	0.298958	-0.851154	2.705308	7.029493
887.902000	14783192.000000	-2.090847	0.949848	0.316629	-1.753346	2.037945	6.926480
887.952000	14783198.000000	-2.089823	0.949736	0.334102	-1.808491	1.992818	6.922330
888.002000	14783204.000000	-2.088973	0.949018	0.352364	-0.831382	2.944135	7.020579
888.053000	14783210.000000	-2.088336	0.949447	0.370351	-1.681442	2.204192	6.961488
888.103000	14783216.000000	-2.087662	0.949441	0.388467	-1.802732	1.659591	6.888690
888.152000	14783222.000000	-2.086981	0.949109	0.406720	-1.621076	1.999888	6.847152
888.202000	14783228.000000	-2.086111	0.949121	0.424695	-1.658494	1.824319	6.872256
888.252000	14783234.000000	-2.085471	0.948889	0.442364	-0.768807	2.563910	6.979434
888.303000	14783240.000000	-2.084970	0.948475	0.460223	-1.893240	2.253492	6.821793
888.353000	14783246.000000	-2.084446	0.949406	0.477076	-1.706547	1.038756	6.890114
888.402000	14783252.000000	-2.084509	0.949289	0.493689	-1.798046	1.125885	6.789713
888.452000	14783258.000000	-2.084999	0.949349	0.509680	-1.583688	1.034086	6.696984
888.502000	14783264.000000	-2.085498	0.948816	0.525786	-0.919138	1.326646	6.694066
888.553000	14783271.000000	-2.085650	0.948748	0.543888	-1.018375	0.579171	6.455568
888.603000	14783276.000000	-2.085515	0.949309	0.556873	-1.180125	2.012136	6.205338
888.652000	14783282.000000	-2.085469	0.949082	0.573054	-1.148611	1.868716	6.123901
888.707000	14783289.000000	-2.085056	0.948930	0.591685	-1.056438	2.294662	6.263570
888.753000	14783295.000000	-2.084527	0.949170	0.608400	-1.558432	1.586664	6.229603
888.803000	14783300.000000	-2.084133	0.948889	0.622674	-1.510826	1.812664	6.287111
888.853000	14783306.000000	-2.083773	0.948863	0.639773	-1.561363	2.020480	6.317454
888.902000	14783312.000000	-2.083605	0.948618	0.656825	-1.666289	1.760743	6.306591
888.952000	14783318.000000	-2.083663	0.948583	0.673555	-1.440055	1.756505	6.271052
889.002000	14783324.000000	-2.083413	0.948370	0.690274	-1.463159	1.649934	6.290619
889.053000	14783330.000000	-2.083107	0.948225	0.706758	-0.955392	2.246519	6.272101
889.103000	14783337.000000	-2.082630	0.947859	0.725853	-0.912005	2.094809	6.326574
889.152000	14783342.000000	-2.082000	0.947934	0.739440	-1.354973	1.840101	6.427135
889.202000	14783348.000000	-2.080910	0.947752	0.755464	-1.389494	1.626177	6.511392
889.252000	14783354.000000	-2.079753	0.947455	0.771445	-1.098420	1.991695	6.663159
889.303000	14783361.000000	-2.078246	0.947161	0.789919	-0.880458	2.211429	6.808363
889.353000	14783366.000000	-2.077209	0.947054	0.803039	-0.794767	2.380665	6.966752
889.402000	14783372.000000	-2.076132	0.946819	0.818709	-1.394622	1.937750	7.023351
889.452000	14783378.000000	-2.075905	0.946983	0.834082	-1.237231	1.550101	7.017944
889.502000	14783384.000000	-2.075747	0.946484	0.849582	-1.146757	2.192507	6.895844
889.553000	14783390.000000	-2.075418	0.946598	0.864947	-1.313133	2.073525	6.947856
889.603000	14783397.000000	-2.074645	0.946414	0.883713	-1.496271	1.789476	6.918969
889.652000	14783402.000000	-2.074112	0.946185	0.897252	-1.362115	1.968987	6.991042
889.702000	14783408.000000	-2.073231	0.946105	0.913567	-1.282706	2.231362	7.044796
889.752000	14783414.000000	-2.072313	0.945681	0.930092	-0.955304	2.213123	7.029003
889.803000	14783420.000000	-2.071606	0.945749	0.946475	-1.304143	1.833984	6.976541
889.853000	14783426.000000	-2.071533	0.945239	0.962525	-1.229316	2.124381	6.833963
889.902000	14783432.000000	-2.072217	0.945456	0.977966	-1.248026	2.075903	6.618657
889.952000	14783438.000000	-2.073329	0.945184	0.993648	-0.877489	2.360027	6.342134
890.002000	14783444.000000	-2.074574	0.944918	1.008912	-1.048895	2.240515	6.043178
890.053000	14783450.000000	-2.075161	0.944929	1.024061	-1.412617	2.071120	5.927898
890.103000	14783456.000000	-2.074947	0.944829	1.039555	-0.870832	2.277781	5.896493
890.152000	14783462.000000	-2.074076	0.944721	1.055139	-1.174430	1.756234	5.981078
890.202000	14783468.000000	-2.073290	0.944630	1.071250	-1.063118	2.118993	6.022259
890.252000	14783474.000000	-2.072564	0.944299	1.087610	-0.788275	2.021362	6.039272
890.303000	14783480.000000	-2.072039	0.944395	1.103987	-1.209447	2.160634	6.046507
890.353000	14783487.000000	-2.071795	0.944188	1.123490	-1.070365	2.111964	6.042361
890.402000	14783492.000000	-2.071477	0.944182	1.137322	-0.879393	2.022069	6.064711
890.452000	14783498.000000	-2.070460	0.943937	1.153659	-1.369529	2.020080	6.142503
890.502000	14783504.000000	-2.069241	0.944081	1.169603	-1.024027	2.163998	6.378842
890.553000	14783511.000000	-2.067835	0.943809	1.188248	-0.988018	2.189719	6.429478
890.603000	14783516.000000	-2.067353	0.943710	1.201352	-1.006596	2.220484	6.456247
890.652000	14783522.000000	-2.066608	0.943586	1.216592	-1.348587	1.859705	6.547473
890.702000	14783528.000000	-2.065507	0.943349	1.232167	-0.831042	2.167432	6.651506
890.752000	14783534.000000	-2.064499	0.943070	1.247663	-1.080575	2.008786	6.720145
890.803000	14783541.000000	-2.063163	0.942905	1.265700	-0.947618	2.024449	6.810184
890.853000	14783546.000000	-2.061932	0.942845	1.278680	-1.024126	2.132848	6.877806
890.902000	14783552.000000	-2.061201	0.942872	1.294183	-1.061798	2.111809	6.873219
890.952000	14783558.000000	-2.060841	0.942731	1.309888	-0.821459	2.158096	6.887394
891.002000	14783564.000000	-2.060418	0.942719	1.325628	-1.151030	2.058273	6.876127
891.053000	14783570.000000	-2.060218	0.942655	1.341121	-0.824811	2.183847	6.821432
891.103000	14783577.000000	-2.060122	0.942672	1.359335	-0.875437	2.167043	6.700530
891.152000	14783582.000000	-2.060046	0.942825	1.372057	-0.987101	2.233168	6.590708
891.202000	14783588.000000	-2.060185	0.942523	1.387729	-1.007171	1.995396	6.433221
891.252000	14783594.000000	-2.060681	0.942480	1.402522	-0.906240	1.884474	6.254186
891.303000	14783600.000000	-2.061268	0.942200	1.417971	-1.139257	1.902601	6.033145
891.353000	14783606.000000	-2.061466	0.942263	1.432510	-0.965746	1.812573	5.967967
891.402000	14783612.000000	-2.061192	0.942207	1.447213	-1.110036	1.827175	5.861932
891.452000	14783618.000000	-2.060652	0.942312	1.461428	-0.951240	1.767270	6.001500
891.502000	14783624.000000	-2.060139	0.942077	1.475919	-1.044672	1.884213	6.079434
891.553000	14783630.000000	-2.059598	0.942163	1.489940	-1.099744	2.228608	6.087308
891.603000	14783636.000000	-2.059063	0.942209	1.503906	-0.986924	1.940136	6.132589
891.652000	14783642.000000	-2.058839	0.941993	1.518047	-1.098334	1.831716	6.064454
891.702000	14783648.000000	-2.058334	0.942166	1.531699	-1.057191	1.637973	6.118145
891.752000	14783654.000000	-2.057876	0.941921	1.546063	-0.948946	1.549735	6.066749
891.803000	14783660.000000	-2.057353	0.942107	1.560309	-1.086484	1.849979	5.986209
891.853000	14783666.000000	-2.056726	0.941814	1.574804	-0.968559	1.753406	6.011025
891.902000	14783672.000000	-2.055792	0.941638	1.589289	-0.930699	1.623134	5.977267
891.952000	14783678.000000	-2.055351	0.941800	1.603340	-1.058412	1.726609	5.895495
892.002000	14783684.000000	-2.055542	0.941906	1.617407	-1.252345	2.014280	5.746211
892.053000	14783691.000000	-2.055739	0.941747	1.633513	-1.005424	1.677812	5.644843
892.103000	14783696.000000	-2.055436	0.941774	1.644728	-1.326270	1.883278	5.690849
892.152000	14783702.000000	-2.054660	0.941742	1.657913	-1.270460	1.748436	5.704974
892.202000	14783708.000000	-2.053760	0.941702	1.671222	-0.983788	1.903825	5.722311
892.252000	14783714.000000	-2.052755	0.941851	1.683902	-0.985472	2.349082	5.785975
892.303000	14783720.000000	-2.051762	0.941740	1.696805	-1.076263	2.039679	5.901971
892.353000	14783727.000000	-2.050991	0.941509	1.711832	-0.939110	2.090377	5.918800
892.402000	14783732.000000	-2.050618	0.941548	1.722261	-1.052349	2.111552	6.004550
892.452000	14783738.000000	-2.049950	0.941477	1.735016	-0.964222	2.175093	6.053105
892.502000	14783744.000000	-2.049412	0.941404	1.747508	-0.897798	1.931987	6.131552
892.553000	14783751.000000	-2.048905	0.941159	1.761618	-1.003061	1.970694	6.197969
892.603000	14783756.000000	-2.048438	0.941313	1.771958	-0.815501	1.867713	6.261698
892.652000	14783762.000000	-2.048021	0.941172	1.784352	-1.001262	1.907706	6.355742
892.702000	14783768.000000	-2.047773	0.941232	1.796474	-0.971514	1.595877	6.382518
892.752000	14783774.000000	-2.046994	0.941032	1.808938	-0.904662	1.577946	6.483008
892.803000	14783780.000000	-2.046280	0.941286	1.820902	-0.938792	1.965559	6.485697
892.853000	14783786.000000	-2.045962	0.940966	1.832578	-0.944581	1.678205	6.529754
892.902000	14783792.000000	-2.045657	0.941505	1.843440	-0.895643	1.990135	6.581133
892.952000	14783798.000000	-2.045477	0.940992	1.854820	-1.072941	1.472009	6.541378
893.002000	14783804.000000	-2.045203	0.941102	1.864681	-1.155164	1.201335	6.515820
893.053000	14783811.000000	-2.044819	0.940643	1.877254	-1.212367	1.539945	6.482592
893.103000	14783816.000000	-2.044630	0.940641	1.886000	-1.394195	1.155022	6.457542
893.152000	14783822.000000	-2.044428	0.940204	1.897119	-1.504415	0.732552	6.350080
893.202000	14783828.000000	-2.044381	0.940409	1.908539	-1.400501	1.754799	6.329802
893.252000	14783834.000000	-2.044428	0.940372	1.919896	-1.197186	1.599821	6.292268
893.303000	14783841.000000	-2.044365	0.940271	1.933420	-1.296833	1.020825	6.185251
893.353000	14783846.000000	-2.044227	0.940214	1.942704	-1.356640	0.919676	6.120729
893.402000	14783852.000000	-2.044188	0.940487	1.954028	-1.680897	1.833075	6.116730
893.452000	14783858.000000	-2.044167	0.939954	1.965306	-1.536653	0.799673	6.038661
893.502000	14783864.000000	-2.044021	0.940482	1.976311	-1.342334	1.920792	6.048322
893.553000	14783870.000000	-2.043828	0.940396	1.987464	-1.353816	1.693314	6.086796
893.603000	14783877.000000	-2.043469	0.940555	1.999876	-1.155482	1.389838	6.101362
893.652000	14783882.000000	-2.043330	0.940498	2.009177	-1.531767	1.713280	6.074630
893.702000	14783888.000000	-2.043458	0.940201	2.019716	-1.507530	1.832390	5.992433
893.752000	14783894.000000	-2.043521	0.940425	2.030421	-1.283275	2.099743	5.992843
893.803000	14783900.000000	-2.043512	0.940288	2.041129	-1.533313	1.888528	5.955362
893.853000	14783907.000000	-2.042970	0.940154	2.053641	-1.552331	2.115465	6.019588
893.902000	14783912.000000	-2.042597	0.940286	2.062740	-1.006296	1.654760	6.063235
893.952000	14783918.000000	-2.041593	0.940166	2.073328	-1.486382	1.850045	6.302278
894.002000	14783924.000000	-2.040720	0.939766	2.084680	-1.441069	1.201604	6.436707
894.053000	14783931.000000	-2.039723	0.939739	2.097522	-1.490867	0.981766	6.649177
894.103000	14783936.000000	-2.039198	0.939535	2.107659	-1.467817	1.009279	6.685736
894.152000	14783942.000000	-2.039023	0.939547	2.119704	-1.478876	0.920893	6.754802
894.202000	14783948.000000	-2.039021	0.939507	2.132058	-1.228106	0.681733	6.813505
894.252000	14783954.000000	-2.038829	0.939412	2.144335	-1.224838	1.140296	6.801179
894.303000	14783960.000000	-2.038472	0.939930	2.156094	-1.493031	1.838839	6.709583
894.353000	14783967.000000	-2.038338	0.939382	2.170597	-1.217341	1.391432	6.869205
894.402000	14783972.000000	-2.038041	0.939201	2.180468	-1.398998	0.806592	6.740001
894.452000	14783978.000000	-2.037547	0.939489	2.192520	-1.481278	1.833781	6.766510
894.502000	14783985.000000	-2.036898	0.939397	2.206293	-1.583043	1.625853	6.748040
894.553000	14783991.000000	-2.036241	0.938876	2.217822	-1.276728	0.664386	6.864666
894.603000	14783997.000000	-2.035960	0.939181	2.229085	-1.506975	1.272941	6.913260
894.652000	14784002.000000	-2.035916	0.939164	2.238005	-1.783347	0.933542	6.806478
894.702000	14784008.000000	-2.035832	0.938868	2.248425	-1.340519	0.420434	6.823465
894.752000	14784014.000000	-2.035807	0.938816	2.258621	-1.512465	1.153238	6.769654
894.804000	14784021.000000	-2.035436	0.939267	2.269855	-1.352055	1.413103	6.847517
894.852000	14784026.000000	-2.035058	0.939264	2.277648	-1.492425	1.109715	6.841809
894.903000	14784032.000000	-2.034753	0.939272	2.286651	-1.599018	0.931704	6.833205
894.953000	14784039.000000	-2.034604	0.938996	2.296614	-1.537465	1.023277	6.798818
895.003000	14784045.000000	-2.034328	0.939182	2.304658	-1.590428	1.191009	6.848584
895.053000	14784050.000000	-2.034095	0.938842	2.311127	-1.339725	1.563173	6.709196
895.103000	14784056.000000	-2.034083	0.938746	2.318283	-1.409977	1.212701	6.673662
895.152000	14784062.000000	-2.034129	0.938779	2.325291	-1.597726	1.558809	6.623100
895.202000	14784068.000000	-2.034088	0.938893	2.330668	-1.574685	1.495909	6.697081
895.252000	14784074.000000	-2.033893	0.938632	2.336122	-1.444715	1.386651	6.589159
895.303000	14784081.000000	-2.033607	0.938868	2.340883	-1.508287	2.295357	6.557717
895.353000	14784087.000000	-2.033883	0.938543	2.343730	-1.454372	1.161455	6.459587
895.402000	14784092.000000	-2.034008	0.938657	2.345757	-1.735219	1.568870	6.485813
895.452000	14784099.000000	-2.034092	0.938371	2.347465	-1.604584	1.616689	6.428904
895.502000	14784104.000000	-2.034233	0.938546	2.347540	-1.671504	1.648863	6.397779
895.553000	14784111.000000	-2.034214	0.938463	2.347520	-1.523755	1.693125	6.404651
895.603000	14784117.000000	-2.034231	0.938616	2.347401	-1.341572	1.547112	6.385000
895.652000	14784122.000000	-2.034213	0.938589	2.347564	-1.282532	1.562699	6.376592
895.702000	14784128.000000	-2.034238	0.938592	2.347617	-1.508815	1.636734	6.387526
895.752000	14784134.000000	-2.034322	0.938624	2.347480	-1.327040	1.563527	6.365306
895.803000	14784141.000000	-2.034304	0.938585	2.347542	-1.464736	1.602362	6.385107
895.853000	14784147.000000	-2.034362	0.938569	2.347587	-1.449487	1.595163	6.373252
895.902000	14784152.000000	-2.034413	0.938596	2.347558	-1.445362	1.635522	6.368626
895.952000	14784158.000000	-2.034411	0.938631	2.347574	-1.376102	1.558640	6.358079
896.002000	14784164.000000	-2.034378	0.938614	2.347587	-1.235818	1.564204	6.370455
896.053000	14784171.000000	-2.034359	0.938574	2.347757	-1.457353	1.696347	6.351297
896.103000	14784177.000000	-2.034417	0.938574	2.347723	-1.404454	1.594963	6.347468
896.152000	14784182.000000	-2.034264	0.938618	2.347782	-1.400384	1.623502	6.368142
896.202000	14784188.000000	-2.033895	0.938558	2.347837	-1.439704	1.557232	6.392113
896.252000	14784195.000000	-2.033832	0.938644	2.347240	-1.649107	1.595233	6.335312
896.303000	14784201.000000	-2.034225	0.938591	2.347476	-1.458676	1.657754	6.309200
896.353000	14784207.000000	-2.034105	0.938623	2.347646	-1.464722	1.602574	6.295814
896.402000	14784212.000000	-2.034057	0.938556	2.347548	-1.551165	1.530087	6.313811
896.452000	14784218.000000	-2.034142	0.938480	2.347471	-1.706272	1.595813	6.322000
896.502000	14784224.000000	-2.033999	0.938500	2.347566	-1.727891	1.681698	6.332481
896.553000	14784230.000000	-2.034112	0.938542	2.347508	-1.402453	1.567051	6.329316
896.603000	14784237.000000	-2.034053	0.938600	2.347568	-1.323485	1.609657	6.313735
896.652000	14784242.000000	-2.034046	0.938515	2.347481	-1.625042	1.588719	6.318187
896.702000	14784248.000000	-2.034004	0.938546	2.347414	-1.623048	1.608602	6.319821
896.752000	14784254.000000	-2.033977	0.938599	2.347512	-1.495397	1.492991	6.302514
896.803000	14784260.000000	-2.034002	0.938586	2.347365	-1.520721	1.713275	6.327017
896.853000	14784267.000000	-2.033959	0.938694	2.347456	-1.428961	1.534792	6.303163
896.902000	14784273.000000	-2.033985	0.938554	2.347407	-1.616027	1.648916	6.325179
896.952000	14784278.000000	-2.033937	0.938549	2.347378	-1.622886	1.571856	6.341938
897.002000	14784284.000000	-2.033916	0.938591	2.347368	-1.690129	1.589039	6.321498
897.053000	14784291.000000	-2.033870	0.938770	2.347368	-2.237391	1.042438	6.325187
897.103000	14784297.000000	-2.033891	0.938576	2.347373	-1.689420	1.671768	6.320256
897.152000	14784302.000000	-2.033906	0.938562	2.347387	-1.654767	1.588104	6.322346
897.202000	14784308.000000	-2.033935	0.938513	2.347370	-1.641335	1.635938	6.325059
897.252000	14784315.000000	-2.033946	0.938562	2.347371	-1.661459	1.590609	6.326727
897.303000	14784321.000000	-2.033928	0.938874	2.347382	-1.881493	1.017409	6.302045
897.353000	14784327.000000	-2.033939	0.938599	2.347359	-1.576253	1.667981	6.333868
897.402000	14784332.000000	-2.033959	0.938534	2.347372	-1.652863	1.689975	6.331542
897.452000	14784338.000000	-2.033929	0.938598	2.347386	-1.704067	1.620663	6.314046
897.502000	14784344.000000	-2.033931	0.938565	2.347364	-1.595738	1.579530	6.326914
897.553000	14784351.000000	-2.033936	0.938562	2.347377	-1.609383	1.609712	6.323763
897.603000	14784357.000000	-2.033922	0.938566	2.347396	-1.709281	1.558392	6.322073
897.652000	14784362.000000	-2.033924	0.938574	2.347393	-1.691993	1.538225	6.316301
897.702000	14784368.000000	-2.033914	0.938554	2.347370	-1.616276	1.668386	6.306822
897.752000	14784374.000000	-2.033902	0.938559	2.347368	-1.648323	1.621825	6.327517
897.803000	14784381.000000	-2.033907	0.938593	2.347394	-1.611304	1.657176	6.325241
897.853000	14784387.000000	-2.033929	0.938593	2.347378	-1.658401	1.605045	6.330824
897.902000	14784392.000000	-2.033927	0.938544	2.347367	-1.607401	1.577745	6.341587
897.952000	14784398.000000	-2.033921	0.938586	2.347379	-1.685870	1.590324	6.336652
898.002000	14784404.000000	-2.033937	0.938549	2.347398	-1.625106	1.648926	6.339385
898.053000	14784411.000000	-2.033917	0.938589	2.347372	-1.707666	1.582657	6.327533
898.103000	14784417.000000	-2.033905	0.938522	2.347404	-1.670836	1.643776	6.308990
898.152000	14784422.000000	-2.033913	0.938544	2.347395	-1.683558	1.561068	6.328131
898.202000	14784428.000000	-2.033935	0.938668	2.347379	-1.397982	1.524500	6.294395
898.252000	14784435.000000	-2.033903	0.938490	2.347393	-1.676022	1.663676	6.317616
898.303000	14784441.000000	-2.033912	0.938546	2.347370	-1.681430	1.608177	6.321495
898.353000	14784447.000000	-2.033884	0.938552	2.347339	-1.618166	1.606433	6.315482
898.402000	14784453.000000	-2.033890	0.938564	2.347385	-1.653030	1.648258	6.320254
898.452000	14784458.000000	-2.033896	0.938518	2.347401	-1.673224	1.640359	6.308537
898.502000	14784464.000000	-2.033907	0.938706	2.347370	-1.367833	1.512825	6.305017
898.553000	14784471.000000	-2.033893	0.938630	2.347378	-1.480334	1.564404	6.313810
898.603000	14784477.000000	-2.033887	0.938541	2.347384	-1.706322	1.645285	6.317450
898.652000	14784482.000000	-2.033857	0.938575	2.347388	-1.765691	1.515296	6.304088
898.702000	14784488.000000	-2.033875	0.938523	2.347358	-1.702113	1.639654	6.318574
898.752000	14784494.000000	-2.033893	0.938565	2.347358	-1.613748	1.591286	6.320086
898.803000	14784501.000000	-2.033856	0.938601	2.347389	-1.663185	1.706383	6.315045
898.853000	14784507.000000	-2.033883	0.938542	2.347368	-1.651872	1.553574	6.311719
898.902000	14784512.000000	-2.033860	0.938548	2.347363	-1.652132	1.635341	6.324008
898.952000	14784519.000000	-2.033851	0.938559	2.347392	-1.681482	1.656871	6.313277
899.002000	14784524.000000	-2.033875	0.938588	2.347363	-1.730278	1.600175	6.314277
899.054000	14784531.000000	-2.033845	0.938564	2.347359	-1.723339	1.543018	6.307478
899.102000	14784536.000000	-2.033875	0.938533	2.347371	-1.674929	1.591747	6.327507
899.153000	14784543.000000	-2.033880	0.938584	2.347351	-1.662588	1.664446	6.315791
899.203000	14784549.000000	-2.033855	0.938569	2.347374	-1.717308	1.626746	6.312095
899.253000	14784555.000000	-2.033879	0.938500	2.347363	-1.629735	1.599217	6.320880
899.303000	14784561.000000	-2.033859	0.938591	2.347365	-1.618609	1.649234	6.317945
899.353000	14784567.000000	-2.033878	0.938556	2.347375	-1.645052	1.637285	6.326456
899.402000	14784572.000000	-2.033875	0.938546	2.347365	-1.644567	1.678954	6.318644
899.452000	14784578.000000	-2.033859	0.938550	2.347399	-1.787663	1.530471	6.307022
899.502000	14784585.000000	-2.033864	0.938578	2.347364	-1.707864	1.521991	6.302610
899.553000	14784591.000000	-2.033841	0.938552	2.347370	-1.694322	1.674919	6.312509
899.603000	14784597.000000	-2.033872	0.938578	2.347374	-1.589198	1.656045	6.308771
899.652000	14784602.000000	-2.033858	0.938562	2.347354	-1.648413	1.569564	6.318958
899.702000	14784609.000000	-2.033876	0.938517	2.347393	-1.644222	1.571836	6.307494
899.752000	14784614.000000	-2.033900	0.938538	2.347394	-1.664242	1.633796	6.323352
899.803000	14784621.000000	-2.033876	0.938605	2.347393	-1.774071	1.588108	6.326633
899.853000	14784627.000000	-2.033881	0.938548	2.347376	-1.720922	1.596341	6.300831
899.902000	14784632.000000	-2.033856	0.938516	2.347405	-1.747153	1.556696	6.308865
899.952000	14784638.000000	-2.033852	0.938557	2.347370	-1.698805	1.551284	6.308525
900.002000	14784645.000000	-2.033851	0.938560	2.347392	-1.725495	1.701658	6.314572
900.053000	14784651.000000	-2.033865	0.938556	2.347391	-1.701168	1.633709	6.300530
900.103000	14784657.000000	-2.033885	0.938530	2.347411	-1.650981	1.639712	6.317063
900.152000	14784662.000000	-2.033860	0.938578	2.347386	-1.630516	1.592907	6.318499
900.202000	14784668.000000	-2.033882	0.938553	2.347403	-1.709449	1.564919	6.306836
900.252000	14784675.000000	-2.033870	0.938503	2.347392	-1.733420	1.593248	6.303678
900.303000	14784681.000000	-2.033878	0.938513	2.347376	-1.734694	1.572640	6.313788
900.353000	14784687.000000	-2.033860	0.938564	2.347398	-1.745030	1.573291	6.310820
900.403000	14784693.000000	-2.033865	0.938567	2.347388	-1.650911	1.617693	6.315298
900.453000	14784699.000000	-2.033883	0.938571	2.347393	-1.653032	1.606251	6.311084
900.503000	14784705.000000	-2.033876	0.938717	2.347415	-1.476513	1.464671	6.295728
900.553000	14784711.000000	-2.033883	0.938550	2.347383	-1.635393	1.665292	6.319520
900.603000	14784717.000000	-2.033864	0.938562	2.347397	-1.712520	1.678432	6.315673
900.652000	14784722.000000	-2.033853	0.938563	2.347371	-1.688351	1.591489	6.317952
900.702000	14784729.000000	-2.033888	0.938515	2.347382	-1.744248	1.641145	6.296975
900.752000	14784734.000000	-2.033878	0.938566	2.347415	-1.706599	1.637793	6.312800
900.803000	14784741.000000	-2.033880	0.938550	2.347389	-1.627324	1.677204	6.328642
900.853000	14784747.000000	-2.033868	0.938539	2.347381	-1.619919	1.641245	6.336489
900.902000	14784752.000000	-2.033872	0.938521	2.347420	-1.645157	1.623587	6.330253
900.952000	14784759.000000	-2.033874	0.938543	2.347391	-1.662155	1.618915	6.316424
901.002000	14784764.000000	-2.033847	0.938554	2.347387	-1.668153	1.615275	6.320517
901.053000	14784771.000000	-2.033843	0.938556	2.347379	-1.640406	1.685718	6.306303
901.103000	14784777.000000	-2.033820	0.938549	2.347389	-1.743150	1.566479	6.308389
901.152000	14784782.000000	-2.033836	0.938521	2.347391	-1.649531	1.578508	6.310084
901.202000	14784788.000000	-2.033838	0.938576	2.347370	-1.713041	1.570283	6.319753
901.252000	14784794.000000	-2.033834	0.938531	2.347386	-1.638003	1.679645	6.317186
901.303000	14784801.000000	-2.033838	0.938526	2.347360	-1.704380	1.570970	6.300461
