17.017000	-431602080.000000	-431602080.000000	-431602080.000000	-431602080.000000	135.000000	-0.000000	135.000000
17.017000	-431602080.000000	-431602080.000000	-431602080.000000	-431602080.000000	135.000000	-0.000000	135.000000
17.032000	89709920.000000	2.676964	0.650004	-0.091456	6.648183	10.070754	3.347454
17.048000	89709928.000000	2.676469	0.650349	-0.091261	5.042692	9.839610	3.739347
17.079000	89709928.000000	2.677352	0.650196	-0.091373	6.810235	9.479396	3.366842
17.110000	89709936.000000	2.677077	0.650103	-0.091569	6.717556	9.756580	3.279668
17.126000	89709936.000000	2.676805	0.650159	-0.091644	6.201739	9.885444	3.491919
17.157000	89709936.000000	2.676861	0.650083	-0.091533	5.992348	9.902169	3.400704
17.173000	89709944.000000	2.676677	0.650120	-0.091238	5.727535	9.364548	3.690334
17.204000	89709944.000000	2.677109	0.650140	-0.091157	6.391090	9.513436	3.332049
17.235000	89709944.000000	2.677234	0.650145	-0.091206	6.898909	9.521216	3.275061
17.251000	89709952.000000	2.677057	0.650352	-0.091589	6.777071	9.913934	3.370798
17.282000	89709952.000000	2.676265	0.650274	-0.091246	4.190746	9.541566	3.980156
17.298000	89709952.000000	2.676265	0.650274	-0.091246	4.190746	9.541566	3.980156
17.329000	89709952.000000	2.677311	0.650085	-0.091274	6.931536	9.481821	3.304084
17.360000	89709960.000000	2.677100	0.650169	-0.091837	6.422994	9.829039	3.408918
17.376000	89709968.000000	2.677395	0.650194	-0.091530	6.910043	9.472722	3.345096
17.407000	89709968.000000	2.676782	0.650504	-0.091266	4.664949	10.032353	3.654960
17.422000	89709968.000000	2.676733	0.650336	-0.091248	4.774705	9.936697	3.604900
17.454000	89709976.000000	2.676286	0.650306	-0.091383	4.435119	9.643232	3.971322
17.485000	89709976.000000	2.676591	0.650341	-0.091372	5.002567	9.918685	3.623353
17.500000	89709984.000000	2.676391	0.650309	-0.091351	4.676074	9.954612	3.852979
17.532000	89709984.000000	2.676909	0.650101	-0.091532	6.111208	9.888079	3.353618
17.547000	89709984.000000	2.676909	0.650101	-0.091532	6.111208	9.888079	3.353618
17.578000	89709984.000000	2.677140	0.650037	-0.091479	7.155110	10.082412	3.188356
17.610000	89709992.000000	2.676347	0.650200	-0.091314	4.989082	9.931207	3.856874
17.625000	89709992.000000	2.676745	0.650316	-0.091383	5.659832	9.951412	3.585829
17.656000	89710000.000000	2.677305	0.650129	-0.091244	6.910482	9.484618	3.270091
17.672000	89710000.000000	2.677305	0.650129	-0.091244	6.910482	9.484618	3.270091
17.703000	89710000.000000	2.676441	0.650320	-0.091284	5.006185	9.846585	3.757910
17.734000	89710008.000000	2.677269	0.650222	-0.091296	6.772574	9.561882	3.284598
17.750000	89710008.000000	2.676965	0.650005	-0.091498	6.272136	9.955122	3.188277
17.781000	89710016.000000	2.676492	0.650342	-0.091258	5.333027	9.768081	3.746048
17.797000	89710016.000000	2.676492	0.650342	-0.091258	5.333027	9.768081	3.746048
17.828000	89710016.000000	2.677121	0.650199	-0.091556	7.024265	10.045436	3.268510
17.859000	89710024.000000	2.676834	0.650159	-0.091526	6.618804	9.973758	3.451355
17.875000	89710024.000000	2.676834	0.650159	-0.091526	6.618804	9.973758	3.451355
17.906000	89710024.000000	2.676834	0.650159	-0.091526	6.618804	9.973758	3.451355
17.922000	89710032.000000	2.676406	0.650378	-0.091348	4.841032	9.878821	3.844914
17.953000	89710032.000000	2.676521	0.650406	-0.091258	5.030944	9.832876	3.765985
17.984000	89710040.000000	2.677257	0.650141	-0.091307	6.809799	9.482634	3.264666
17.999000	89710040.000000	2.676935	0.650295	-0.091368	5.376892	9.511394	3.464770
18.031000	89710040.000000	2.677219	0.650313	-0.091627	6.912741	9.802633	3.282625
18.046000	89710048.000000	2.676441	0.650447	-0.091466	4.788705	9.805741	3.784891
18.077000	89710048.000000	2.677138	0.650013	-0.091523	6.997684	9.728285	3.254467
18.109000	89710048.000000	2.676740	0.650050	-0.091575	5.056590	9.890543	3.466124
18.124000	89710056.000000	2.676864	0.650398	-0.091522	5.573274	9.893669	3.527587
18.155000	89710056.000000	2.677128	0.650058	-0.091487	6.685599	9.933802	3.171810
18.171000	89710064.000000	2.676568	0.650229	-0.091226	5.087531	9.895327	3.649922
18.202000	89710064.000000	2.676516	0.650816	-0.091092	4.793417	9.909190	3.914149
18.233000	89710064.000000	2.677104	0.650036	-0.091248	6.643528	9.480813	3.227305
18.249000	89710072.000000	2.677209	0.650317	-0.091517	6.736701	9.801736	3.334636
18.280000	89710072.000000	2.676478	0.650249	-0.091318	5.044350	10.108921	3.721368
18.296000	89710080.000000	2.676446	0.650263	-0.091339	4.838466	10.212685	3.771426
18.327000	89710080.000000	2.677146	0.650058	-0.091577	6.716809	9.576739	3.266062
18.358000	89710080.000000	2.676434	0.650394	-0.091374	5.068138	9.971152	3.692808
18.374000	89710088.000000	2.676387	0.650136	-0.091248	5.078826	10.109066	3.767518
18.405000	89710088.000000	2.677102	0.650145	-0.091042	6.793208	9.365235	3.069404
18.421000	89710088.000000	2.676334	0.652319	-0.091745	0.242722	9.123544	3.924014
18.452000	89710096.000000	2.676272	0.649872	-0.091312	4.996068	10.281389	3.819791
18.483000	89710096.000000	2.676333	0.652373	-0.091657	0.167652	9.104712	3.940553
18.499000	89710096.000000	2.676343	0.652348	-0.091650	0.168545	9.104489	3.944660
18.530000	89710104.000000	2.677033	0.650286	-0.091312	6.355899	9.997320	3.367558
18.545000	89710104.000000	2.677033	0.650286	-0.091312	6.355899	9.997320	3.367558
18.577000	89710104.000000	2.677143	0.649728	-0.091239	7.274092	9.951075	3.241714
18.608000	89710112.000000	2.676633	0.649960	-0.091445	5.693600	10.038881	3.549869
18.623000	89710112.000000	2.676400	0.652396	-0.091616	0.356438	9.147226	3.888875
18.655000	89710120.000000	2.677140	0.649239	-0.091258	7.812276	9.591825	3.170516
18.670000	89710120.000000	2.677140	0.649239	-0.091258	7.812276	9.591825	3.170516
18.701000	89710120.000000	2.676440	0.652445	-0.091578	0.378781	9.197208	3.855312
18.733000	89710128.000000	2.677092	0.650062	-0.091400	5.733235	9.918436	3.812725
18.748000	89710128.000000	2.677034	0.650113	-0.091384	5.426332	9.893122	3.824677
18.779000	89710136.000000	2.677066	0.650065	-0.091377	5.387921	9.997650	3.835379
18.795000	89710136.000000	2.677066	0.650065	-0.091377	5.387921	9.997650	3.835379
18.826000	89710136.000000	2.676956	0.650074	-0.091355	4.925642	9.967996	3.859554
18.857000	89710144.000000	2.676417	0.652256	-0.091786	0.446938	9.041117	3.936217
18.873000	89710144.000000	2.676933	0.650107	-0.091309	4.759387	9.950448	3.852374
18.904000	89710144.000000	2.677061	0.650109	-0.091441	5.962900	9.682829	3.806125
18.920000	89710144.000000	2.677061	0.650109	-0.091441	5.962900	9.682829	3.806125
18.951000	89710152.000000	2.676780	0.650102	-0.091365	4.289942	9.828094	3.873409
18.982000	89710160.000000	2.676021	0.650281	-0.091331	3.147588	10.271422	3.962376
18.998000	89710160.000000	2.676021	0.650281	-0.091331	3.147588	10.271422	3.962376
19.029000	89710160.000000	2.676338	0.651924	-0.091429	-0.555521	9.015222	3.949961
19.045000	89710160.000000	2.676338	0.651924	-0.091429	-0.555521	9.015222	3.949961
19.076000	89710168.000000	2.676905	0.650131	-0.090970	5.643931	9.935048	3.604505
19.107000	89710168.000000	2.676401	0.651833	-0.091280	-0.480084	9.121791	3.965015
19.123000	89710176.000000	2.676286	0.651403	-0.091522	-0.491549	9.399540	3.917327
19.154000	89710176.000000	2.676678	0.649427	-0.091285	7.607231	10.119900	3.340700
19.169000	89710176.000000	2.676678	0.649427	-0.091285	7.607231	10.119900	3.340700
19.201000	89710184.000000	2.676402	0.651504	-0.091543	0.381391	9.140861	3.936716
19.232000	89710184.000000	2.676507	0.651558	-0.091477	-0.136545	9.120884	4.027644
19.247000	89710192.000000	2.676528	0.651270	-0.091370	-0.530100	9.392496	4.029860
19.278000	89710192.000000	2.676756	0.649421	-0.091378	7.107110	9.998127	3.474636
19.310000	89710192.000000	2.677116	0.649725	-0.091311	6.608570	9.765726	3.224145
19.325000	89710200.000000	2.677619	0.649461	-0.091516	7.236472	9.553601	3.295769
19.356000	89710200.000000	2.677209	0.649582	-0.090991	6.975131	9.541259	3.230510
19.372000	89710208.000000	2.676864	0.649447	-0.091306	4.355978	9.841907	3.677950
19.403000	89710208.000000	2.677147	0.649065	-0.090988	6.457211	9.931765	3.242249
19.434000	89710208.000000	2.676390	0.651585	-0.091419	-0.074099	9.047281	3.961699
19.450000	89710216.000000	2.676419	0.651533	-0.091390	0.207292	9.036228	3.894310
19.481000	89710216.000000	2.677113	0.649182	-0.091213	6.018381	9.930034	3.266492
19.497000	89710224.000000	2.676577	0.649527	-0.090935	5.244744	9.962345	3.758201
19.528000	89710224.000000	2.676388	0.651512	-0.091527	0.041048	9.231835	3.964025
19.559000	89710224.000000	2.676196	0.651257	-0.091401	-1.411080	9.462191	3.956149
19.575000	89710232.000000	2.676198	0.651251	-0.091432	-1.420948	9.460095	3.962122
19.606000	89710232.000000	2.676200	0.651289	-0.091385	-1.327436	9.444731	3.938348
19.622000	89710232.000000	2.676355	0.651548	-0.091561	-0.048454	9.190923	3.984285
19.653000	89710232.000000	2.676355	0.651548	-0.091561	-0.048454	9.190923	3.984285
19.684000	89710232.000000	2.676355	0.651548	-0.091561	-0.048454	9.190923	3.984285
19.700000	89710240.000000	2.676214	0.651643	-0.091568	-0.973050	9.518005	3.914825
19.731000	89710240.000000	2.676335	0.651622	-0.091425	-0.975303	9.520934	3.926845
19.746000	89710248.000000	2.676278	0.651406	-0.091560	-1.177626	9.635807	3.907706
19.778000	89710256.000000	2.676563	0.649734	-0.091245	3.952780	10.126510	3.739357
19.809000	89710256.000000	2.676306	0.651799	-0.091529	-0.319359	9.363551	4.003998
19.824000	89710256.000000	2.676475	0.649826	-0.091405	5.554976	10.195982	3.399075
19.856000	89710264.000000	2.676333	0.651881	-0.091818	0.302580	9.285722	3.976696
19.871000	89710264.000000	2.676510	0.649952	-0.091264	4.494502	10.193629	3.596345
19.902000	89710272.000000	2.676272	0.651935	-0.091381	-0.138761	9.280265	3.911870
19.934000	89710272.000000	2.676369	0.652043	-0.091795	0.519099	9.299404	3.968326
19.949000	89710272.000000	2.676670	0.649533	-0.091009	5.801497	10.114255	3.479850
19.980000	89710280.000000	2.676244	0.651996	-0.091662	-0.049263	9.166412	3.915843
19.996000	89710280.000000	2.676208	0.651599	-0.091648	-0.551447	9.628399	3.876523
20.027000	89710280.000000	2.676157	0.651663	-0.091760	-0.494407	9.513253	3.863252
20.058000	89710288.000000	2.676223	0.651627	-0.091680	-0.299272	9.632162	3.900975
20.074000	89710288.000000	2.676185	0.651736	-0.091699	-0.308256	9.492229	3.855543
20.105000	89710288.000000	2.676289	0.651968	-0.091701	0.166460	9.287777	3.959059
20.121000	89710296.000000	2.676124	0.651760	-0.091683	0.033403	9.466341	3.841982
20.152000	89710296.000000	2.676203	0.651626	-0.091412	-1.045763	9.518789	3.887001
20.183000	89710304.000000	2.676284	0.651861	-0.091451	-0.213543	9.273361	3.961679
20.199000	89710304.000000	2.676205	0.651419	-0.091625	-1.159125	9.619596	3.908234
20.230000	89710304.000000	2.676222	0.651595	-0.091439	-0.988473	9.513577	3.911715
20.246000	89710304.000000	2.676222	0.651595	-0.091439	-0.988473	9.513577	3.911715
20.277000	89710312.000000	2.676229	0.651841	-0.091442	-0.153275	9.286878	3.957364
20.308000	89710320.000000	2.676180	0.651798	-0.091742	0.050687	9.264853	3.928353
20.324000	89710320.000000	2.676137	0.651704	-0.091881	0.119687	9.290398	3.924015
20.355000	89710320.000000	2.676164	0.651822	-0.092006	-0.744309	9.279260	4.012348
20.370000	89710320.000000	2.676164	0.651822	-0.092006	-0.744309	9.279260	4.012348
20.402000	89710328.000000	2.676254	0.651841	-0.092501	0.000257	9.199735	3.955678
20.433000	89710328.000000	2.676522	0.649879	-0.093129	5.705884	9.761362	3.669765
20.448000	89710336.000000	2.676079	0.650299	-0.094157	2.716019	9.679967	4.146739
20.480000	89710336.000000	2.676227	0.652005	-0.095800	-0.055750	9.008075	3.740692
20.495000	89710336.000000	2.676233	0.651906	-0.097296	-0.289814	9.296294	3.902839
20.526000	89710344.000000	2.676673	0.649765	-0.098473	4.690429	9.700238	3.749584
20.557000	89710344.000000	2.676690	0.652125	-0.101485	-0.520824	9.133597	3.811120
20.573000	89710352.000000	2.677003	0.649379	-0.103840	4.797596	10.182404	3.805508
20.604000	89710352.000000	2.676828	0.651573	-0.106578	-1.317879	9.069491	3.883969
20.635000	89710352.000000	2.677198	0.649365	-0.109065	5.248742	10.207885	3.870515
20.651000	89710360.000000	2.677377	0.651982	-0.112390	-0.505985	8.983774	3.792535
20.682000	89710360.000000	2.677818	0.649791	-0.114669	4.150841	10.337337	3.652426
20.698000	89710368.000000	2.677786	0.652154	-0.117624	-1.465667	8.966393	3.877256
20.729000	89710368.000000	2.677880	0.651697	-0.121319	0.088219	9.352502	3.746665
20.760000	89710368.000000	2.677821	0.649774	-0.123991	1.587385	10.366153	3.545147
20.776000	89710376.000000	2.678298	0.651931	-0.128118	-0.899267	9.227707	3.813433
20.807000	89710376.000000	2.678446	0.652251	-0.131261	-0.737143	8.798582	3.502667
20.823000	89710376.000000	2.678746	0.651738	-0.134680	-0.411257	9.442349	3.785373
20.854000	89710384.000000	2.678984	0.651856	-0.139001	0.443652	9.120644	3.749492
20.885000	89710384.000000	2.678559	0.652796	-0.142637	-2.959641	8.696488	3.488109
20.901000	89710384.000000	2.679153	0.652488	-0.146943	-1.719246	8.785639	3.661839
20.932000	89710392.000000	2.679437	0.652267	-0.151246	0.883303	8.873421	3.529645
20.947000	89710392.000000	2.679698	0.651659	-0.155117	0.725562	9.458792	3.599392
20.979000	89710400.000000	2.679752	0.649579	-0.159690	4.944848	9.993395	3.231850
21.010000	89710400.000000	2.679998	0.649093	-0.164418	5.909844	10.170730	3.138298
21.025000	89710400.000000	2.680392	0.649054	-0.169600	6.157199	10.281380	3.162639
21.057000	89710408.000000	2.680358	0.648399	-0.174545	7.375251	10.292798	2.953755
21.072000	89710408.000000	2.680545	0.648905	-0.179970	6.739819	10.543619	3.201654
21.103000	89710416.000000	2.680512	0.648940	-0.185536	7.477217	10.268360	3.130998
21.135000	89710416.000000	2.680375	0.651000	-0.191297	-2.500935	9.352297	3.697787
21.150000	89710416.000000	2.680010	0.652120	-0.197178	-0.793258	9.170238	3.521974
21.181000	89710424.000000	2.680207	0.648496	-0.202721	8.330080	9.965698	2.928637
21.197000	89710424.000000	2.678968	0.649347	-0.208081	5.169693	9.928452	3.517894
21.228000	89710424.000000	2.678667	0.650773	-0.214820	0.108191	9.242998	3.923445
21.259000	89710432.000000	2.677468	0.650688	-0.220668	-1.953848	9.321543	3.948204
21.275000	89710432.000000	2.676337	0.650763	-0.227080	-0.608971	9.730029	4.069794
21.306000	89710432.000000	2.674698	0.651347	-0.233736	-0.562692	9.149862	4.017636
21.322000	89710440.000000	2.672931	0.651314	-0.240155	0.661333	9.067459	3.976475
21.353000	89710440.000000	2.671365	0.650655	-0.246457	-0.133162	9.481099	4.276198
21.384000	89710448.000000	2.669598	0.650561	-0.253804	-0.189911	9.541245	4.251849
21.400000	89710448.000000	2.667886	0.648320	-0.260379	5.936006	9.583551	3.539267
21.431000	89710448.000000	2.665731	0.650788	-0.268471	-1.172002	9.557808	4.380260
21.447000	89710456.000000	2.663919	0.650684	-0.275807	-0.976904	9.525760	4.400225
21.478000	89710456.000000	2.662347	0.650555	-0.283178	-1.031875	9.052228	4.086248
21.509000	89710464.000000	2.660946	0.648447	-0.290587	4.588189	10.147629	3.927514
21.525000	89710464.000000	2.660019	0.650304	-0.299127	-1.703363	9.250976	4.166053
21.556000	89710464.000000	2.658911	0.649872	-0.307252	0.551024	9.446814	3.791905
21.571000	89710472.000000	2.657962	0.650225	-0.314999	-0.336737	8.894713	3.595168
21.603000	89710472.000000	2.657156	0.650232	-0.323360	-0.874296	9.540480	3.615544
21.634000	89710472.000000	2.656726	0.650278	-0.331700	-1.220143	9.152631	3.430773
21.649000	89710480.000000	2.656460	0.647811	-0.339492	5.615317	9.866232	3.016685
21.681000	89710480.000000	2.656275	0.647788	-0.348789	5.055696	9.911794	3.037027
21.696000	89710480.000000	2.658559	0.646064	-0.356698	16.350674	10.424730	0.652366
21.727000	89710480.000000	2.658559	0.646064	-0.356698	16.350674	10.424730	0.652366
21.759000	89710488.000000	2.656022	0.647191	-0.365618	4.820551	9.728617	2.317681
21.774000	89710496.000000	2.655998	0.649373	-0.383887	-1.611276	9.016628	2.714749
21.805000	89710496.000000	2.656159	0.649392	-0.393160	-1.050902	9.297029	2.589592
21.821000	89710496.000000	2.656132	0.649000	-0.403090	-1.275056	9.328277	2.606369
21.852000	89710504.000000	2.656467	0.649214	-0.412794	-1.415128	9.793767	2.690795
21.883000	89710504.000000	2.656884	0.649235	-0.422779	-0.204577	9.579339	2.605675
21.899000	89710512.000000	2.656972	0.649411	-0.432576	-1.037822	9.389822	2.597351
21.930000	89710512.000000	2.657685	0.650333	-0.443281	-3.449735	8.966636	2.265960
21.946000	89710512.000000	2.657140	0.648826	-0.452929	-3.354071	9.229653	2.525369
21.977000	89710520.000000	2.658228	0.649883	-0.464011	-4.557899	8.849916	2.291421
22.008000	89710520.000000	2.657818	0.649535	-0.474067	-2.325943	9.492722	2.659853
22.024000	89710520.000000	2.658077	0.648176	-0.484808	-2.447175	8.946532	2.533913
22.055000	89710528.000000	2.658324	0.648111	-0.495758	3.978004	10.007697	2.108731
22.070000	89710528.000000	2.658649	0.649246	-0.506863	-0.495828	9.452450	2.734696
22.102000	89710528.000000	2.658649	0.649246	-0.506863	-0.495828	9.452450	2.734696
22.133000	89710528.000000	2.659451	0.646015	-0.517616	7.274273	9.612390	2.084940
22.148000	89710536.000000	2.659147	0.649400	-0.539922	-1.117253	9.056459	2.969121
22.180000	89710544.000000	2.659027	0.648919	-0.551063	-1.817932	9.116289	2.948598
22.195000	89710544.000000	2.659233	0.649263	-0.562222	-1.100919	9.313130	3.028502
22.226000	89710544.000000	2.659225	0.648547	-0.573279	-1.744240	9.584244	2.970821
22.258000	89710552.000000	2.659168	0.649201	-0.584845	-0.857084	9.537882	3.103509
22.273000	89710552.000000	2.659162	0.648564	-0.595082	-1.949461	9.445581	3.149533
22.304000	89710552.000000	2.658460	0.646964	-0.606034	2.286249	10.004743	2.890579
22.336000	89710560.000000	2.659188	0.646637	-0.616890	5.783470	9.681189	2.762016
22.351000	89710560.000000	2.659060	0.648060	-0.628022	-2.723007	9.634614	3.388143
22.382000	89710568.000000	2.658910	0.648033	-0.639754	0.054696	9.751237	3.400987
22.398000	89710568.000000	2.658942	0.648048	-0.650986	-1.221101	9.508981	3.395626
22.429000	89710568.000000	2.658740	0.648480	-0.662166	-1.648796	9.350065	3.485398
22.460000	89710576.000000	2.658811	0.648717	-0.673891	0.115973	9.314239	3.394834
22.476000	89710576.000000	2.658388	0.648389	-0.685244	-1.696907	9.813763	3.538117
22.507000	89710576.000000	2.658329	0.648291	-0.696796	0.136235	9.588618	3.504166
22.523000	89710584.000000	2.658195	0.648659	-0.708162	0.041416	9.468572	3.460171
22.554000	89710584.000000	2.658012	0.648609	-0.720309	0.578288	9.276250	3.544285
22.585000	89710592.000000	2.657803	0.648215	-0.731846	-0.254005	9.319347	3.519224
22.601000	89710592.000000	2.657776	0.648093	-0.743100	0.447455	9.414803	3.525692
22.632000	89710592.000000	2.657470	0.648233	-0.755509	-0.381444	9.583100	3.561651
22.648000	89710600.000000	2.656746	0.647607	-0.767211	-2.440312	9.644849	3.544827
22.679000	89710600.000000	2.656744	0.647985	-0.779638	-0.706464	9.479659	3.248750
22.710000	89710608.000000	2.656417	0.647684	-0.791695	-0.973107	9.533630	3.201895
22.726000	89710608.000000	2.656170	0.647525	-0.803486	-1.814530	9.546937	3.297990
22.757000	89710608.000000	2.655646	0.646641	-0.815572	0.690015	9.652612	3.099744
22.772000	89710616.000000	2.655548	0.646571	-0.827929	-0.424617	9.556416	3.077310
22.804000	89710616.000000	2.655740	0.647469	-0.841300	-1.442179	9.264609	3.098633
22.835000	89710616.000000	2.655542	0.647249	-0.853193	0.220222	10.135122	3.052800
22.850000	89710624.000000	2.655890	0.647298	-0.865686	-1.508177	9.510118	2.896282
22.882000	89710624.000000	2.655524	0.647174	-0.878083	1.543267	10.034445	2.822257
22.897000	89710624.000000	2.655600	0.646860	-0.890706	-0.057300	10.011890	2.905703
22.928000	89710632.000000	2.655560	0.646752	-0.903516	-1.149289	9.561130	2.696576
22.960000	89710632.000000	2.655521	0.646844	-0.915440	0.853712	9.835585	2.805894
22.975000	89710640.000000	2.655497	0.646500	-0.928065	1.245219	10.059700	2.784708
23.006000	89710640.000000	2.655251	0.646459	-0.940901	-2.065052	10.923850	3.068446
23.022000	89710640.000000	2.655470	0.646281	-0.953688	-1.536741	10.588420	2.990877
23.053000	89710648.000000	2.655245	0.645450	-0.966272	-3.292544	10.111779	2.978878
23.084000	89710648.000000	2.654712	0.645215	-0.979119	-2.175225	10.029144	3.079166
23.100000	89710656.000000	2.655401	0.647056	-0.991907	0.450355	10.339194	2.623559
23.131000	89710656.000000	2.655492	0.646652	-1.004881	-0.049769	10.443913	2.709008
23.147000	89710656.000000	2.655564	0.645657	-1.017711	-1.620848	10.347553	2.723215
23.178000	89710664.000000	2.655651	0.645591	-1.030428	0.714913	9.493629	2.590117
23.209000	89710664.000000	2.655791	0.645666	-1.043291	-0.192500	9.895023	2.553814
23.225000	89710664.000000	2.655897	0.645495	-1.056527	0.613499	10.092744	2.619516
23.256000	89710672.000000	2.656512	0.646446	-1.069924	-1.474406	9.819226	2.787655
23.271000	89710672.000000	2.656004	0.645474	-1.082629	0.932617	9.713319	2.544595
23.303000	89710672.000000	2.656546	0.645314	-1.095864	0.821425	9.771125	2.446132
23.334000	89710680.000000	2.656624	0.645349	-1.109019	-2.084914	10.051947	2.578958
23.349000	89710680.000000	2.657150	0.645378	-1.122274	0.888068	9.817542	2.416559
23.381000	89710688.000000	2.657279	0.645877	-1.135898	-0.962826	10.016871	2.461340
23.396000	89710688.000000	2.657950	0.644083	-1.148687	4.033875	10.633663	2.357374
23.427000	89710688.000000	2.658341	0.645224	-1.162811	0.226026	10.779793	2.287482
23.459000	89710696.000000	2.658327	0.645273	-1.176338	-1.180147	10.022635	2.316085
23.474000	89710696.000000	2.658953	0.644907	-1.189475	0.590040	9.984260	2.119959
23.505000	89710704.000000	2.659356	0.645794	-1.203254	-1.947695	9.538359	2.252053
23.521000	89710704.000000	2.659536	0.644194	-1.216982	-3.863962	10.050808	2.402451
23.552000	89710704.000000	2.660172	0.645904	-1.230159	2.087425	9.586570	1.935477
23.583000	89710712.000000	2.660901	0.645808	-1.243760	1.623076	10.261168	2.040596
23.599000	89710712.000000	2.661578	0.645607	-1.257197	0.386994	10.007478	2.031571
23.630000	89710712.000000	2.661629	0.645318	-1.270364	-1.965783	9.955194	1.976199
23.646000	89710720.000000	2.663005	0.645109	-1.284102	0.210115	10.844971	2.151688
23.677000	89710720.000000	2.663145	0.645627	-1.297912	-0.992630	9.300409	2.068892
23.708000	89710720.000000	2.663945	0.644932	-1.310806	2.342718	10.725729	2.013210
23.724000	89710728.000000	2.664861	0.645187	-1.324336	-1.696288	10.488601	2.103948
23.755000	89710728.000000	2.664723	0.645681	-1.337957	1.593423	10.353679	1.965947
23.771000	89710736.000000	2.665018	0.645055	-1.351762	-0.364737	10.332593	2.130501
23.802000	89710736.000000	2.665533	0.645125	-1.365614	0.428453	9.714769	1.928928
23.833000	89710736.000000	2.666036	0.645590	-1.379534	0.027201	10.204057	1.789578
23.849000	89710744.000000	2.666543	0.645679	-1.393151	-0.465653	9.525915	2.025931
23.880000	89710744.000000	2.667220	0.645314	-1.406998	1.575527	9.980697	1.920666
23.895000	89710752.000000	2.667356	0.645579	-1.420910	-0.174040	9.889012	1.921988
23.927000	89710752.000000	2.668072	0.644926	-1.435442	-0.974640	10.085877	2.021329
23.958000	89710752.000000	2.667911	0.645549	-1.449428	-0.963568	8.160613	1.943177
23.973000	89710760.000000	2.668771	0.645719	-1.463541	-2.058774	9.155638	1.892440
24.005000	89710760.000000	2.669296	0.645127	-1.477835	-1.103551	10.116407	1.947661
24.020000	89710760.000000	2.670062	0.645031	-1.491846	4.089354	9.496387	1.828966
24.051000	89710768.000000	2.669935	0.644265	-1.506244	1.244417	9.738252	1.706384
24.083000	89710768.000000	2.670535	0.644915	-1.520527	3.233113	9.621655	1.725271
24.098000	89710768.000000	2.672146	0.645798	-1.534902	6.258420	9.227402	2.599885
24.129000	89710776.000000	2.671217	0.645992	-1.548923	-0.422834	9.145949	1.810476
24.161000	89710776.000000	2.671690	0.644343	-1.563687	3.862607	9.524068	1.628886
24.176000	89710776.000000	2.671690	0.644343	-1.563687	3.862607	9.524068	1.628886
24.207000	89710784.000000	2.672071	0.644342	-1.577634	3.011083	9.911659	1.721845
24.223000	89710784.000000	2.671973	0.644333	-1.607067	-4.030036	9.618081	1.686943
24.254000	89710792.000000	2.673055	0.643464	-1.621416	5.590438	10.636899	1.646453
24.285000	89710792.000000	2.672575	0.644196	-1.636322	-0.109217	9.482514	1.439706
24.301000	89710792.000000	2.673037	0.644274	-1.651368	-0.653826	9.306739	1.376146
24.332000	89710800.000000	2.673253	0.644393	-1.666080	0.814722	9.138697	1.371098
24.348000	89710800.000000	2.673637	0.643572	-1.680879	1.168885	9.458462	1.427141
24.379000	89710808.000000	2.674252	0.643623	-1.695454	2.189824	9.772083	1.297410
24.410000	89710808.000000	2.674723	0.642740	-1.710553	4.603072	10.708365	1.113892
24.426000	89710808.000000	2.675506	0.642858	-1.724589	2.307290	10.952385	1.264511
24.457000	89710816.000000	2.674890	0.642454	-1.740088	2.736429	10.429892	0.889216
24.472000	89710816.000000	2.675382	0.643223	-1.754367	3.905645	9.595287	1.048082
24.504000	89710816.000000	2.675905	0.642797	-1.769206	5.725793	9.295282	0.711754
24.535000	89710824.000000	2.675925	0.643061	-1.784074	2.230937	9.329393	0.850834
24.550000	89710824.000000	2.677228	0.642709	-1.798919	0.221024	10.157412	0.965275
24.582000	89710832.000000	2.676309	0.642478	-1.814088	0.811862	9.960599	0.783774
24.597000	89710832.000000	2.676206	0.643113	-1.829044	-1.308579	9.164511	0.747331
24.628000	89710832.000000	2.676339	0.642252	-1.844283	-2.877472	9.578818	0.580361
24.660000	89710840.000000	2.677361	0.642304	-1.859502	2.222257	10.091793	0.837240
24.675000	89710840.000000	2.677242	0.643771	-1.874982	1.654007	8.950750	0.649247
24.706000	89710848.000000	2.677377	0.642031	-1.890516	-0.291224	9.562836	1.000189
24.722000	89710848.000000	2.677654	0.643488	-1.906257	-1.788673	8.572030	0.812333
24.753000	89710848.000000	2.678249	0.642150	-1.922078	1.273310	9.891623	1.031814
24.784000	89710856.000000	2.678432	0.641650	-1.937527	5.046371	10.130219	0.780759
24.800000	89710856.000000	2.678464	0.641469	-1.953736	3.853839	10.050521	0.966929
24.831000	89710856.000000	2.679056	0.640752	-1.970260	8.006418	10.584459	0.760221
24.847000	89710864.000000	2.679498	0.640685	-1.986671	7.954974	11.219647	0.956805
24.878000	89710864.000000	2.678884	0.640506	-2.002999	6.922649	10.832934	0.996480
24.909000	89710864.000000	2.678862	0.641175	-2.019031	4.981421	10.378301	1.070253
24.925000	89710872.000000	2.677480	0.640604	-2.034432	-2.917947	10.623773	2.480208
24.956000	89710872.000000	2.677480	0.640604	-2.034432	-2.917947	10.623773	2.480208
24.972000	89710872.000000	2.677480	0.640604	-2.034432	-2.917947	10.623773	2.480208
25.003000	89710872.000000	2.677480	0.640604	-2.034432	-2.917947	10.623773	2.480208
25.034000	89710872.000000	2.677452	0.640732	-2.051599	-2.761060	9.447576	0.965854
25.050000	89710880.000000	2.678876	0.640774	-2.083405	3.077852	10.651731	0.997448
25.081000	89710888.000000	2.678363	0.640207	-2.115530	5.328139	10.007475	1.011797
25.096000	89710896.000000	2.677988	0.640853	-2.147179	4.986375	10.109150	1.403343
25.128000	89710896.000000	2.677988	0.640853	-2.147179	4.986375	10.109150	1.403343
25.159000	89710896.000000	2.677988	0.640853	-2.147179	4.986375	10.109150	1.403343
25.174000	89710896.000000	2.677988	0.640853	-2.147179	4.986375	10.109150	1.403343
25.206000	89710896.000000	2.677180	0.640690	-2.162685	-0.633518	8.961509	1.304257
25.221000	89710904.000000	2.676886	0.639626	-2.193895	4.717431	9.683076	0.864954
25.252000	89710904.000000	2.676941	0.639785	-2.225093	6.721444	9.827448	1.069899
25.284000	89710912.000000	2.675539	0.639854	-2.255838	1.960735	9.766788	1.485927
25.299000	89710912.000000	2.674847	0.639173	-2.271089	-0.842988	9.570169	1.381630
25.330000	89710920.000000	2.674859	0.639618	-2.286299	1.550871	9.191645	1.280605
25.346000	89710920.000000	2.675001	0.640250	-2.301417	3.731544	9.864174	1.014609
25.377000	89710928.000000	2.674444	0.639424	-2.316478	3.018628	9.823901	1.279534
25.408000	89710928.000000	2.673782	0.639700	-2.331779	0.890375	9.589409	1.450177
25.424000	89710928.000000	2.673398	0.639543	-2.346775	2.376508	10.051356	1.288409
25.455000	89710936.000000	2.673340	0.639578	-2.362022	3.412236	9.784883	1.245176
25.471000	89710936.000000	2.672959	0.637988	-2.378282	5.177641	11.119518	1.276035
25.502000	89710944.000000	2.671651	0.638493	-2.392916	1.477321	9.869196	1.186528
25.533000	89710944.000000	2.671619	0.639023	-2.408298	3.492037	9.798184	1.367101
25.549000	89710944.000000	2.671031	0.639168	-2.423544	3.147764	9.849009	1.211192
25.580000	89710952.000000	2.670825	0.639326	-2.439252	6.177478	9.863127	1.116357
25.596000	89710952.000000	2.670606	0.638950	-2.454885	6.242383	10.282386	0.903959
25.627000	89710952.000000	2.670104	0.638728	-2.470163	8.234600	10.041444	0.983422
25.658000	89710960.000000	2.669734	0.639612	-2.486049	9.600814	9.386960	0.615600
25.674000	89710960.000000	2.669297	0.639867	-2.501446	5.002631	9.765991	0.855179
25.705000	89710960.000000	2.668327	0.639113	-2.517664	1.995231	9.554850	1.073554
25.720000	89710968.000000	2.667989	0.639504	-2.533193	1.706736	9.495533	1.274231
25.752000	89710968.000000	2.667545	0.639886	-2.548450	5.000817	10.623588	0.808261
25.783000	89710976.000000	2.666445	0.640028	-2.563633	0.147540	9.874449	0.777063
25.798000	89710976.000000	2.665944	0.637908	-2.579116	-1.668144	10.534547	0.635036
25.829000	89710976.000000	2.665900	0.637924	-2.593797	5.292009	9.843554	0.855508
25.861000	89710984.000000	2.665809	0.637922	-2.608082	5.324176	10.255782	0.686097
25.876000	89710984.000000	2.665143	0.638696	-2.622563	5.632918	9.408484	0.550329
25.907000	89710992.000000	2.663986	0.638875	-2.637438	1.292709	9.075777	0.841741
25.923000	89710992.000000	2.663880	0.640399	-2.651480	2.071906	9.464700	0.889696
25.954000	89710992.000000	2.663327	0.639603	-2.665588	4.094358	9.875233	0.708980
25.985000	89711000.000000	2.662720	0.639821	-2.679383	3.096831	9.372423	0.794198
26.001000	89711000.000000	2.662469	0.639716	-2.693779	8.386616	9.439851	0.668881
26.032000	89711000.000000	2.661911	0.639421	-2.707698	7.557209	9.556500	0.278696
26.048000	89711008.000000	2.661409	0.639896	-2.721493	8.250392	9.919849	0.299000
26.079000	89711008.000000	2.660157	0.638090	-2.735851	1.701132	11.170973	0.996281
26.110000	89711008.000000	2.660996	0.639235	-2.749404	11.205662	10.555037	0.394688
26.126000	89711016.000000	2.660225	0.638718	-2.763463	10.203455	10.406082	-0.018281
26.157000	89711016.000000	2.658037	0.639282	-2.777756	-1.051296	9.948440	0.785741
26.173000	89711024.000000	2.657703	0.638459	-2.792211	1.503957	10.700470	0.532331
26.204000	89711024.000000	2.657708	0.638813	-2.806224	2.015415	9.839759	0.586612
26.235000	89711024.000000	2.658132	0.638732	-2.820608	14.650453	10.424742	-0.281241
26.251000	89711032.000000	2.658343	0.636209	-2.835161	10.181167	12.237592	0.950671
26.282000	89711032.000000	2.655578	0.639750	-2.849298	-0.965521	9.468640	0.704170
26.297000	89711040.000000	2.655700	0.640120	-2.864037	6.672893	10.003798	0.098022
26.329000	89711040.000000	2.654983	0.640934	-2.878429	3.976462	8.619758	0.262855
26.360000	89711040.000000	2.654726	0.639165	-2.893142	4.822398	10.200439	0.652211
26.375000	89711048.000000	2.654676	0.639032	-2.907644	3.468554	11.270544	0.606019
26.407000	89711048.000000	2.653907	0.638685	-2.922595	6.310656	10.726142	0.470897
26.422000	89711048.000000	2.653602	0.638793	-2.937279	7.671139	10.215215	0.652976
26.453000	89711056.000000	2.652821	0.639536	-2.951885	8.552422	10.751306	0.299963
26.485000	89711056.000000	2.652398	0.640155	-2.966526	8.259842	11.047957	0.315357
26.500000	89711056.000000	2.651699	0.640285	-2.980998	7.108837	9.918705	0.337961
26.531000	89711064.000000	2.650694	0.639793	-2.995567	1.909487	10.231946	0.988566
26.547000	89711064.000000	2.650926	0.639609	-3.010070	5.094276	10.940075	0.604262
26.578000	89711072.000000	2.650520	0.638917	-3.024515	8.625746	10.168092	0.288705
26.609000	89711072.000000	2.650414	0.639757	-3.038603	9.155457	11.353032	0.530305
26.625000	89711072.000000	2.649382	0.640176	-3.052752	6.519344	10.063664	0.523441
26.656000	89711080.000000	2.648948	0.639453	-3.067080	5.946530	9.952002	0.633718
26.672000	89711080.000000	2.648174	0.639083	-3.081287	7.381422	9.850213	0.730638
26.703000	89711088.000000	2.647743	0.639679	-3.095724	8.862984	8.959195	-0.012033
26.734000	89711088.000000	2.647113	0.640048	-3.109618	5.814321	9.834900	0.278037
26.750000	89711088.000000	2.646345	0.640063	-3.123554	0.191097	9.603813	0.945854
26.781000	89711096.000000	2.646623	0.637639	-3.138108	8.083676	11.651960	0.620697
26.797000	89711096.000000	2.646623	0.637639	-3.138108	8.083676	11.651960	0.620697
26.828000	89711096.000000	2.646100	0.640336	-3.151815	9.075377	10.829365	0.538521
26.859000	89711104.000000	2.645357	0.640128	-3.179635	10.015102	10.302135	0.481200
26.875000	89711104.000000	2.645357	0.640128	-3.179635	10.015102	10.302135	0.481200
26.906000	89711104.000000	2.644498	0.640614	-3.193368	5.561306	10.277771	0.769657
26.921000	89711112.000000	2.643548	0.640560	-3.221101	5.775853	9.347988	0.777507
26.953000	89711112.000000	2.643152	0.640130	-3.235329	5.757896	10.062626	0.722011
26.984000	89711120.000000	2.642769	0.638371	-3.249881	6.382154	11.233753	1.101244
26.999000	89711120.000000	2.642394	0.639729	-3.263448	8.951063	11.347038	0.769228
27.031000	89711120.000000	2.641513	0.639314	-3.277113	6.479101	10.062708	0.728205
27.046000	89711128.000000	2.641316	0.640690	-3.291358	6.948766	10.370075	0.686555
27.077000	89711128.000000	2.640652	0.639900	-3.305591	6.928582	10.333659	0.521629
27.108000	89711136.000000	2.640218	0.639288	-3.319503	3.587725	10.962961	0.839994
27.124000	89711136.000000	2.640218	0.639288	-3.319503	3.587725	10.962961	0.839994
27.155000	89711136.000000	2.640176	0.640114	-3.333243	3.989449	9.807449	0.956199
27.171000	89711136.000000	2.640176	0.640114	-3.333243	3.989449	9.807449	0.956199
27.202000	89711144.000000	2.639007	0.639455	-3.361448	5.921926	10.561400	0.696816
27.233000	89711144.000000	2.638669	0.637929	-3.389846	8.755991	11.205698	0.408548
27.249000	89711152.000000	2.638331	0.639784	-3.403366	10.447927	10.267369	0.193482
27.280000	89711152.000000	2.637840	0.640028	-3.417122	9.591881	10.240824	0.155153
27.296000	89711152.000000	2.637147	0.639731	-3.430699	5.992843	9.592620	0.523889
27.327000	89711160.000000	2.636688	0.638936	-3.444556	3.924904	9.758138	0.694628
27.358000	89711160.000000	2.636688	0.638936	-3.444556	3.924904	9.758138	0.694628
27.374000	89711160.000000	2.636623	0.639592	-3.457778	6.509695	9.647615	0.120970
27.405000	89711168.000000	2.635834	0.639337	-3.471039	3.183092	9.915640	0.172059
27.420000	89711168.000000	2.636496	0.638444	-3.497711	11.376013	10.257387	-0.037899
27.452000	89711176.000000	2.635779	0.640211	-3.509951	6.743005	9.518706	0.283101
27.483000	89711176.000000	2.635543	0.639980	-3.522963	7.287586	10.303142	-0.101007
27.498000	89711184.000000	2.635582	0.639491	-3.535952	8.749640	9.656145	-0.165284
27.530000	89711184.000000	2.635122	0.639894	-3.548448	8.034409	9.708763	0.152714
27.545000	89711184.000000	2.634933	0.639365	-3.561746	9.306404	9.036079	-0.318931
27.576000	89711192.000000	2.634647	0.639877	-3.574451	6.437838	10.401055	-0.267558
27.608000	89711192.000000	2.634210	0.640186	-3.587468	7.025558	9.152421	-0.411486
27.623000	89711192.000000	2.633263	0.640125	-3.600402	-0.134111	9.713840	0.065012
27.654000	89711200.000000	2.633462	0.639620	-3.613521	1.102961	9.655627	-0.038363
27.670000	89711200.000000	2.632964	0.639546	-3.627228	-1.755942	9.301359	-0.213918
27.701000	89711200.000000	2.633233	0.639369	-3.640212	3.008876	9.430976	-0.453808
27.732000	89711208.000000	2.633165	0.640128	-3.653576	2.994298	9.958461	-0.222617
27.748000	89711208.000000	2.633570	0.639438	-3.667780	4.982413	9.941240	-0.718575
27.779000	89711216.000000	2.633384	0.638885	-3.681717	6.445285	9.756983	-0.724065
27.795000	89711216.000000	2.632897	0.640208	-3.694921	2.979083	9.241951	-0.572948
27.826000	89711216.000000	2.632866	0.639516	-3.709291	2.850137	10.460457	-0.425844
27.857000	89711224.000000	2.632921	0.639409	-3.723649	3.902200	9.341100	-0.641164
27.873000	89711224.000000	2.632512	0.639254	-3.737134	2.300707	9.443936	-0.827918
27.904000	89711232.000000	2.632916	0.639190	-3.751704	6.438371	10.110085	-0.763022
27.920000	89711232.000000	2.631661	0.639241	-3.765779	1.430265	9.344739	-0.800302
27.951000	89711232.000000	2.631405	0.639687	-3.780341	-1.870799	9.189800	-0.511285
27.982000	89711232.000000	2.631353	0.639540	-3.794233	-0.315655	9.382389	-0.593450
27.998000	89711240.000000	2.630959	0.640206	-3.808811	-0.710044	9.167218	-0.647415
28.029000	89711240.000000	2.630742	0.639679	-3.823084	-1.713066	9.840804	-0.346361
28.044000	89711248.000000	2.630332	0.640139	-3.836935	1.789366	9.541974	-0.903139
28.076000	89711248.000000	2.630944	0.639203	-3.851649	6.914788	9.676588	-0.936248
28.107000	89711248.000000	2.629892	0.638316	-3.865096	2.384901	9.460938	-0.885499
28.122000	89711256.000000	2.629622	0.639623	-3.878870	3.885980	9.540526	-0.882427
28.154000	89711256.000000	2.629519	0.639611	-3.892767	4.906844	9.484767	-0.897051
28.169000	89711264.000000	2.628397	0.639306	-3.906736	-0.221752	9.278990	-0.622886
28.200000	89711264.000000	2.628071	0.640149	-3.919992	-0.923086	9.594417	-0.502390
28.232000	89711264.000000	2.628691	0.639789	-3.934375	6.408423	9.826452	-0.740454
28.247000	89711272.000000	2.627636	0.640104	-3.947576	1.741981	9.660178	-0.411782
28.278000	89711272.000000	2.627467	0.639691	-3.962041	3.422105	9.590790	-0.561251
28.310000	89711280.000000	2.626764	0.639731	-3.975531	2.701226	9.502037	-0.525871
28.325000	89711280.000000	2.626056	0.639785	-3.989612	4.443596	9.650773	-0.633971
28.356000	89711280.000000	2.625534	0.639585	-4.003824	5.415988	9.580987	-1.002168
28.372000	89711288.000000	2.624444	0.639862	-4.017410	-0.402534	9.407797	-0.713023
28.403000	89711288.000000	2.623655	0.640209	-4.031465	-2.434603	9.314645	-0.419368
28.434000	89711288.000000	2.623683	0.639338	-4.046303	2.255659	9.596978	-0.639986
28.450000	89711296.000000	2.624128	0.639904	-4.060730	11.754157	10.042708	-1.102624
28.481000	89711296.000000	2.622504	0.640006	-4.074953	6.373285	9.112187	-1.122115
28.497000	89711296.000000	2.622312	0.640791	-4.089047	6.528192	10.349086	-0.815297
28.528000	89711304.000000	2.620932	0.640571	-4.103463	1.043757	9.277646	-0.327874
28.559000	89711304.000000	2.620593	0.640214	-4.117988	-0.422045	7.913606	-0.356410
28.575000	89711312.000000	2.620173	0.638340	-4.133779	5.981829	10.791908	-0.524653
28.606000	89711312.000000	2.619469	0.639596	-4.147402	5.738724	9.325945	-1.048977
28.621000	89711312.000000	2.619015	0.638853	-4.161696	5.456417	9.251445	-1.057581
28.653000	89711320.000000	2.618299	0.638642	-4.176254	3.581426	9.094177	-1.005466
28.684000	89711320.000000	2.617712	0.639331	-4.190773	3.040326	9.765127	-1.126965
28.699000	89711320.000000	2.616384	0.640274	-4.205069	0.039074	9.526620	-0.868576
28.731000	89711328.000000	2.615986	0.639883	-4.219623	1.417089	9.327838	-1.054799
28.746000	89711328.000000	2.615740	0.639189	-4.234284	3.713540	9.765781	-0.924979
28.777000	89711328.000000	2.614596	0.639976	-4.247283	1.385955	9.400178	-1.155186
28.809000	89711336.000000	2.614389	0.639239	-4.262300	1.929116	9.599118	-1.437207
28.824000	89711336.000000	2.612920	0.639474	-4.276109	-2.025011	9.657694	-1.169432
28.855000	89711344.000000	2.612904	0.639374	-4.290268	-0.420047	9.809772	-1.378280
28.871000	89711344.000000	2.611969	0.640388	-4.303879	-1.362097	9.338886	-1.215201
28.902000	89711344.000000	2.611924	0.639154	-4.318746	-0.432471	9.939443	-1.200098
28.933000	89711352.000000	2.611458	0.639220	-4.332228	3.569349	9.745423	-1.846149
28.949000	89711352.000000	2.610873	0.639516	-4.345714	2.576199	9.393676	-1.560923
28.980000	89711360.000000	2.609906	0.640335	-4.359222	-1.705853	8.941320	-1.406942
28.996000	89711360.000000	2.609083	0.640215	-4.372775	-2.538977	9.759748	-1.489163
29.027000	89711360.000000	2.608246	0.640382	-4.387146	-3.167957	8.992938	-1.619619
29.058000	89711368.000000	2.608320	0.639629	-4.400784	1.180372	9.627034	-1.658304
29.074000	89711368.000000	2.608320	0.639629	-4.400784	1.180372	9.627034	-1.658304
29.105000	89711368.000000	2.607682	0.639534	-4.413928	3.432066	9.929126	-1.849983
29.121000	89711376.000000	2.605903	0.640373	-4.439318	1.034358	9.348935	-1.745779
29.152000	89711376.000000	2.605555	0.640119	-4.451177	-0.945525	9.312479	-1.723709
29.183000	89711384.000000	2.604552	0.639652	-4.463134	-2.315777	9.234197	-1.783342
29.199000	89711384.000000	2.605120	0.638902	-4.475217	3.699953	10.548623	-2.257129
29.230000	89711384.000000	2.604491	0.639491	-4.487148	4.807712	9.493140	-2.522344
29.245000	89711392.000000	2.602756	0.639792	-4.498115	-2.423176	9.418338	-1.782308
29.277000	89711392.000000	2.601644	0.639855	-4.510018	-3.842710	9.518418	-1.056947
29.308000	89711392.000000	2.601624	0.640724	-4.519614	-3.964583	8.688482	-1.940984
29.323000	89711400.000000	2.600357	0.640197	-4.530499	-3.957757	9.656782	-2.024494
29.355000	89711400.000000	2.599670	0.640113	-4.541059	-5.427559	8.679267	-2.283797
29.370000	89711408.000000	2.598934	0.639856	-4.550663	-4.499476	8.760303	-2.443402
29.401000	89711408.000000	2.598536	0.639659	-4.560316	-2.827103	8.966441	-2.410178
29.433000	89711408.000000	2.597410	0.640473	-4.569101	-3.916358	9.096509	-2.381577
29.448000	89711416.000000	2.597519	0.640200	-4.577455	-3.400418	8.781734	-2.501555
29.479000	89711416.000000	2.596538	0.639790	-4.586290	-5.366717	8.900733	-2.595772
29.511000	89711424.000000	2.595933	0.640066	-4.594450	-4.895118	9.070342	-2.575550
29.526000	89711424.000000	2.596376	0.640502	-4.602080	-0.564287	8.233685	-2.910363
29.557000	89711424.000000	2.596030	0.639308	-4.609491	4.249076	9.275949	-3.359375
29.573000	89711424.000000	2.594943	0.639636	-4.616645	-5.977781	9.296098	-2.887951
29.604000	89711432.000000	2.594187	0.639803	-4.622758	-7.184666	9.010647	-2.533865
29.635000	89711432.000000	2.594253	0.639593	-4.628477	-3.184258	8.577863	-2.969246
29.651000	89711440.000000	2.593662	0.639989	-4.634312	-3.272014	8.846748	-3.029224
29.682000	89711440.000000	2.594326	0.640289	-4.638307	-0.101208	8.850009	-3.607317
29.698000	89711440.000000	2.594550	0.641336	-4.643458	7.082097	7.208569	-3.998854
29.729000	89711448.000000	2.593711	0.638658	-4.648075	0.073110	8.962670	-3.342607
29.760000	89711448.000000	2.592852	0.639452	-4.651538	-3.653185	8.465463	-3.475883
29.776000	89711456.000000	2.592867	0.638724	-4.655561	-3.808964	9.470940	-3.532222
29.807000	89711456.000000	2.592492	0.639249	-4.658387	-5.086569	8.847524	-3.374430
29.822000	89711456.000000	2.592041	0.637937	-4.662059	-1.926154	9.570380	-3.470248
29.854000	89711464.000000	2.592232	0.639084	-4.663703	-2.714570	8.227746	-3.415854
29.885000	89711464.000000	2.592421	0.638435	-4.666204	3.112187	8.591756	-3.823614
29.900000	89711464.000000	2.592158	0.638469	-4.668035	2.644123	8.609321	-3.589581
29.932000	89711472.000000	2.592139	0.638837	-4.669943	2.654331	8.468182	-3.649057
29.947000	89711472.000000	2.591384	0.638226	-4.671990	-2.393499	9.712006	-3.499537
29.978000	89711472.000000	2.591799	0.638351	-4.673230	1.786185	8.586052	-3.662145
30.010000	89711480.000000	2.591741	0.638758	-4.674551	1.124294	8.547613	-3.630216
30.025000	89711480.000000	2.591460	0.638951	-4.675676	2.731225	8.522955	-3.873960
30.056000	89711488.000000	2.591261	0.638412	-4.676676	2.246652	8.466679	-3.844204
30.072000	89711488.000000	2.591195	0.638691	-4.677421	2.158199	8.625154	-3.656614
30.103000	89711488.000000	2.590923	0.638659	-4.678207	1.650913	8.499445	-3.813677
30.134000	89711496.000000	2.591783	0.637872	-4.679104	1.099562	8.440261	-3.479648
30.150000	89711496.000000	2.591602	0.637812	-4.679511	-0.467432	8.517509	-3.437785
30.181000	89711504.000000	2.590923	0.637910	-4.679805	-2.055261	8.709616	-3.197581
30.197000	89711504.000000	2.591264	0.637739	-4.679957	-0.603528	8.629110	-3.312330
30.228000	89711504.000000	2.591682	0.637576	-4.679840	0.355429	8.542864	-3.262400
30.259000	89711512.000000	2.591511	0.637717	-4.679634	-0.459351	8.521075	-3.426559
30.275000	89711512.000000	2.591217	0.637804	-4.679491	3.139380	8.626132	-3.750095
30.306000	89711512.000000	2.591220	0.637575	-4.679110	-1.103896	8.607100	-3.306485
30.322000	89711520.000000	2.591257	0.637632	-4.679237	-0.664366	8.528768	-3.528065
30.353000	89711520.000000	2.590665	0.637510	-4.679534	-0.208891	8.518805	-3.573904
30.384000	89711520.000000	2.591700	0.637898	-4.679026	-1.378937	8.469463	-3.238892
30.400000	89711528.000000	2.591505	0.638930	-4.679257	3.033073	8.535557	-3.738072
30.431000	89711528.000000	2.591391	0.637486	-4.679570	0.001947	9.681378	-3.514170
30.446000	89711536.000000	2.591592	0.637638	-4.679374	1.645650	9.341990	-3.775963
30.478000	89711536.000000	2.591473	0.637725	-4.679303	1.017652	9.120654	-3.694539
30.509000	89711536.000000	2.591401	0.637374	-4.679439	0.336435	9.102612	-3.619267
30.524000	89711544.000000	2.591513	0.637450	-4.679416	-0.140795	9.133474	-3.400832
30.556000	89711544.000000	2.591543	0.637523	-4.679600	0.493049	9.163586	-3.631712
30.571000	89711552.000000	2.591578	0.637549	-4.679575	0.294145	9.152554	-3.578200
30.602000	89711552.000000	2.591037	0.637734	-4.679302	-1.798377	9.120161	-3.061886
30.634000	89711552.000000	2.591444	0.637596	-4.679508	-0.029045	9.185027	-3.538246
30.649000	89711560.000000	2.591406	0.637585	-4.679375	-0.255013	9.140085	-3.376272
30.680000	89711560.000000	2.591582	0.637368	-4.679284	0.458320	9.141348	-3.622894
30.696000	89711560.000000	2.591400	0.637465	-4.679459	0.183640	9.131519	-3.579372
30.727000	89711568.000000	2.591182	0.637756	-4.679359	-1.005504	9.231815	-3.210171
30.758000	89711568.000000	2.591364	0.637514	-4.679419	-0.330454	9.129558	-3.519111
30.774000	89711568.000000	2.591420	0.637576	-4.679354	-0.447559	9.088040	-3.364323
30.805000	89711576.000000	2.590606	0.637797	-4.678977	-3.047616	9.072680	-3.058453
30.821000	89711576.000000	2.591230	0.637893	-4.679322	-1.639667	9.159026	-3.497585
30.852000	89711584.000000	2.591263	0.637561	-4.679558	-0.387452	9.167095	-3.588302
30.883000	89711584.000000	2.591751	0.637490	-4.679652	1.361601	9.181201	-3.712502
30.899000	89711584.000000	2.591147	0.637583	-4.679410	-0.718169	9.129656	-3.404279
30.930000	89711592.000000	2.591142	0.637722	-4.679448	-0.989333	9.151939	-3.466760
30.946000	89711592.000000	2.591518	0.637437	-4.679576	0.652892	9.168880	-3.601054
30.977000	89711600.000000	2.591509	0.637423	-4.679532	0.592647	9.157713	-3.604055
31.008000	89711600.000000	2.591163	0.637746	-4.679267	-1.383632	9.132053	-3.335949
31.023000	89711600.000000	2.591561	0.637365	-4.679477	0.749366	9.130109	-3.606259
31.055000	89711608.000000	2.591346	0.637596	-4.679399	-0.494630	9.148433	-3.516390
31.070000	89711608.000000	2.591029	0.637754	-4.679379	-1.364074	9.173146	-3.402995
31.101000	89711608.000000	2.591380	0.637486	-4.679470	-0.245866	9.155439	-3.388881
31.133000	89711616.000000	2.591435	0.637443	-4.679560	0.368494	9.187996	-3.611683
31.148000	89711616.000000	2.591347	0.637716	-4.679275	0.823351	9.078110	-3.642363
31.179000	89711616.000000	2.591347	0.637716	-4.679275	0.823351	9.078110	-3.642363
31.211000	89711616.000000	2.591347	0.637716	-4.679275	0.823351	9.078110	-3.642363
31.226000	89711616.000000	2.591347	0.637716	-4.679275	0.823351	9.078110	-3.642363
31.257000	89711616.000000	2.591154	0.637824	-4.679409	-1.243357	9.296332	-3.305075
31.273000	89711624.000000	2.591420	0.637454	-4.679459	0.038754	9.139039	-3.423315
31.304000	89711632.000000	2.591954	0.637371	-4.679376	0.897533	9.138282	-3.558230
31.335000	89711640.000000	2.591327	0.637528	-4.679366	-0.435982	9.167331	-3.503330
31.351000	89711640.000000	2.591200	0.637699	-4.679688	-0.822065	9.201337	-3.564197
31.382000	89711648.000000	2.591323	0.637418	-4.679618	0.457280	9.169562	-3.693188
31.398000	89711648.000000	2.591239	0.637726	-4.679402	-1.001571	9.165344	-3.415772
31.429000	89711648.000000	2.591376	0.637491	-4.679548	-0.246119	9.126037	-3.422632
31.460000	89711656.000000	2.591149	0.637417	-4.679670	0.200229	9.165183	-3.702159
31.476000	89711656.000000	2.591549	0.637570	-4.679437	-0.075744	9.175096	-3.516985
31.507000	89711656.000000	2.591293	0.637548	-4.679324	-0.660679	9.117531	-3.388378
31.523000	89711664.000000	2.591542	0.637810	-4.679134	-1.345939	9.109996	-3.325373
31.554000	89711664.000000	2.591306	0.637705	-4.679443	-0.753676	9.239367	-3.420069
31.585000	89711664.000000	2.591524	0.637608	-4.679557	-0.329506	9.197287	-3.478894
31.601000	89711672.000000	2.591366	0.637689	-4.679133	-1.076080	9.112460	-3.178833
31.632000	89711672.000000	2.591194	0.637783	-4.679428	-1.309872	9.140350	-3.399513
31.647000	89711680.000000	2.591176	0.637510	-4.679616	-0.222689	9.203984	-3.659422
31.679000	89711680.000000	2.591632	0.637505	-4.679440	0.211966	9.167553	-3.565045
31.710000	89711680.000000	2.591282	0.637702	-4.679122	0.234949	9.034260	-3.462407
31.725000	89711688.000000	2.591617	0.637635	-4.679369	1.637505	9.104459	-3.764956
31.757000	89711688.000000	2.591223	0.637624	-4.679155	-1.028216	9.145677	-3.308879
31.772000	89711688.000000	2.591223	0.637624	-4.679155	-1.028216	9.145677	-3.308879
31.803000	89711696.000000	2.591305	0.637411	-4.679462	-0.069779	9.140162	-3.576218
31.835000	89711696.000000	2.591161	0.637498	-4.679365	-0.298817	9.127840	-3.466543
31.850000	89711704.000000	2.591273	0.637458	-4.679332	1.481602	9.087666	-3.770949
31.881000	89711704.000000	2.591144	0.637740	-4.678951	-0.048576	9.094582	-3.524130
31.897000	89711712.000000	2.591620	0.637343	-4.679361	0.650806	9.126805	-3.371332
31.928000	89711712.000000	2.591483	0.637666	-4.679102	0.694605	9.081621	-3.523415
31.959000	89711712.000000	2.591274	0.637702	-4.679211	0.387648	9.120538	-3.599031
31.975000	89711712.000000	2.591511	0.637448	-4.679281	0.050864	9.180880	-3.575890
32.006000	89711720.000000	2.591539	0.637290	-4.679571	1.256317	9.116913	-3.639375
32.022000	89711720.000000	2.591137	0.637418	-4.679362	-0.282769	9.130792	-3.473571
32.053000	89711728.000000	2.591805	0.637520	-4.679500	0.226091	9.181400	-3.366429
32.084000	89711728.000000	2.591241	0.637086	-4.679322	0.349201	9.179723	-3.472627
32.100000	89711728.000000	2.591345	0.637373	-4.679386	0.292106	9.119736	-3.613395
32.131000	89711736.000000	2.591386	0.637451	-4.679427	0.081474	9.113101	-3.475046
32.147000	89711736.000000	2.591210	0.637452	-4.679500	-0.215415	9.157063	-3.557358
32.178000	89711744.000000	2.591353	0.637461	-4.679427	0.047999	9.122718	-3.442502
32.209000	89711744.000000	2.591294	0.637558	-4.679241	0.952209	9.074873	-3.669514
32.225000	89711744.000000	2.591205	0.637496	-4.679306	-0.411412	9.106268	-3.363979
32.256000	89711752.000000	2.591105	0.637585	-4.679089	-1.133596	9.124012	-3.253050
32.271000	89711752.000000	2.591355	0.637507	-4.679301	1.362893	9.067816	-3.715672
32.302000	89711752.000000	2.591411	0.637478	-4.679608	0.517149	9.166451	-3.604948
32.334000	89711760.000000	2.591282	0.637535	-4.679311	1.286615	9.079947	-3.600115
32.349000	89711760.000000	2.591379	0.637614	-4.679116	0.747917	9.081522	-3.468275
32.380000	89711760.000000	2.591286	0.637326	-4.679484	0.511553	9.143310	-3.629372
32.396000	89711768.000000	2.591378	0.637316	-4.679491	0.773485	9.131096	-3.660827
32.427000	89711768.000000	2.591785	0.637689	-4.679544	-0.368217	9.169145	-3.315389
32.458000	89711776.000000	2.591385	0.637627	-4.679243	-0.913243	9.144625	-3.271489
32.474000	89711776.000000	2.591204	0.637474	-4.679367	1.398106	9.041418	-3.766908
32.505000	89711776.000000	2.591484	0.637494	-4.679039	1.409096	9.014656	-3.462100
32.521000	89711784.000000	2.591428	0.637438	-4.679528	0.473758	9.154135	-3.625500
32.552000	89711784.000000	2.591192	0.637281	-4.679363	0.397251	9.192695	-3.766420
32.583000	89711792.000000	2.591071	0.637477	-4.679318	-0.653687	9.136519	-3.481675
32.599000	89711792.000000	2.591277	0.637498	-4.679410	-0.197411	9.153126	-3.502488
32.630000	89711792.000000	2.591181	0.637580	-4.679348	0.588993	9.078828	-3.518308
32.646000	89711800.000000	2.591542	0.637357	-4.679473	0.546757	9.158554	-3.526931
32.677000	89711800.000000	2.591581	0.637472	-4.679389	0.190863	9.147858	-3.319650
32.708000	89711800.000000	2.591346	0.637569	-4.679246	0.838245	9.035769	-3.555434
32.724000	89711808.000000	2.591261	0.637638	-4.679183	0.555470	9.048569	-3.575183
32.755000	89711808.000000	2.591356	0.637639	-4.679417	-0.674681	9.191593	-3.483057
32.770000	89711808.000000	2.591321	0.637383	-4.679446	0.125181	9.131126	-3.551362
32.802000	89711816.000000	2.591257	0.637364	-4.679447	0.139995	9.117515	-3.512903
32.833000	89711816.000000	2.591406	0.637479	-4.679212	0.003840	9.193329	-3.573685
32.848000	89711824.000000	2.591323	0.637535	-4.679430	-0.201810	9.146658	-3.496754
32.880000	89711824.000000	2.591355	0.637381	-4.679414	0.254461	9.117915	-3.597843
32.895000	89711824.000000	2.591355	0.637381	-4.679414	0.254461	9.117915	-3.597843
32.926000	89711824.000000	2.591424	0.637327	-4.679451	0.494453	9.115891	-3.468884
32.958000	89711832.000000	2.591587	0.637484	-4.679500	0.334784	9.143523	-3.419381
32.973000	89711840.000000	2.590795	0.637704	-4.679344	-1.595750	9.140459	-3.255989
33.004000	89711840.000000	2.591434	0.637428	-4.679562	0.537437	9.161880	-3.647166
33.036000	89711840.000000	2.591263	0.637802	-4.679184	-1.167731	9.186224	-3.464784
33.051000	89711848.000000	2.591187	0.637480	-4.679369	-0.321478	9.132581	-3.457684
33.082000	89711848.000000	2.591065	0.637536	-4.679378	-0.586434	9.121887	-3.278193
33.098000	89711856.000000	2.591386	0.637512	-4.679568	0.105039	9.152529	-3.592276
33.129000	89711856.000000	2.591256	0.637370	-4.679649	0.517099	9.146478	-3.705516
33.160000	89711856.000000	2.591565	0.637506	-4.679420	0.061241	9.157169	-3.325857
33.176000	89711856.000000	2.591244	0.637525	-4.679412	-0.367663	9.145627	-3.493892
33.207000	89711864.000000	2.591292	0.637507	-4.679555	-0.076942	9.177104	-3.600979
33.223000	89711864.000000	2.591422	0.637485	-4.679651	0.707455	9.183529	-3.608038
33.254000	89711872.000000	2.591363	0.637491	-4.679267	0.001301	9.199841	-3.562850
33.285000	89711872.000000	2.591506	0.637563	-4.679324	1.551748	9.067171	-3.533116
33.301000	89711872.000000	2.591411	0.637690	-4.679219	0.735542	9.102700	-3.488020
33.332000	89711880.000000	2.590638	0.637829	-4.679546	-0.217484	9.143664	-3.365132
33.348000	89711880.000000	2.591332	0.637615	-4.679144	0.943543	9.053855	-3.442116
33.379000	89711888.000000	2.590870	0.637619	-4.679360	0.645396	9.070636	-3.433150
33.410000	89711888.000000	2.591216	0.637773	-4.679162	0.331980	9.110764	-3.340109
33.426000	89711888.000000	2.591462	0.637597	-4.679262	1.363765	9.039642	-3.481201
33.457000	89711896.000000	2.590997	0.637730	-4.679356	0.346130	9.116944	-3.565527
33.472000	89711896.000000	2.591202	0.637676	-4.679245	0.862570	9.095067	-3.582029
33.504000	89711896.000000	2.591278	0.637535	-4.679283	1.604371	9.102282	-3.699097
33.535000	89711904.000000	2.591374	0.637664	-4.678852	0.681840	9.076590	-3.335613
33.550000	89711904.000000	2.590953	0.637488	-4.679286	-0.440648	9.152394	-3.439286
33.581000	89711904.000000	2.591243	0.637492	-4.679319	1.765467	9.127708	-3.762025
33.597000	89711912.000000	2.590943	0.637546	-4.679373	1.292012	9.124851	-3.758865
33.628000	89711912.000000	2.591272	0.637543	-4.679383	1.931485	9.084580	-3.729861
33.659000	89711920.000000	2.591167	0.637578	-4.679293	1.507569	9.104596	-3.686646
33.675000	89711920.000000	2.591188	0.637528	-4.679331	1.733150	9.112108	-3.743316
33.706000	89711920.000000	2.591092	0.637190	-4.679199	1.392138	9.131450	-3.560142
33.722000	89711928.000000	2.591288	0.637509	-4.679291	1.788215	9.122064	-3.685145
33.753000	89711928.000000	2.590731	0.637764	-4.678852	-0.927224	9.072293	-3.304239
33.784000	89711936.000000	2.590988	0.637539	-4.679365	1.569405	9.120631	-3.822668
33.800000	89711936.000000	2.590991	0.637289	-4.679199	1.238641	9.156400	-3.549788
33.831000	89711936.000000	2.591009	0.637552	-4.678975	1.098722	9.072874	-3.327427
33.847000	89711944.000000	2.591353	0.637682	-4.679100	0.985472	9.128129	-3.489030
33.878000	89711944.000000	2.591048	0.637190	-4.679195	1.614360	9.136527	-3.680721
33.909000	89711944.000000	2.591130	0.637528	-4.678868	1.119779	9.066516	-3.280926
33.925000	89711952.000000	2.591063	0.637236	-4.679196	1.567317	9.147895	-3.601461
33.956000	89711952.000000	2.591091	0.637213	-4.679173	1.590696	9.133436	-3.589659
33.971000	89711952.000000	2.591063	0.637694	-4.679270	3.438563	8.996791	-3.842472
34.003000	89711960.000000	2.591279	0.637523	-4.679307	1.894302	9.107965	-3.729841
34.034000	89711960.000000	2.590499	0.637648	-4.679400	-0.429667	9.116120	-3.382963
34.049000	89711968.000000	2.591100	0.637131	-4.679162	1.645711	9.097542	-3.632111
34.081000	89711968.000000	2.591018	0.637792	-4.678976	0.179146	9.121223	-3.443917
34.096000	89711968.000000	2.591093	0.637182	-4.679183	1.655890	9.134273	-3.623668
34.127000	89711976.000000	2.591401	0.637522	-4.679261	1.866737	9.107235	-3.581147
34.159000	89711976.000000	2.590489	0.637549	-4.679149	0.586115	9.056951	-3.484905
34.174000	89711984.000000	2.591342	0.637489	-4.679320	1.913771	9.072111	-3.659639
34.205000	89711984.000000	2.591204	0.637592	-4.679144	0.842264	9.075751	-3.446384
34.221000	89711984.000000	2.591133	0.637565	-4.678902	0.879370	9.046178	-3.188428
34.252000	89711992.000000	2.591352	0.637510	-4.679337	1.930465	9.081159	-3.688686
34.283000	89711992.000000	2.590560	0.637653	-4.679402	-0.114616	9.094288	-3.354666
34.299000	89711992.000000	2.591235	0.637500	-4.679318	1.406679	9.107349	-3.716997
34.330000	89712000.000000	2.591012	0.637353	-4.679662	0.559250	9.213549	-3.692487
34.346000	89712000.000000	2.591112	0.637546	-4.679306	1.426509	9.103270	-3.671911
34.377000	89712000.000000	2.591512	0.637524	-4.678999	1.478242	9.063742	-3.385643
