%time	0	1	2	3	4	5	6
278.016000	-431602080.000000	-431602080.000000	-431602080.000000	-431602080.000000	135.000000	-0.000000	135.000000
278.056000	14710006.000000	-3.110412	0.971935	-1.531275	0.120747	1.583769	93.137833
278.106000	14710012.000000	-3.110324	0.972252	-1.531248	0.074445	2.334267	93.254807
278.155000	14710018.000000	-3.110406	0.971905	-1.531275	0.166488	1.567014	93.127754
278.206000	14710024.000000	-3.110393	0.971925	-1.531285	0.163261	1.553324	93.138611
278.255000	14710030.000000	-3.110409	0.971927	-1.531280	0.188136	1.557333	93.113914
278.305000	14710036.000000	-3.110406	0.971920	-1.531280	0.130302	1.496756	93.121414
278.355000	14710042.000000	-3.110415	0.971875	-1.531282	0.131493	1.506655	93.129440
278.406000	14710048.000000	-3.110411	0.971881	-1.531287	0.169479	1.497374	93.120644
278.455000	14710054.000000	-3.110434	0.971904	-1.531287	0.173221	1.483522	93.117683
278.505000	14710060.000000	-3.110417	0.971898	-1.531286	0.198643	1.503713	93.116936
278.555000	14710066.000000	-3.110409	0.971915	-1.531283	0.142769	1.519917	93.117149
278.605000	14710072.000000	-3.110414	0.971911	-1.531275	0.116456	1.567509	93.133545
278.656000	14710078.000000	-3.110319	0.972236	-1.531252	0.034810	2.341230	93.261528
278.705000	14710084.000000	-3.110424	0.971899	-1.531283	0.167976	1.571512	93.128120
278.755000	14710090.000000	-3.110405	0.971895	-1.531289	0.177149	1.489323	93.122093
278.805000	14710096.000000	-3.110333	0.972223	-1.531255	0.127643	2.289160	93.255554
278.855000	14710102.000000	-3.110317	0.972195	-1.531248	0.057185	2.269214	93.259987
278.906000	14710109.000000	-3.110410	0.971890	-1.531282	0.149105	1.541228	93.124573
278.955000	14710114.000000	-3.110424	0.971904	-1.531281	0.175430	1.573769	93.136047
279.005000	14710120.000000	-3.110409	0.971895	-1.531278	0.133540	1.446218	93.112854
279.091000	14710131.000000	-3.110424	0.971875	-1.531294	0.198555	1.586586	93.140106
279.105000	14710132.000000	-3.110404	0.971925	-1.531273	0.096132	1.462096	93.123756
279.156000	14710138.000000	-3.110414	0.971873	-1.531284	0.124820	1.509070	93.124359
279.205000	14710144.000000	-3.110414	0.971909	-1.531277	0.138614	1.554015	93.131264
279.255000	14710150.000000	-3.110399	0.971877	-1.531284	0.178023	1.473154	93.115486
279.305000	14710156.000000	-3.110397	0.971903	-1.531274	0.181439	1.520682	93.125893
279.355000	14710162.000000	-3.110406	0.971909	-1.531275	0.188425	1.518072	93.114548
279.406000	14710168.000000	-3.110394	0.971926	-1.531278	0.087791	1.541345	93.126953
279.455000	14710174.000000	-3.110410	0.971896	-1.531279	0.148931	1.535555	93.132721
279.505000	14710180.000000	-3.110417	0.971925	-1.531287	0.135491	1.521185	93.123962
279.555000	14710186.000000	-3.110410	0.971880	-1.531277	0.115955	1.425834	93.114273
279.605000	14710192.000000	-3.110401	0.971895	-1.531287	0.215084	1.585418	93.136391
279.656000	14710199.000000	-3.110408	0.971886	-1.531279	0.130758	1.537980	93.130379
279.705000	14710204.000000	-3.110425	0.971880	-1.531274	0.170512	1.562697	93.139046
279.755000	14710210.000000	-3.110405	0.971903	-1.531284	0.149838	1.544198	93.125488
279.805000	14710216.000000	-3.110425	0.971845	-1.531266	0.178417	1.451355	93.118042
279.855000	14710222.000000	-3.110401	0.971895	-1.531289	0.185330	1.498795	93.115868
279.906000	14710229.000000	-3.110395	0.971890	-1.531267	0.154442	1.438354	93.112167
279.955000	14710234.000000	-3.110404	0.971910	-1.531276	0.155334	1.576402	93.129730
280.005000	14710240.000000	-3.110326	0.972224	-1.531252	0.043203	2.202860	93.257385
280.055000	14710246.000000	-3.110416	0.971907	-1.531271	0.159418	1.574960	93.133667
280.105000	14710252.000000	-3.110411	0.971875	-1.531288	0.167747	1.428996	93.106255
280.156000	14710258.000000	-3.110404	0.971919	-1.531270	0.181777	1.490335	93.116684
280.205000	14710264.000000	-3.110403	0.971922	-1.531289	0.085540	1.507430	93.155991
280.255000	14710270.000000	-3.110404	0.971842	-1.531271	0.135054	1.404137	93.120804
280.305000	14710276.000000	-3.110415	0.971880	-1.531279	0.140056	1.497415	93.129723
280.355000	14710282.000000	-3.110406	0.971898	-1.531284	0.145955	1.504412	93.120926
280.406000	14710289.000000	-3.110394	0.971904	-1.531274	0.118716	1.526324	93.136307
280.455000	14710294.000000	-3.110424	0.971912	-1.531273	0.135933	1.509637	93.118286
280.505000	14710300.000000	-3.110423	0.971869	-1.531291	0.180827	1.471253	93.118759
280.555000	14710306.000000	-3.110418	0.971900	-1.531284	0.090656	1.516558	93.122009
280.605000	14710312.000000	-3.110407	0.971897	-1.531285	0.091381	1.509264	93.122757
280.656000	14710318.000000	-3.110408	0.971887	-1.531275	0.137644	1.545335	93.125015
280.705000	14710324.000000	-3.110415	0.971928	-1.531279	0.171198	1.549267	93.132339
280.755000	14710330.000000	-3.110405	0.971933	-1.531274	0.118482	1.504918	93.117195
280.805000	14710336.000000	-3.110429	0.971892	-1.531301	0.147949	1.440821	93.124428
280.855000	14710342.000000	-3.110394	0.971890	-1.531268	0.108608	1.519354	93.139511
280.906000	14710349.000000	-3.110417	0.971909	-1.531296	0.125859	1.456433	93.112236
280.955000	14710354.000000	-3.110415	0.971929	-1.531278	0.156430	1.502374	93.107399
281.005000	14710360.000000	-3.110408	0.971908	-1.531280	0.153100	1.556977	93.142784
281.055000	14710366.000000	-3.110413	0.971903	-1.531285	0.169008	1.560068	93.126251
281.105000	14710372.000000	-3.110411	0.971905	-1.531292	0.190366	1.553490	93.126175
281.156000	14710379.000000	-3.110417	0.971923	-1.531287	0.139504	1.467283	93.104942
281.205000	14710384.000000	-3.110391	0.971923	-1.531272	0.110375	1.549916	93.123497
281.255000	14710390.000000	-3.110422	0.971886	-1.531292	0.102352	1.470272	93.113403
281.305000	14710396.000000	-3.110435	0.971900	-1.531292	0.198786	1.510858	93.116188
281.355000	14710402.000000	-3.110409	0.971884	-1.531279	0.122833	1.553804	93.120956
281.406000	14710408.000000	-3.110404	0.971919	-1.531285	0.122223	1.506064	93.126999
281.455000	14710414.000000	-3.110403	0.971961	-1.531272	0.150476	1.590357	93.125183
281.505000	14710420.000000	-3.110405	0.971931	-1.531288	0.110681	1.515581	93.130058
281.555000	14710426.000000	-3.110414	0.971898	-1.531272	0.153330	1.526366	93.116081
281.605000	14710432.000000	-3.110417	0.971873	-1.531293	0.185693	1.459162	93.116013
281.656000	14710438.000000	-3.110427	0.971904	-1.531285	0.128207	1.465463	93.125229
281.705000	14710444.000000	-3.110403	0.971971	-1.531275	0.211834	1.556815	93.109436
281.755000	14710450.000000	-3.110394	0.971946	-1.531281	0.158320	1.521906	93.135620
281.805000	14710456.000000	-3.110431	0.971910	-1.531288	0.115378	1.505824	93.132790
281.855000	14710462.000000	-3.110421	0.971910	-1.531276	0.193099	1.512973	93.121025
281.906000	14710468.000000	-3.110407	0.971914	-1.531286	0.106578	1.538101	93.131035
281.955000	14710474.000000	-3.110423	0.971923	-1.531273	0.136028	1.424509	93.111206
282.005000	14710480.000000	-3.110408	0.971898	-1.531291	0.115396	1.442317	93.111885
282.055000	14710486.000000	-3.110392	0.971959	-1.531285	0.134236	1.525568	93.133003
282.105000	14710492.000000	-3.110422	0.971886	-1.531269	0.168871	1.460814	93.112724
282.156000	14710498.000000	-3.110413	0.971922	-1.531288	0.155122	1.536873	93.141922
282.205000	14710504.000000	-3.110406	0.971848	-1.531281	0.130536	1.480679	93.131783
282.255000	14710510.000000	-3.110423	0.971894	-1.531281	0.154059	1.481570	93.120461
282.305000	14710516.000000	-3.110429	0.971899	-1.531296	0.134603	1.502699	93.142624
282.355000	14710522.000000	-3.110386	0.971924	-1.531270	0.168798	1.589966	93.130310
282.406000	14710528.000000	-3.110410	0.971904	-1.531298	0.112562	1.513928	93.123390
282.455000	14710534.000000	-3.110432	0.971929	-1.531267	0.149423	1.598772	93.140251
282.505000	14710540.000000	-3.110405	0.971913	-1.531287	0.154493	1.514776	93.119522
282.555000	14710546.000000	-3.110408	0.971943	-1.531271	0.111562	1.571960	93.129898
282.605000	14710552.000000	-3.110399	0.971877	-1.531270	0.149539	1.544311	93.143761
282.656000	14710558.000000	-3.110426	0.971898	-1.531292	0.147183	1.506113	93.114792
282.705000	14710564.000000	-3.110417	0.971903	-1.531262	0.153263	1.506378	93.130081
282.755000	14710570.000000	-3.110402	0.971891	-1.531273	0.081520	1.462628	93.127998
282.805000	14710576.000000	-3.110431	0.971880	-1.531279	0.153466	1.544895	93.120483
282.855000	14710582.000000	-3.110404	0.971883	-1.531281	0.140489	1.582290	93.130226
282.906000	14710589.000000	-3.110408	0.971909	-1.531279	0.130926	1.480511	93.131943
282.955000	14710594.000000	-3.110421	0.971890	-1.531282	0.107210	1.540223	93.135834
283.005000	14710600.000000	-3.110397	0.971920	-1.531289	0.116862	1.515404	93.130219
283.055000	14710606.000000	-3.110410	0.971903	-1.531279	0.127074	1.481676	93.119537
283.105000	14710612.000000	-3.110408	0.971930	-1.531271	0.177702	1.553251	93.138191
283.156000	14710618.000000	-3.110404	0.971920	-1.531287	0.113412	1.551894	93.127197
283.205000	14710624.000000	-3.110416	0.971905	-1.531278	0.126536	1.472777	93.118462
283.255000	14710630.000000	-3.110308	0.972236	-1.531263	0.005465	2.155566	93.248627
283.305000	14710636.000000	-3.110421	0.971902	-1.531257	0.162411	1.529994	93.136124
283.355000	14710642.000000	-3.110382	0.971916	-1.531278	0.095420	1.568219	93.134140
283.406000	14710648.000000	-3.110402	0.971915	-1.531277	0.168753	1.504878	93.119751
283.455000	14710654.000000	-3.110431	0.971930	-1.531270	0.181148	1.615774	93.141930
283.505000	14710660.000000	-3.110381	0.971916	-1.531291	0.104845	1.526122	93.123665
283.555000	14710666.000000	-3.110412	0.971904	-1.531274	0.197904	1.560397	93.120270
283.605000	14710672.000000	-3.110398	0.971938	-1.531294	0.141927	1.540888	93.131943
283.656000	14710679.000000	-3.110416	0.971907	-1.531277	0.103656	1.506034	93.133263
283.705000	14710684.000000	-3.110417	0.971909	-1.531280	0.176269	1.522237	93.122612
283.755000	14710690.000000	-3.110401	0.971939	-1.531284	0.150885	1.579287	93.136703
283.805000	14710696.000000	-3.110423	0.971914	-1.531269	0.121616	1.510699	93.115761
283.855000	14710702.000000	-3.110399	0.971857	-1.531298	0.173887	1.421783	93.118225
283.906000	14710709.000000	-3.110411	0.971937	-1.531274	0.127699	1.497634	93.133430
283.955000	14710714.000000	-3.110424	0.971887	-1.531284	0.195042	1.524855	93.127167
284.005000	14710720.000000	-3.110403	0.971922	-1.531296	0.157237	1.560965	93.130219
284.055000	14710726.000000	-3.110431	0.971872	-1.531268	0.137772	1.473845	93.121902
284.105000	14710732.000000	-3.110397	0.971920	-1.531292	0.082150	1.502181	93.134201
284.156000	14710738.000000	-3.110400	0.971932	-1.531263	0.156865	1.457015	93.115471
284.205000	14710744.000000	-3.110433	0.971914	-1.531297	0.145679	1.494333	93.110756
284.255000	14710750.000000	-3.110392	0.971902	-1.531268	0.144889	1.512762	93.116280
284.305000	14710756.000000	-3.110397	0.971928	-1.531276	0.146656	1.617008	93.132156
284.355000	14710762.000000	-3.110397	0.971924	-1.531293	0.085364	1.522179	93.123795
284.406000	14710768.000000	-3.110406	0.971915	-1.531254	0.157558	1.536339	93.138626
284.455000	14710774.000000	-3.110409	0.971881	-1.531295	0.109859	1.493580	93.132980
284.505000	14710780.000000	-3.110395	0.971937	-1.531265	0.096029	1.587540	93.131195
284.555000	14710786.000000	-3.110443	0.971905	-1.531294	0.136230	1.533927	93.128250
284.605000	14710792.000000	-3.110401	0.971911	-1.531284	0.125911	1.563580	93.132957
284.656000	14710799.000000	-3.110397	0.971929	-1.531266	0.112607	1.482808	93.114189
284.705000	14710804.000000	-3.110424	0.971922	-1.531300	0.150881	1.481696	93.123535
284.755000	14710810.000000	-3.110410	0.971890	-1.531271	0.175589	1.514790	93.131714
284.805000	14710816.000000	-3.110391	0.971926	-1.531280	0.107722	1.493248	93.126678
284.855000	14710822.000000	-3.110406	0.971906	-1.531279	0.147409	1.471887	93.115936
284.906000	14710829.000000	-3.110412	0.971916	-1.531274	0.123015	1.486212	93.119377
284.955000	14710834.000000	-3.110414	0.971900	-1.531295	0.069368	1.521441	93.116814
285.005000	14710840.000000	-3.110394	0.971876	-1.531272	0.150020	1.402874	93.127960
285.055000	14710846.000000	-3.110409	0.971920	-1.531286	0.158970	1.481825	93.121689
285.105000	14710852.000000	-3.110425	0.971828	-1.531278	0.159256	1.474766	93.110809
285.156000	14710859.000000	-3.110399	0.971904	-1.531276	0.093874	1.504726	93.130028
285.205000	14710864.000000	-3.110407	0.971871	-1.531291	0.129976	1.498721	93.130547
285.255000	14710870.000000	-3.110422	0.971897	-1.531274	0.174562	1.499119	93.112000
285.305000	14710876.000000	-3.110419	0.971884	-1.531283	0.190051	1.535039	93.116364
285.355000	14710882.000000	-3.110396	0.971901	-1.531269	0.175437	1.540941	93.131088
285.406000	14710888.000000	-3.110406	0.971932	-1.531275	0.129624	1.551067	93.128632
285.455000	14710894.000000	-3.110415	0.971928	-1.531288	0.129754	1.547839	93.129204
285.505000	14710900.000000	-3.110400	0.971924	-1.531266	0.127455	1.486029	93.121773
285.555000	14710906.000000	-3.110394	0.971900	-1.531301	0.200619	1.522167	93.124374
285.605000	14710912.000000	-3.110409	0.971952	-1.531270	0.134499	1.539697	93.130432
285.656000	14710919.000000	-3.110380	0.971949	-1.531275	0.185392	1.626240	93.139893
285.705000	14710924.000000	-3.110398	0.971944	-1.531283	0.140233	1.579314	93.135857
285.755000	14710930.000000	-3.110413	0.971915	-1.531271	0.170217	1.513958	93.124802
285.805000	14710936.000000	-3.110409	0.971881	-1.531290	0.152021	1.475160	93.115631
285.855000	14710942.000000	-3.110414	0.971941	-1.531271	0.089976	1.523754	93.126129
285.906000	14710949.000000	-3.110398	0.971914	-1.531272	0.157757	1.532576	93.122314
285.955000	14710954.000000	-3.110418	0.971914	-1.531286	0.152688	1.562690	93.121986
286.005000	14710960.000000	-3.110404	0.971906	-1.531274	0.103886	1.503058	93.131760
286.055000	14710966.000000	-3.110451	0.971927	-1.531297	0.158095	1.525141	93.123085
286.105000	14710972.000000	-3.110487	0.971941	-1.531281	0.124462	1.496687	93.117783
286.156000	14710979.000000	-3.110327	0.971860	-1.531287	0.132145	1.547737	93.134010
286.205000	14710984.000000	-3.110383	0.971884	-1.531286	0.127386	1.558658	93.127167
286.255000	14710990.000000	-3.110476	0.971956	-1.531269	0.124818	1.463662	93.131554
286.305000	14710996.000000	-3.110382	0.971894	-1.531279	0.135644	1.559162	93.144455
286.355000	14711002.000000	-3.110272	0.972208	-1.531242	0.081270	2.322529	93.264977
286.406000	14711008.000000	-3.110447	0.971917	-1.531288	0.193036	1.491506	93.116402
286.455000	14711014.000000	-3.110425	0.971893	-1.531272	0.150375	1.469600	93.132332
286.505000	14711020.000000	-3.110381	0.971934	-1.531276	0.112400	1.537352	93.126076
286.555000	14711026.000000	-3.110395	0.971895	-1.531282	0.142573	1.513118	93.126144
286.605000	14711032.000000	-3.110463	0.971905	-1.531283	0.122886	1.525503	93.148598
286.656000	14711039.000000	-3.110395	0.971895	-1.531274	0.141937	1.514031	93.137741
286.705000	14711044.000000	-3.110375	0.971932	-1.531278	0.127330	1.562698	93.118309
286.755000	14711051.000000	-3.110446	0.971945	-1.531268	0.109046	1.477006	93.133720
286.805000	14711056.000000	-3.110454	0.971936	-1.531263	0.165971	1.492784	93.120743
286.855000	14711062.000000	-3.110356	0.971938	-1.531294	0.167678	1.658757	93.134933
286.906000	14711069.000000	-3.110404	0.971953	-1.531258	0.164193	1.582671	93.136559
286.955000	14711074.000000	-3.110440	0.971937	-1.531286	0.189828	1.524283	93.110023
287.005000	14711080.000000	-3.110390	0.971904	-1.531288	0.109627	1.529988	93.119835
287.055000	14711086.000000	-3.110390	0.971854	-1.531293	0.086956	1.479635	93.133186
287.105000	14711092.000000	-3.110428	0.971922	-1.531268	0.146872	1.537837	93.134010
287.156000	14711098.000000	-3.110399	0.971905	-1.531289	0.139493	1.469926	93.119537
287.205000	14711104.000000	-3.110390	0.971856	-1.531287	0.156802	1.423531	93.104698
287.255000	14711110.000000	-3.110450	0.971925	-1.531275	0.175602	1.447175	93.099434
287.305000	14711116.000000	-3.110399	0.971916	-1.531294	0.179081	1.520713	93.122948
287.355000	14711122.000000	-3.110402	0.971892	-1.531264	0.144032	1.432863	93.130714
287.406000	14711129.000000	-3.110419	0.971920	-1.531299	0.165525	1.478294	93.117332
287.455000	14711134.000000	-3.110407	0.971897	-1.531280	0.112533	1.517422	93.136497
287.505000	14711140.000000	-3.110421	0.971897	-1.531281	0.148760	1.542945	93.128174
287.555000	14711146.000000	-3.110402	0.971890	-1.531296	0.152632	1.435880	93.120026
287.605000	14711153.000000	-3.110417	0.971967	-1.531261	0.107932	1.580234	93.134117
287.656000	14711159.000000	-3.110404	0.971947	-1.531275	0.178242	1.519116	93.124901
287.705000	14711164.000000	-3.110405	0.971916	-1.531274	0.105084	1.477908	93.118469
287.755000	14711170.000000	-3.110421	0.971906	-1.531279	0.113849	1.494196	93.115295
287.805000	14711177.000000	-3.110407	0.971910	-1.531291	0.115849	1.485102	93.115501
287.855000	14711182.000000	-3.110414	0.971926	-1.531279	0.163728	1.584953	93.142464
287.906000	14711189.000000	-3.110414	0.971943	-1.531284	0.139309	1.565920	93.141525
287.955000	14711194.000000	-3.110424	0.971915	-1.531288	0.098860	1.510847	93.122726
288.005000	14711200.000000	-3.110414	0.971887	-1.531291	0.142521	1.519774	93.115364
288.055000	14711206.000000	-3.110419	0.971878	-1.531282	0.134738	1.416442	93.118095
288.105000	14711213.000000	-3.110432	0.971916	-1.531282	0.160847	1.529745	93.130981
288.156000	14711219.000000	-3.110422	0.971881	-1.531291	0.172055	1.488221	93.129646
288.205000	14711225.000000	-3.110449	0.971887	-1.531289	0.153504	1.473354	93.120392
288.255000	14711230.000000	-3.110445	0.971935	-1.531295	0.185981	1.500425	93.118225
288.305000	14711237.000000	-3.110466	0.971894	-1.531289	0.152480	1.457530	93.131790
288.355000	14711242.000000	-3.110484	0.971930	-1.531298	0.263938	1.511655	93.115868
288.406000	14711249.000000	-3.110468	0.971934	-1.531297	0.217027	1.473946	93.103920
288.455000	14711254.000000	-3.110478	0.971924	-1.531302	0.121208	1.448785	93.112762
288.505000	14711261.000000	-3.110457	0.971927	-1.531296	0.095516	1.449702	93.137100
288.555000	14711267.000000	-3.110429	0.971879	-1.531294	0.159161	1.556112	93.124298
288.605000	14711273.000000	-3.110365	0.972175	-1.531266	0.130958	2.126872	93.217010
288.656000	14711279.000000	-3.110401	0.971924	-1.531271	0.189602	1.503416	93.113167
288.705000	14711284.000000	-3.110415	0.971912	-1.531272	0.222082	1.527044	93.123688
288.755000	14711290.000000	-3.110444	0.971908	-1.531287	0.140171	1.506995	93.113518
288.805000	14711296.000000	-3.110397	0.971912	-1.531281	0.120873	1.546966	93.135406
288.855000	14711302.000000	-3.110434	0.971908	-1.531280	0.176839	1.492218	93.126678
288.906000	14711309.000000	-3.110436	0.971902	-1.531284	0.140676	1.465649	93.121346
288.955000	14711314.000000	-3.110489	0.971964	-1.531300	0.186399	1.520798	93.125511
289.005000	14711320.000000	-3.110497	0.971986	-1.531293	0.160888	1.573828	93.134041
289.055000	14711327.000000	-3.110444	0.971906	-1.531284	0.100036	1.492925	93.123215
289.105000	14711332.000000	-3.110405	0.972249	-1.531264	0.105144	2.222264	93.257332
289.156000	14711339.000000	-3.110458	0.971921	-1.531293	0.118254	1.470763	93.125137
289.205000	14711345.000000	-3.110455	0.971922	-1.531304	0.147504	1.447635	93.109489
289.255000	14711350.000000	-3.110486	0.971923	-1.531298	0.194217	1.490905	93.117737
289.305000	14711356.000000	-3.110460	0.971933	-1.531302	0.157678	1.475907	93.123016
289.355000	14711362.000000	-3.110471	0.971953	-1.531290	0.197317	1.496068	93.124496
289.406000	14711369.000000	-3.110453	0.971901	-1.531288	0.181353	1.469867	93.113441
289.455000	14711375.000000	-3.110459	0.971962	-1.531293	0.170913	1.530553	93.132530
289.505000	14711380.000000	-3.110477	0.971928	-1.531289	0.161606	1.438917	93.125252
289.555000	14711387.000000	-3.110413	0.971903	-1.531291	0.135433	1.521063	93.130379
289.605000	14711392.000000	-3.110450	0.971884	-1.531289	0.211548	1.497597	93.130516
289.656000	14711399.000000	-3.110390	0.971914	-1.531266	0.140766	1.558022	93.142891
289.705000	14711404.000000	-3.110385	0.971892	-1.531285	0.138156	1.472824	93.118393
289.755000	14711411.000000	-3.110418	0.971914	-1.531279	0.170903	1.567163	93.146301
289.805000	14711416.000000	-3.110428	0.971880	-1.531285	0.147121	1.489369	93.124611
289.855000	14711422.000000	-3.110408	0.971881	-1.531293	0.179182	1.581089	93.133148
289.906000	14711429.000000	-3.110397	0.971927	-1.531265	0.139026	1.592385	93.152702
289.955000	14711434.000000	-3.110411	0.971879	-1.531283	0.126498	1.519727	93.135597
290.005000	14711441.000000	-3.110416	0.971925	-1.531286	0.191414	1.506848	93.130821
290.055000	14711446.000000	-3.110386	0.971871	-1.531282	0.211743	1.532312	93.124107
290.105000	14711452.000000	-3.110435	0.971923	-1.531286	0.157757	1.478869	93.114021
290.156000	14711459.000000	-3.110388	0.971944	-1.531274	0.172075	1.574318	93.134361
290.205000	14711464.000000	-3.110385	0.971949	-1.531276	0.199551	1.628998	93.133080
290.255000	14711470.000000	-3.110430	0.971875	-1.531271	0.159293	1.461679	93.129135
290.305000	14711477.000000	-3.110410	0.971907	-1.531280	0.136059	1.522669	93.126633
290.355000	14711482.000000	-3.110404	0.971927	-1.531280	0.173442	1.594033	93.133369
290.406000	14711489.000000	-3.110395	0.971913	-1.531265	0.174098	1.506093	93.123253
290.455000	14711495.000000	-3.110426	0.971859	-1.531286	0.209550	1.500930	93.120987
290.505000	14711501.000000	-3.110414	0.971912	-1.531275	0.155049	1.547796	93.143242
290.555000	14711507.000000	-3.110388	0.971931	-1.531288	0.121459	1.539810	93.128418
290.605000	14711512.000000	-3.110423	0.971878	-1.531278	0.179044	1.563883	93.137695
290.656000	14711519.000000	-3.110400	0.971897	-1.531274	0.105453	1.447311	93.110680
290.705000	14711524.000000	-3.110411	0.971897	-1.531270	0.151361	1.466965	93.125511
290.755000	14711531.000000	-3.110406	0.971941	-1.531283	0.164220	1.544817	93.131676
290.805000	14711537.000000	-3.110407	0.971886	-1.531274	0.167533	1.510062	93.143074
290.855000	14711542.000000	-3.110410	0.971933	-1.531270	0.152649	1.517242	93.137672
290.906000	14711549.000000	-3.110412	0.971888	-1.531285	0.102239	1.518616	93.121384
290.955000	14711554.000000	-3.110406	0.971897	-1.531285	0.140960	1.538166	93.125359
291.005000	14711561.000000	-3.110415	0.971897	-1.531280	0.168061	1.496300	93.123451
291.055000	14711567.000000	-3.110405	0.971889	-1.531279	0.156204	1.518469	93.135628
291.105000	14711573.000000	-3.110409	0.971914	-1.531286	0.183010	1.539171	93.131676
291.156000	14711579.000000	-3.110415	0.971924	-1.531268	0.156007	1.548880	93.126770
291.205000	14711585.000000	-3.110397	0.971911	-1.531274	0.168436	1.535434	93.131256
291.255000	14711591.000000	-3.110396	0.971959	-1.531276	0.161031	1.587716	93.138939
291.305000	14711597.000000	-3.110409	0.971914	-1.531285	0.121723	1.600353	93.131760
291.355000	14711603.000000	-3.110410	0.971904	-1.531293	0.161678	1.570465	93.122795
291.406000	14711609.000000	-3.110427	0.971857	-1.531290	0.086161	1.457191	93.121048
291.455000	14711614.000000	-3.110409	0.971908	-1.531277	0.094622	1.480140	93.130112
291.505000	14711621.000000	-3.110408	0.971915	-1.531279	0.154568	1.562160	93.136711
291.555000	14711627.000000	-3.110414	0.971868	-1.531276	0.166018	1.435916	93.119461
291.605000	14711633.000000	-3.110414	0.971950	-1.531267	0.161040	1.614614	93.144440
291.656000	14711639.000000	-3.110406	0.971909	-1.531281	0.156123	1.520300	93.128731
291.705000	14711644.000000	-3.110414	0.971903	-1.531277	0.163829	1.565973	93.133705
291.755000	14711650.000000	-3.110414	0.971938	-1.531284	0.188325	1.547878	93.115891
291.805000	14711657.000000	-3.110410	0.971925	-1.531279	0.175023	1.597424	93.136940
291.855000	14711662.000000	-3.110394	0.971913	-1.531290	0.184117	1.513506	93.108505
291.906000	14711669.000000	-3.110331	0.971859	-1.531292	0.165463	1.492719	93.123962
291.960000	14711675.000000	-3.110410	0.971897	-1.531275	0.157433	1.495362	93.125854
292.006000	14711681.000000	-3.110401	0.971922	-1.531283	0.112629	1.494285	93.122238
292.058000	14711687.000000	-3.110438	0.971900	-1.531309	0.172709	1.483749	93.113335
292.106000	14711693.000000	-3.110459	0.971901	-1.531298	0.198796	1.448420	93.119324
292.155000	14711698.000000	-3.110447	0.971943	-1.531307	0.135007	1.499913	93.130127
292.207000	14711705.000000	-3.110403	0.971956	-1.531281	0.150413	1.566645	93.126099
292.256000	14711711.000000	-3.110436	0.971904	-1.531287	0.155074	1.459212	93.119423
292.306000	14711717.000000	-3.110462	0.971938	-1.531307	0.134168	1.524188	93.128197
292.357000	14711723.000000	-3.110431	0.971941	-1.531308	0.166778	1.602466	93.134674
292.405000	14711728.000000	-3.110440	0.971908	-1.531294	0.170562	1.551850	93.128548
292.456000	14711735.000000	-3.110403	0.971872	-1.531328	0.102810	1.478195	93.115578
292.505000	14711740.000000	-3.110416	0.971931	-1.531319	0.135351	1.526451	93.124954
292.555000	14711746.000000	-3.110445	0.971917	-1.531313	0.162561	1.476986	93.113731
292.605000	14711752.000000	-3.110359	0.972256	-1.531293	0.052107	2.313746	93.262444
292.656000	14711758.000000	-3.110450	0.971946	-1.531302	0.213531	1.570829	93.127136
292.705000	14711764.000000	-3.110419	0.971910	-1.531306	0.130602	1.484933	93.130981
292.761000	14711771.000000	-3.110450	0.971923	-1.531286	0.147858	1.482560	93.137543
292.805000	14711776.000000	-3.110435	0.971920	-1.531287	0.169598	1.597652	93.154472
292.855000	14711782.000000	-3.110442	0.971888	-1.531299	0.111005	1.503569	93.127022
292.906000	14711789.000000	-3.110390	0.971914	-1.531278	0.134670	1.614197	93.128906
292.955000	14711794.000000	-3.110417	0.971916	-1.531293	0.182026	1.535151	93.123070
293.005000	14711800.000000	-3.110443	0.971926	-1.531276	0.121402	1.513200	93.139374
293.055000	14711806.000000	-3.110416	0.971885	-1.531317	0.144824	1.505289	93.134888
293.105000	14711812.000000	-3.110330	0.972208	-1.531231	0.025225	2.215607	93.236893
293.156000	14711819.000000	-3.110399	0.971924	-1.531288	0.130090	1.548638	93.138374
293.205000	14711824.000000	-3.110403	0.971878	-1.531285	0.164276	1.541135	93.139084
293.255000	14711830.000000	-3.110399	0.971941	-1.531276	0.145390	1.530481	93.128136
293.305000	14711836.000000	-3.110394	0.971940	-1.531281	0.164357	1.574136	93.130013
293.355000	14711842.000000	-3.110413	0.971909	-1.531276	0.185521	1.495162	93.130219
293.406000	14711848.000000	-3.110407	0.971923	-1.531281	0.101502	1.537632	93.128212
293.455000	14711854.000000	-3.110400	0.971918	-1.531270	0.186153	1.599755	93.129478
293.505000	14711860.000000	-3.110401	0.971939	-1.531277	0.140021	1.583784	93.138344
293.555000	14711866.000000	-3.110399	0.971940	-1.531283	0.164520	1.584427	93.139412
293.605000	14711872.000000	-3.110403	0.971925	-1.531264	0.133555	1.586493	93.151245
293.656000	14711878.000000	-3.110405	0.971909	-1.531286	0.150661	1.502512	93.112236
293.705000	14711884.000000	-3.110415	0.971896	-1.531278	0.145904	1.504032	93.137062
293.755000	14711890.000000	-3.110409	0.971905	-1.531272	0.235938	1.498455	93.118935
293.805000	14711896.000000	-3.110405	0.971917	-1.531282	0.211284	1.525906	93.127922
293.855000	14711902.000000	-3.110410	0.971901	-1.531273	0.184419	1.451858	93.102615
293.906000	14711909.000000	-3.110413	0.971932	-1.531290	0.148914	1.586845	93.138573
293.955000	14711914.000000	-3.110410	0.971901	-1.531277	0.205742	1.590817	93.139519
294.005000	14711920.000000	-3.110413	0.971902	-1.531286	0.158690	1.563670	93.120125
294.055000	14711926.000000	-3.110407	0.971947	-1.531291	0.172932	1.569576	93.126427
294.105000	14711932.000000	-3.110394	0.971885	-1.531305	0.176264	1.491016	93.124832
294.156000	14711938.000000	-3.110389	0.971906	-1.531331	0.111560	1.574051	93.133438
294.205000	14711944.000000	-3.110381	0.971892	-1.531365	0.162253	1.594360	93.122505
294.255000	14711950.000000	-3.110325	0.971852	-1.531314	0.085705	1.549896	93.122253
294.305000	14711956.000000	-3.110289	0.971886	-1.531285	0.145784	1.619861	93.135887
294.355000	14711962.000000	-3.110156	0.971772	-1.531324	0.097808	1.518583	93.121849
294.406000	14711969.000000	-3.109758	0.972023	-1.531304	0.027778	2.350138	93.267876
294.455000	14711974.000000	-3.109296	0.971940	-1.531312	0.027635	2.658534	93.232735
294.505000	14711980.000000	-3.108561	0.971570	-1.531493	0.109455	1.741155	93.160019
294.555000	14711986.000000	-3.107058	0.971583	-1.531878	0.210263	1.849915	93.072197
294.605000	14711992.000000	-3.105701	0.971753	-1.532251	0.123825	2.439068	93.332184
294.656000	14711998.000000	-3.104295	0.972002	-1.532581	0.641571	2.321657	93.232933
294.705000	14712004.000000	-3.101835	0.971516	-1.533180	0.802200	1.196186	93.076584
294.755000	14712010.000000	-3.098737	0.970760	-1.534265	0.141728	0.248407	93.144707
294.805000	14712016.000000	-3.094777	0.970761	-1.535094	0.054051	0.507150	93.211029
294.917000	14712030.000000	-3.083961	0.971382	-1.538601	0.849549	1.217277	93.271233
294.917000	14712030.000000	-3.083961	0.971382	-1.538601	0.849549	1.217277	93.271233
294.955000	14712034.000000	-3.080641	0.970837	-1.539495	0.781060	-0.127267	93.162270
295.005000	14712040.000000	-3.075360	0.971134	-1.540734	-0.033802	1.611808	93.358109
295.055000	14712047.000000	-3.068827	0.971331	-1.541938	0.010186	2.109538	93.254196
295.105000	14712052.000000	-3.064357	0.971563	-1.542524	-0.019699	2.416297	93.185974
295.156000	14712059.000000	-3.057780	0.970896	-1.542639	0.154443	1.593229	92.719292
295.205000	14712064.000000	-3.053418	0.970900	-1.542407	0.045513	1.607230	92.446266
295.255000	14712071.000000	-3.047068	0.970742	-1.541782	0.009340	1.483438	92.046021
295.305000	14712076.000000	-3.042050	0.970542	-1.541509	-0.001399	1.598778	91.861610
295.355000	14712082.000000	-3.036696	0.971208	-1.541183	0.531250	1.826609	91.431870
295.409000	14712089.000000	-3.029723	0.971045	-1.541497	0.652628	1.977143	91.113892
295.455000	14712094.000000	-3.024964	0.971282	-1.542292	0.412308	2.353890	91.071808
295.505000	14712100.000000	-3.018713	0.970699	-1.543576	-0.067393	2.144447	90.969666
295.555000	14712106.000000	-3.012315	0.969907	-1.545025	0.583950	0.155428	90.911888
295.605000	14712112.000000	-3.004312	0.971509	-1.547514	0.386141	2.501006	91.026909
295.656000	14712119.000000	-2.994238	0.970386	-1.551704	0.207669	1.603251	91.157272
295.705000	14712124.000000	-2.987712	0.970172	-1.553600	0.631840	0.367478	91.030647
295.755000	14712130.000000	-2.979579	0.970106	-1.557532	0.264810	2.297748	91.236084
295.805000	14712136.000000	-2.973025	0.970626	-1.560568	-0.148070	2.614201	91.488258
295.855000	14712142.000000	-2.966665	0.970092	-1.563114	0.144533	2.153203	91.421204
295.906000	14712149.000000	-2.959907	0.970445	-1.564410	-0.044985	2.239202	91.396347
295.955000	14712154.000000	-2.954343	0.970465	-1.564969	0.614486	1.979409	91.185379
296.005000	14712161.000000	-2.946611	0.970069	-1.564102	0.292019	1.729948	90.967323
296.055000	14712166.000000	-2.940419	0.969751	-1.562403	-0.082837	1.898650	90.725883
296.105000	14712173.000000	-2.930925	0.969805	-1.559161	0.147169	2.185343	90.249062
296.156000	14712179.000000	-2.921740	0.969181	-1.556417	0.945975	-0.233354	89.874794
296.205000	14712184.000000	-2.913465	0.969662	-1.553730	0.217753	2.343846	89.913887
296.255000	14712191.000000	-2.900858	0.969637	-1.550443	0.560367	1.453185	89.908699
296.324000	14712199.000000	-2.884138	0.969329	-1.548432	0.151532	2.139032	90.371773
296.386000	14712206.000000	-2.868177	0.969384	-1.547605	0.192055	2.131400	90.738091
296.405000	14712207.000000	-2.865993	0.969350	-1.547482	0.006687	2.143651	90.810654
296.456000	14712215.000000	-2.846287	0.969079	-1.546420	0.079766	1.594316	91.479515
296.505000	14712220.000000	-2.832995	0.968948	-1.545974	0.102081	1.986970	91.926010
296.555000	14712226.000000	-2.817156	0.969067	-1.545109	0.700229	1.299107	92.382690
296.607000	14712233.000000	-2.797680	0.968833	-1.544446	0.163065	2.281855	92.999054
296.655000	14712238.000000	-2.783477	0.968386	-1.543484	-0.063140	1.764006	92.996872
296.706000	14712245.000000	-2.762854	0.967995	-1.541595	0.243486	1.995692	93.499641
296.755000	14712251.000000	-2.745211	0.967988	-1.540009	0.224156	2.162237	93.668091
296.805000	14712256.000000	-2.730193	0.967844	-1.538614	-0.103987	2.080678	93.985298
296.855000	14712262.000000	-2.712161	0.967552	-1.537226	0.239178	2.037080	94.031090
296.906000	14712269.000000	-2.690944	0.967395	-1.535485	0.464079	1.743516	94.175179
296.955000	14712274.000000	-2.675746	0.967273	-1.533950	0.063779	2.865851	94.481720
297.005000	14712281.000000	-2.655017	0.966725	-1.532266	0.053905	2.058993	94.481003
297.055000	14712287.000000	-2.636891	0.966549	-1.531057	0.532900	2.088160	94.558540
297.106000	14712293.000000	-2.619342	0.966312	-1.529896	-0.203730	2.468389	94.941933
297.156000	14712299.000000	-2.602063	0.965881	-1.528884	0.036656	2.138215	94.737762
297.205000	14712304.000000	-2.587985	0.965734	-1.528185	0.452831	2.198189	94.872650
297.255000	14712311.000000	-2.568099	0.965181	-1.527431	-0.016957	2.198812	94.986130
297.305000	14712317.000000	-2.550982	0.964782	-1.526997	0.036914	2.253223	95.070236
297.355000	14712322.000000	-2.536730	0.964596	-1.526746	0.037818	2.235926	95.095345
297.406000	14712328.000000	-2.519500	0.964224	-1.526421	0.245889	2.002003	95.124687
297.455000	14712335.000000	-2.499756	0.963862	-1.525505	0.034783	2.260939	95.027489
297.505000	14712341.000000	-2.483019	0.963764	-1.525136	-0.211793	2.189910	95.048576
297.555000	14712346.000000	-2.469070	0.963601	-1.524999	-0.167651	2.201441	95.031754
297.605000	14712352.000000	-2.452494	0.963460	-1.524849	-0.200362	2.149143	95.074013
297.656000	14712359.000000	-2.433274	0.962987	-1.524586	0.084437	1.834403	95.260460
297.705000	14712365.000000	-2.417202	0.962873	-1.524598	0.019782	2.143364	95.218880
297.755000	14712370.000000	-2.403588	0.962555	-1.524849	-0.143154	2.104193	95.401260
297.805000	14712377.000000	-2.384965	0.962474	-1.525325	0.035087	2.302723	95.518227
297.855000	14712383.000000	-2.369103	0.962165	-1.526090	0.142533	2.321481	95.631584
297.906000	14712389.000000	-2.353366	0.962008	-1.526404	-0.028394	2.233894	95.720337
297.955000	14712395.000000	-2.337768	0.961921	-1.526524	0.182607	2.180788	95.804161
298.005000	14712401.000000	-2.322057	0.961660	-1.526857	-0.022671	2.249723	95.881653
298.055000	14712406.000000	-2.309385	0.961343	-1.526911	0.059624	1.899173	95.985748
298.105000	14712412.000000	-2.294121	0.961302	-1.526410	0.238580	2.226720	95.860252
298.156000	14712419.000000	-2.276344	0.961232	-1.525331	0.297844	2.234144	95.679092
298.205000	14712424.000000	-2.263561	0.961237	-1.524633	0.216887	2.790949	95.604996
298.255000	14712430.000000	-2.248285	0.960495	-1.523992	0.091515	1.988363	95.478714
298.305000	14712436.000000	-2.233664	0.961134	-1.523186	0.027812	2.017225	95.134003
298.355000	14712443.000000	-2.213354	0.960009	-1.523502	-0.024820	2.481148	94.820084
298.406000	14712449.000000	-2.198673	0.960500	-1.523267	-0.115637	1.989493	94.588722
298.455000	14712454.000000	-2.184408	0.959769	-1.522916	-0.130890	2.205045	94.444817
298.505000	14712461.000000	-2.166205	0.960211	-1.522602	0.764885	1.861197	94.388458
298.555000	14712466.000000	-2.152281	0.959958	-1.522726	0.653394	2.110191	94.322159
298.605000	14712472.000000	-2.136753	0.959889	-1.522939	0.534497	1.720752	94.264641
298.656000	14712479.000000	-2.117941	0.959777	-1.523486	0.752412	1.921995	94.287498
298.705000	14712484.000000	-2.104783	0.959509	-1.524157	0.415733	1.768981	94.371399
298.755000	14712491.000000	-2.086313	0.959115	-1.525011	0.392762	2.349019	94.241249
298.805000	14712496.000000	-2.073251	0.959236	-1.525132	0.526864	2.163859	94.207375
298.855000	14712503.000000	-2.054671	0.958748	-1.525428	0.245701	2.404027	94.083435
298.906000	14712509.000000	-2.038779	0.958606	-1.525388	0.451612	2.186604	94.056274
298.955000	14712515.000000	-2.022639	0.958462	-1.525621	0.600254	2.173198	94.072418
299.007000	14712521.000000	-2.005996	0.958381	-1.525964	0.630072	2.337909	94.076141
299.056000	14712527.000000	-1.989198	0.958119	-1.526293	0.664898	2.192256	94.265732
299.108000	14712533.000000	-1.972170	0.958001	-1.526949	0.596851	1.850590	94.426422
299.155000	14712538.000000	-1.958057	0.958003	-1.527688	0.049218	2.902585	94.461105
299.206000	14712545.000000	-1.938212	0.957539	-1.528537	0.104923	2.020992	94.505806
299.255000	14712550.000000	-1.924322	0.957629	-1.529110	0.446985	1.929181	94.638542
299.305000	14712556.000000	-1.907853	0.957329	-1.530200	0.410771	1.890762	94.741737
299.355000	14712563.000000	-1.889099	0.957334	-1.530975	0.308479	2.159608	94.868629
299.406000	14712569.000000	-1.873055	0.957242	-1.531349	0.301066	2.041069	94.942146
299.455000	14712574.000000	-1.859930	0.957215	-1.531825	0.336746	1.946615	95.005844
299.505000	14712581.000000	-1.841433	0.957166	-1.532644	0.341177	1.980100	95.044380
299.555000	14712587.000000	-1.825688	0.957074	-1.533029	0.274924	1.984473	95.062881
299.606000	14712593.000000	-1.809520	0.956998	-1.532954	0.305225	2.169399	94.903008
299.655000	14712598.000000	-1.796138	0.957012	-1.532160	0.548514	2.432019	94.815788
299.706000	14712605.000000	-1.776834	0.956945	-1.530514	0.881463	1.919698	94.508667
299.755000	14712611.000000	-1.760525	0.956755	-1.529533	0.414852	2.242368	94.076286
299.805000	14712616.000000	-1.746863	0.956520	-1.529310	0.404022	2.073935	93.968025
299.855000	14712622.000000	-1.730446	0.956445	-1.530086	0.570779	1.986883	94.029243
299.906000	14712629.000000	-1.711923	0.956507	-1.531253	0.575819	1.984731	94.158516
299.955000	14712635.000000	-1.696022	0.956559	-1.532017	0.417075	2.032931	94.141808
300.005000	14712641.000000	-1.680558	0.956442	-1.532388	0.541987	1.978667	94.144981
300.055000	14712647.000000	-1.665176	0.956475	-1.532495	0.397655	2.206794	94.066345
300.105000	14712653.000000	-1.650015	0.956496	-1.532672	0.689850	2.293523	94.187622
300.156000	14712659.000000	-1.634967	0.956284	-1.532971	0.354637	2.343284	94.120621
300.205000	14712665.000000	-1.620014	0.956074	-1.533558	0.384561	1.922647	94.178879
300.255000	14712671.000000	-1.605564	0.956420	-1.534335	0.864456	1.843250	94.340187
300.305000	14712676.000000	-1.593100	0.956219	-1.534918	0.570615	1.703746	94.487007
300.355000	14712683.000000	-1.575556	0.956453	-1.535997	0.517731	2.797999	94.635254
300.406000	14712689.000000	-1.560145	0.955954	-1.537138	0.462540	2.283862	94.651871
300.455000	14712694.000000	-1.547303	0.956037	-1.537616	0.480544	2.166269	94.776505
300.505000	14712700.000000	-1.531809	0.955951	-1.537848	0.614633	2.179708	94.874855
300.555000	14712707.000000	-1.513441	0.955887	-1.538892	0.454256	1.907729	95.046104
300.605000	14712713.000000	-1.497497	0.955721	-1.539947	0.495085	1.943978	95.087357
300.656000	14712719.000000	-1.481485	0.955610	-1.540340	0.477499	1.871754	95.108452
300.705000	14712725.000000	-1.465375	0.955244	-1.540891	0.429150	1.834223	95.012917
300.755000	14712730.000000	-1.452157	0.955043	-1.541328	0.392799	1.559501	94.907860
300.805000	14712737.000000	-1.433279	0.954934	-1.541319	0.522427	1.826532	94.816078
300.855000	14712743.000000	-1.417293	0.954977	-1.540768	-0.245301	1.086777	94.483505
300.906000	14712749.000000	-1.401175	0.954894	-1.539563	0.560168	1.953112	94.294716
300.955000	14712754.000000	-1.387892	0.954849	-1.538468	0.253364	1.169994	93.882355
301.005000	14712760.000000	-1.371579	0.954753	-1.536440	-0.111628	1.423597	93.473228
301.055000	14712767.000000	-1.353070	0.954683	-1.534051	0.065763	1.392919	92.958015
301.105000	14712773.000000	-1.336769	0.954727	-1.532725	-0.175812	2.223504	92.731140
301.156000	14712779.000000	-1.321493	0.955040	-1.531644	0.936767	1.987094	92.667412
301.205000	14712785.000000	-1.305832	0.954956	-1.531083	0.325788	1.566545	92.400772
301.255000	14712790.000000	-1.291461	0.954354	-1.532325	-0.171429	1.569387	92.351898
301.305000	14712796.000000	-1.278315	0.954926	-1.532965	0.586560	2.127487	92.737213
301.355000	14712803.000000	-1.259683	0.954133	-1.534424	-0.388528	2.225976	92.657494
301.406000	14712809.000000	-1.246661	0.954493	-1.534541	0.763154	1.831246	92.957207
301.455000	14712815.000000	-1.232408	0.954271	-1.534423	-0.236416	1.195519	92.904861
301.505000	14712821.000000	-1.216961	0.953732	-1.534962	-0.345769	1.795529	93.032761
301.555000	14712826.000000	-1.204682	0.953285	-1.534962	0.339213	2.956600	93.322067
301.605000	14712832.000000	-1.193642	0.954382	-1.535052	-0.042024	1.602368	93.445328
301.656000	14712839.000000	-1.177115	0.953951	-1.535679	0.019196	1.200955	93.538818
301.705000	14712845.000000	-1.163253	0.953823	-1.537521	0.027457	2.138669	93.966324
301.755000	14712850.000000	-1.151799	0.953483	-1.538675	-0.176275	1.712499	94.201889
301.805000	14712856.000000	-1.139699	0.953832	-1.537969	-0.120161	1.307789	94.228745
301.855000	14712863.000000	-1.123173	0.952937	-1.537725	-0.044683	1.269696	94.466347
301.906000	14712869.000000	-1.108844	0.952593	-1.538052	-0.086288	2.210589	94.428772
301.955000	14712874.000000	-1.099538	0.953496	-1.538824	-0.395058	1.899697	94.436707
302.005000	14712880.000000	-1.085412	0.952618	-1.538684	-0.340139	1.265248	94.584129
302.055000	14712886.000000	-1.069453	0.951673	-1.540379	0.205449	2.081913	95.021255
302.105000	14712892.000000	-1.056992	0.952754	-1.543507	-0.353299	2.023923	95.106560
302.156000	14712899.000000	-1.041141	0.952631	-1.546949	0.230038	2.083408	95.578934
302.205000	14712904.000000	-1.025919	0.950815	-1.548891	0.210378	2.279798	95.903740
302.255000	14712911.000000	-1.012831	0.952466	-1.553390	0.084926	1.983043	96.013046
302.305000	14712917.000000	-0.999630	0.952106	-1.555818	-0.328032	1.588245	96.116180
302.355000	14712922.000000	-0.986737	0.951543	-1.556488	-0.096997	1.870309	96.103752
302.408000	14712929.000000	-0.969437	0.950720	-1.558256	0.087139	1.730804	96.439102
302.456000	14712935.000000	-0.958591	0.951693	-1.561457	-0.244375	1.794981	96.295540
302.505000	14712941.000000	-0.946965	0.952130	-1.562098	-0.129078	1.251763	96.176201
302.555000	14712946.000000	-0.933579	0.950311	-1.563187	-0.082677	1.655683	96.016533
302.605000	14712953.000000	-0.920744	0.951183	-1.563968	0.022898	0.905654	96.016685
302.656000	14712959.000000	-0.908083	0.950696	-1.564443	-0.182559	1.628097	95.850266
302.705000	14712964.000000	-0.900470	0.951965	-1.564722	-0.184466	1.226108	95.708389
302.755000	14712971.000000	-0.883381	0.950436	-1.564916	0.070106	2.057180	95.502289
302.805000	14712976.000000	-0.873288	0.950147	-1.564762	-0.252630	1.379460	95.661598
302.855000	14712982.000000	-0.860939	0.950736	-1.566288	0.164711	1.935329	95.683342
302.906000	14712989.000000	-0.845366	0.950885	-1.570234	-0.533536	1.486372	95.982628
302.955000	14712995.000000	-0.830610	0.949985	-1.571197	0.098892	1.575426	96.420868
303.005000	14713001.000000	-0.818416	0.950095	-1.575492	-0.151429	1.163890	96.942123
303.055000	14713006.000000	-0.807102	0.950749	-1.578398	-0.461840	2.362262	97.031555
303.105000	14713013.000000	-0.789079	0.949291	-1.580364	-0.015414	2.015534	97.214195
303.156000	14713019.000000	-0.776412	0.949150	-1.579660	-0.116060	1.831986	97.150688
303.205000	14713025.000000	-0.762542	0.948490	-1.580854	-0.111961	1.966418	96.967926
303.319000	14713038.000000	-0.734751	0.948329	-1.584595	0.049651	2.164316	96.765388
303.319000	14713038.000000	-0.734751	0.948329	-1.584595	0.049651	2.164316	96.765388
303.356000	14713043.000000	-0.722290	0.947372	-1.587866	-0.404539	2.109836	96.691055
303.405000	14713048.000000	-0.711447	0.947467	-1.590454	0.366768	2.201323	96.659370
303.456000	14713055.000000	-0.695508	0.946828	-1.595187	-0.207635	2.000288	96.531357
303.505000	14713061.000000	-0.683054	0.946732	-1.599086	-0.194538	1.697435	96.568924
303.555000	14713067.000000	-0.668480	0.946394	-1.602697	-0.193563	2.287658	96.389015
303.608000	14713073.000000	-0.655352	0.946482	-1.606300	-0.178150	2.322490	96.209526
303.656000	14713079.000000	-0.641236	0.946092	-1.607898	-0.012886	2.310410	95.833672
303.705000	14713085.000000	-0.628084	0.946346	-1.609738	-0.070351	2.706164	95.403099
303.755000	14713091.000000	-0.615580	0.946164	-1.610906	0.039816	1.767511	95.037994
303.805000	14713097.000000	-0.599806	0.945117	-1.612256	-0.130963	2.794654	94.553497
303.855000	14713103.000000	-0.587952	0.945815	-1.613302	0.164844	1.978616	94.399597
303.906000	14713109.000000	-0.574410	0.945189	-1.614590	0.137749	1.917868	94.300545
303.955000	14713114.000000	-0.563306	0.945437	-1.615877	0.237082	2.386446	94.398384
304.005000	14713121.000000	-0.546691	0.944938	-1.618682	-0.076567	1.883313	94.633911
304.055000	14713126.000000	-0.534254	0.944167	-1.620113	-0.328592	1.789286	94.884262
304.105000	14713133.000000	-0.515775	0.944319	-1.622161	0.086290	2.291252	95.091019
304.156000	14713139.000000	-0.500800	0.944125	-1.623058	-0.072016	2.265052	95.067482
304.205000	14713145.000000	-0.484666	0.943698	-1.622793	0.101051	2.132296	95.051323
304.255000	14713151.000000	-0.470202	0.943570	-1.622375	-0.154298	2.572097	94.808121
304.305000	14713157.000000	-0.454293	0.942741	-1.621597	-0.002754	2.345064	94.737999
304.355000	14713163.000000	-0.440752	0.943277	-1.621635	0.010016	1.841127	94.727242
304.406000	14713169.000000	-0.422906	0.941565	-1.622730	-0.154566	2.487173	94.810928
304.455000	14713175.000000	-0.410109	0.942464	-1.622390	0.328225	2.138349	95.060692
304.505000	14713181.000000	-0.395770	0.941822	-1.623594	-0.063692	2.521444	95.151192
304.555000	14713187.000000	-0.383167	0.941803	-1.623488	-0.222258	2.377365	95.556519
304.605000	14713193.000000	-0.368540	0.941510	-1.623600	0.370853	1.923163	95.445625
304.656000	14713199.000000	-0.354672	0.941208	-1.624539	0.295010	2.061827	95.476028
304.705000	14713205.000000	-0.342698	0.941101	-1.625017	-0.322667	2.124498	95.772400
304.755000	14713211.000000	-0.328680	0.940428	-1.626094	-0.358243	2.245587	95.697784
304.805000	14713217.000000	-0.316597	0.940710	-1.628065	-0.406673	2.472120	95.809479
304.855000	14713223.000000	-0.303325	0.940701	-1.629833	-0.148513	2.302495	95.853180
304.906000	14713229.000000	-0.290594	0.940322	-1.631651	-0.473197	2.363621	96.209724
304.955000	14713235.000000	-0.277236	0.940251	-1.633431	-0.237998	2.028737	96.327049
305.005000	14713241.000000	-0.263720	0.940090	-1.635185	-0.459404	2.164478	96.413979
305.055000	14713247.000000	-0.250073	0.939964	-1.636941	-0.437766	2.079073	96.436714
305.105000	14713253.000000	-0.236341	0.939733	-1.638365	-0.295949	2.079811	96.375031
305.156000	14713259.000000	-0.222357	0.939791	-1.639764	-0.332421	2.182369	96.231354
305.205000	14713265.000000	-0.208160	0.939561	-1.641253	-0.377106	2.366550	96.177330
305.255000	14713271.000000	-0.193776	0.939435	-1.642980	-0.297307	2.381857	96.209435
305.305000	14713277.000000	-0.179290	0.939102	-1.645205	-0.211213	2.088983	96.093262
305.356000	14713283.000000	-0.165065	0.938945	-1.647392	-0.222993	1.639186	96.251648
305.405000	14713289.000000	-0.150676	0.939182	-1.649860	0.005224	2.166980	96.207741
305.458000	14713295.000000	-0.136403	0.938727	-1.652605	-0.241907	1.860348	96.312920
305.505000	14713301.000000	-0.122110	0.938259	-1.655214	-0.120663	2.042243	96.439682
305.555000	14713307.000000	-0.108086	0.938515	-1.658212	-0.229705	2.107945	96.564140
305.605000	14713313.000000	-0.094277	0.938297	-1.660915	-0.069966	2.234356	96.616440
305.656000	14713319.000000	-0.081051	0.938301	-1.663014	-0.291057	2.324780	96.559258
305.705000	14713325.000000	-0.067678	0.938254	-1.665153	-0.004882	2.136952	96.368439
305.755000	14713331.000000	-0.054628	0.938203	-1.666905	-0.153192	2.797836	96.496094
305.805000	14713337.000000	-0.042124	0.937793	-1.669221	-0.109565	2.073642	96.376503
305.855000	14713343.000000	-0.029091	0.937861	-1.671539	-0.041936	2.088926	96.375374
305.906000	14713349.000000	-0.016478	0.937775	-1.673831	0.191678	1.601844	96.288803
305.955000	14713355.000000	-0.004213	0.937819	-1.675646	0.381704	1.703073	96.301826
306.005000	14713361.000000	0.007841	0.937561	-1.676728	-0.041915	1.898551	96.097931
306.055000	14713367.000000	0.020120	0.937871	-1.676561	0.228485	2.494379	95.678886
306.105000	14713373.000000	0.032058	0.937182	-1.676144	0.117121	1.838170	95.136223
306.156000	14713379.000000	0.043591	0.937338	-1.676288	0.577112	1.842122	94.750648
306.205000	14713385.000000	0.054631	0.937513	-1.677479	0.701836	2.316663	94.801468
306.255000	14713391.000000	0.066036	0.937554	-1.680241	0.827836	2.436798	95.075714
306.305000	14713397.000000	0.076269	0.937884	-1.683779	0.791936	3.241752	95.510330
306.355000	14713403.000000	0.086630	0.937581	-1.687008	0.622968	2.706883	95.812149
306.406000	14713409.000000	0.096678	0.937410	-1.689650	0.139582	3.326191	96.148323
306.455000	14713415.000000	0.106337	0.937163	-1.691406	0.950863	2.689296	96.061722
306.505000	14713421.000000	0.116525	0.937042	-1.692704	0.697529	2.248755	96.018417
306.555000	14713427.000000	0.126554	0.937239	-1.693712	0.743208	2.773363	96.137665
306.605000	14713433.000000	0.136667	0.936607	-1.695043	0.267520	2.421961	96.318810
306.656000	14713439.000000	0.146682	0.936933	-1.697274	0.577447	2.436657	96.437263
306.705000	14713445.000000	0.157145	0.936636	-1.699622	0.716128	2.346607	96.674644
306.755000	14713451.000000	0.167108	0.936222	-1.701735	0.111756	2.291615	96.839508
306.805000	14713457.000000	0.177195	0.936414	-1.703715	0.688113	2.155120	96.997513
306.855000	14713463.000000	0.187062	0.936644	-1.705485	0.665488	3.080601	97.269615
306.906000	14713469.000000	0.196810	0.936587	-1.706994	0.590396	3.015284	97.387428
306.955000	14713475.000000	0.206487	0.936229	-1.707745	0.961363	2.509706	97.218880
307.005000	14713481.000000	0.216167	0.936478	-1.708285	0.655555	3.150066	97.259346
307.055000	14713487.000000	0.225970	0.936023	-1.708527	0.729776	2.605628	96.985420
307.105000	14713493.000000	0.235941	0.936005	-1.707737	0.690985	2.717011	96.699692
307.156000	14713499.000000	0.245673	0.935381	-1.706591	0.721600	2.810596	96.222565
307.205000	14713505.000000	0.255979	0.935713	-1.705626	0.576624	2.554719	95.852753
307.320000	14713518.000000	0.278842	0.935277	-1.704606	-0.247760	2.970827	95.360573
307.320000	14713518.000000	0.278842	0.935277	-1.704606	-0.247760	2.970827	95.360573
307.355000	14713523.000000	0.287889	0.935511	-1.704477	0.473584	2.876492	95.197197
307.406000	14713529.000000	0.298593	0.935164	-1.704384	0.169743	3.112068	95.082573
307.455000	14713535.000000	0.309556	0.934870	-1.704788	0.149157	3.081468	94.909119
307.505000	14713541.000000	0.320102	0.934951	-1.705616	0.481534	3.105548	94.995903
307.555000	14713547.000000	0.330857	0.934589	-1.706722	-0.109499	3.292455	95.110291
307.605000	14713553.000000	0.341248	0.935038	-1.707762	0.933769	2.583858	95.115433
307.656000	14713559.000000	0.351855	0.934481	-1.709064	0.420334	2.937736	95.293365
307.705000	14713565.000000	0.362117	0.934282	-1.710343	0.322482	2.958094	95.431938
307.755000	14713571.000000	0.372412	0.934034	-1.711926	-0.021587	2.017416	95.450859
307.805000	14713577.000000	0.382095	0.933990	-1.713181	0.561085	2.480554	95.595505
307.855000	14713583.000000	0.392031	0.933979	-1.714469	0.293898	3.025839	95.753708
307.906000	14713589.000000	0.401848	0.933700	-1.716096	0.268930	3.283804	95.938103
307.955000	14713595.000000	0.411344	0.933971	-1.717984	0.285398	3.364988	96.331642
308.005000	14713601.000000	0.421106	0.933371	-1.719979	0.723692	2.318569	96.419762
308.055000	14713607.000000	0.430858	0.933412	-1.721399	0.524792	2.697435	96.611176
308.105000	14713613.000000	0.440429	0.932991	-1.722199	0.274802	3.213477	96.704422
308.156000	14713619.000000	0.449226	0.932788	-1.722905	0.451164	2.923490	96.678902
308.205000	14713625.000000	0.457830	0.932804	-1.723625	0.398338	3.306674	96.796539
308.255000	14713631.000000	0.465220	0.932488	-1.724190	0.633837	2.670085	96.792549
308.305000	14713637.000000	0.472673	0.932451	-1.725311	0.754202	2.989240	96.933380
308.355000	14713643.000000	0.478939	0.932536	-1.726388	0.567520	3.020113	96.921761
308.406000	14713649.000000	0.485077	0.932441	-1.726714	0.860035	3.522749	97.012680
308.455000	14713655.000000	0.490248	0.932104	-1.726956	0.238783	2.799652	97.158440
308.508000	14713661.000000	0.495634	0.931931	-1.727136	-0.673286	3.453979	96.994133
308.555000	14713667.000000	0.500543	0.932132	-1.727637	-0.717123	3.111051	97.043739
308.605000	14713673.000000	0.504927	0.931918	-1.728333	-0.280071	3.575610	97.133614
308.657000	14713679.000000	0.509090	0.932028	-1.728588	-0.017968	2.911109	97.007919
308.705000	14713685.000000	0.512665	0.931770	-1.728268	-1.211642	3.244505	96.853844
308.755000	14713691.000000	0.516301	0.931369	-1.728299	-0.911418	3.642813	96.763115
308.805000	14713697.000000	0.519310	0.931471	-1.728503	-0.816803	2.265590	96.354713
308.855000	14713703.000000	0.521790	0.931142	-1.728576	0.206809	1.075849	96.282928
308.906000	14713709.000000	0.524052	0.930655	-1.728725	-1.360179	2.721742	96.479195
308.955000	14713715.000000	0.526116	0.930047	-1.728916	-1.606640	1.189288	96.281731
309.005000	14713721.000000	0.527154	0.930354	-1.729106	-1.576575	1.290943	96.312126
309.055000	14713727.000000	0.527926	0.930568	-1.729023	-1.055731	2.524763	96.534889
309.105000	14713733.000000	0.527354	0.930318	-1.729064	-1.602248	1.237936	96.319664
309.156000	14713739.000000	0.526990	0.930430	-1.729022	-1.565853	1.416573	96.325981
309.205000	14713745.000000	0.527018	0.930329	-1.729026	-1.602308	1.218365	96.294670
309.255000	14713751.000000	0.527239	0.930227	-1.729055	-1.574176	1.178214	96.296829
309.305000	14713757.000000	0.527152	0.930375	-1.729026	-1.506994	1.211347	96.300926
309.355000	14713763.000000	0.527053	0.930931	-1.728867	-1.707101	2.800109	96.545227
309.406000	14713769.000000	0.527163	0.930359	-1.729026	-1.551620	1.340359	96.320740
309.455000	14713775.000000	0.527176	0.930298	-1.729036	-1.548593	1.206538	96.294739
309.505000	14713781.000000	0.527137	0.930275	-1.729029	-1.490193	1.118295	96.306610
309.555000	14713787.000000	0.527124	0.930298	-1.729020	-1.492659	1.107185	96.294128
309.605000	14713793.000000	0.527131	0.930295	-1.729018	-1.572208	1.167795	96.288124
309.656000	14713799.000000	0.527093	0.930352	-1.728996	-1.551411	1.260499	96.317879
309.705000	14713805.000000	0.527006	0.930399	-1.728988	-1.588467	1.317419	96.329796
309.755000	14713811.000000	0.527095	0.930367	-1.729001	-1.466913	1.224527	96.320213
309.805000	14713817.000000	0.527065	0.930408	-1.728992	-1.461668	1.323782	96.329132
309.856000	14713823.000000	0.526990	0.930401	-1.728974	-1.587357	1.431670	96.348328
309.905000	14713828.000000	0.527079	0.930398	-1.728979	-1.548241	1.401365	96.332710
309.956000	14713835.000000	0.527121	0.930303	-1.729032	-1.508772	1.142487	96.306190
310.005000	14713840.000000	0.527057	0.930917	-1.728870	-1.756627	2.762437	96.551811
310.055000	14713846.000000	0.527098	0.930348	-1.729064	-1.547807	1.233142	96.320198
310.105000	14713853.000000	0.527096	0.930954	-1.729054	-1.783427	2.763871	96.572273
310.156000	14713859.000000	0.527104	0.930943	-1.729076	-1.785294	2.738972	96.556068
310.205000	14713865.000000	0.527227	0.930936	-1.729369	-1.722908	2.741322	96.573448
310.255000	14713871.000000	0.526796	0.931231	-1.729739	-1.860919	2.826146	96.498154
310.305000	14713876.000000	0.526514	0.931332	-1.729466	-1.856491	2.983176	96.338646
310.355000	14713882.000000	0.526534	0.930324	-1.728154	-1.474742	1.451145	95.789619
310.406000	14713889.000000	0.526985	0.930364	-1.725795	-1.200265	2.741125	95.423035
310.455000	14713895.000000	0.526814	0.930454	-1.723959	-1.409089	2.305297	95.109398
310.505000	14713900.000000	0.526759	0.931348	-1.722398	0.249622	0.591683	94.783394
310.555000	14713906.000000	0.526656	0.931204	-1.719905	0.090059	1.305636	94.245155
310.605000	14713913.000000	0.526214	0.932358	-1.717764	0.104152	2.518866	94.446976
310.656000	14713919.000000	0.526090	0.932050	-1.716415	-0.183733	2.870873	94.125870
310.705000	14713925.000000	0.526113	0.931932	-1.715765	-0.149386	2.886430	93.848900
310.755000	14713930.000000	0.526073	0.931907	-1.715546	-0.094568	2.943043	93.790833
310.805000	14713936.000000	0.526196	0.931814	-1.715506	-0.170471	2.856518	93.786728
310.857000	14713943.000000	0.526112	0.932037	-1.715575	-0.495821	2.595390	93.731445
310.905000	14713949.000000	0.526094	0.931854	-1.715534	-0.173756	2.917086	93.773003
310.956000	14713955.000000	0.526030	0.931773	-1.715594	-0.146876	2.653129	93.812103
311.005000	14713961.000000	0.526109	0.931938	-1.715794	-0.077223	2.862636	93.841316
311.055000	14713966.000000	0.526066	0.932081	-1.715764	-0.492222	2.615001	93.787354
311.105000	14713973.000000	0.526102	0.931954	-1.715808	-0.190164	2.879235	93.827324
311.156000	14713979.000000	0.526094	0.931954	-1.715837	-0.137830	2.885267	93.820610
311.205000	14713985.000000	0.526051	0.931888	-1.715810	-0.153079	2.878667	93.815239
311.255000	14713991.000000	0.526088	0.931954	-1.715830	-0.134660	2.838002	93.840767
311.305000	14713997.000000	0.526095	0.931899	-1.715786	-0.164937	2.895440	93.821907
311.368000	14714004.000000	0.526068	0.931940	-1.715820	-0.196958	2.837457	93.844131
311.406000	14714009.000000	0.526082	0.932036	-1.715795	-0.519697	2.510862	93.814880
311.455000	14714015.000000	0.526099	0.931925	-1.715821	-0.168998	2.846777	93.836113
311.505000	14714021.000000	0.526116	0.932052	-1.715799	-0.514199	2.631716	93.800896
311.555000	14714027.000000	0.526091	0.931933	-1.715817	-0.167939	2.848921	93.830269
311.605000	14714033.000000	0.526111	0.932023	-1.715811	-0.538922	2.594621	93.802681
311.656000	14714039.000000	0.526064	0.931929	-1.715826	-0.112701	2.811795	93.814102
311.705000	14714045.000000	0.526079	0.931916	-1.715833	-0.196386	2.814411	93.807343
311.755000	14714051.000000	0.526098	0.932045	-1.715812	-0.482932	2.527595	93.787621
311.805000	14714057.000000	0.526066	0.931933	-1.715810	-0.176093	2.846411	93.810608
311.855000	14714063.000000	0.526076	0.932011	-1.715817	-0.501687	2.591253	93.803398
311.906000	14714069.000000	0.526065	0.931928	-1.715814	-0.161237	2.903096	93.812096
311.955000	14714075.000000	0.526092	0.932064	-1.715800	-0.439559	2.648324	93.800400
312.005000	14714081.000000	0.526063	0.931930	-1.715824	-0.196865	2.853287	93.825745
312.055000	14714087.000000	0.526078	0.931906	-1.715828	-0.145552	2.911583	93.817719
312.105000	14714093.000000	0.526059	0.932074	-1.715801	-0.471100	2.518961	93.793747
312.156000	14714099.000000	0.526087	0.931921	-1.715830	-0.148553	2.923184	93.837166
312.205000	14714105.000000	0.526083	0.932011	-1.715818	-0.531330	2.562547	93.782639
312.255000	14714111.000000	0.526061	0.932069	-1.715800	-0.506918	2.596865	93.819641
312.305000	14714117.000000	0.526095	0.931886	-1.715821	-0.133200	2.859450	93.820526
312.370000	14714124.000000	0.526089	0.932054	-1.715782	-0.509411	2.639385	93.798134
312.405000	14714129.000000	0.526070	0.932100	-1.715764	-0.450738	2.721303	93.843758
312.456000	14714135.000000	0.526080	0.932029	-1.715808	-0.537636	2.506929	93.789650
312.505000	14714141.000000	0.526103	0.932030	-1.715786	-0.481269	2.559073	93.804253
312.555000	14714147.000000	0.526109	0.931903	-1.715852	-0.194547	2.825927	93.808289
312.608000	14714153.000000	0.526083	0.931905	-1.715823	-0.166177	2.873405	93.817322
312.656000	14714159.000000	0.526059	0.931954	-1.715824	-0.156427	2.830885	93.865822
312.705000	14714165.000000	0.526093	0.932041	-1.715789	-0.448285	2.599405	93.804306
312.755000	14714171.000000	0.526093	0.932049	-1.715771	-0.481926	2.605782	93.811905
312.805000	14714177.000000	0.526082	0.932080	-1.715790	-0.531294	2.602270	93.795052
312.855000	14714182.000000	0.526112	0.932034	-1.715789	-0.429764	2.670495	93.795502
312.906000	14714189.000000	0.526094	0.931894	-1.715818	-0.128431	2.906251	93.841003
312.955000	14714195.000000	0.526071	0.932033	-1.715802	-0.511350	2.580044	93.797607
313.005000	14714201.000000	0.526076	0.931929	-1.715826	-0.159696	2.883404	93.810493
313.055000	14714207.000000	0.526080	0.932003	-1.715808	-0.468422	2.562307	93.791862
313.105000	14714213.000000	0.526100	0.932057	-1.715805	-0.457814	2.598538	93.814392
313.156000	14714219.000000	0.526101	0.931928	-1.715829	-0.124073	2.845953	93.823586
313.205000	14714225.000000	0.526031	0.931967	-1.715816	-0.100402	2.893075	93.841438
313.255000	14714231.000000	0.526106	0.931928	-1.715851	-0.119891	2.894705	93.829353
313.305000	14714237.000000	0.526091	0.931946	-1.715847	-0.129902	2.838384	93.846886
313.357000	14714243.000000	0.526100	0.932040	-1.715825	-0.553682	2.606827	93.803154
313.405000	14714249.000000	0.526105	0.931922	-1.715850	-0.135268	2.833667	93.817307
313.457000	14714255.000000	0.526103	0.931912	-1.715843	-0.130608	2.837154	93.822235
313.505000	14714261.000000	0.526106	0.931915	-1.715851	-0.191094	2.822746	93.813599
313.555000	14714266.000000	0.526100	0.932042	-1.715805	-0.507935	2.552974	93.802872
313.605000	14714273.000000	0.526087	0.931965	-1.715832	-0.089215	2.943486	93.850067
313.656000	14714279.000000	0.526089	0.931873	-1.715864	-0.214892	2.831389	93.801109
313.705000	14714285.000000	0.526091	0.932043	-1.715813	-0.446786	2.687068	93.801010
313.755000	14714291.000000	0.526116	0.932074	-1.715806	-0.526900	2.719628	93.839172
313.816000	14714298.000000	0.526073	0.931931	-1.715822	-0.157837	2.909285	93.831268
313.856000	14714303.000000	0.526087	0.932049	-1.715814	-0.471585	2.578621	93.790733
313.905000	14714309.000000	0.526065	0.931924	-1.715816	-0.096217	2.884301	93.838936
313.956000	14714315.000000	0.526067	0.931938	-1.715837	-0.139030	2.887215	93.818153
314.005000	14714321.000000	0.526110	0.932032	-1.715803	-0.463262	2.583774	93.809212
314.055000	14714327.000000	0.526104	0.931933	-1.715808	-0.104987	2.832193	93.842751
314.105000	14714333.000000	0.526107	0.932043	-1.715807	-0.479412	2.640189	93.817642
314.156000	14714339.000000	0.526112	0.932043	-1.715780	-0.490149	2.643225	93.794075
314.205000	14714344.000000	0.526078	0.931934	-1.715840	-0.183628	2.868833	93.830444
314.255000	14714351.000000	0.526098	0.931931	-1.715809	-0.197951	2.887836	93.827415
314.305000	14714357.000000	0.526119	0.931910	-1.715834	-0.143167	2.910884	93.829254
314.386000	14714366.000000	0.526093	0.931955	-1.715818	-0.149842	2.959785	93.825546
314.405000	14714369.000000	0.526120	0.931922	-1.715807	-0.110740	2.856448	93.832062
314.456000	14714375.000000	0.526119	0.932075	-1.715807	-0.524588	2.630045	93.803474
314.505000	14714381.000000	0.526078	0.931896	-1.715839	-0.167991	2.851502	93.807343
314.555000	14714387.000000	0.526133	0.932098	-1.715811	-0.487111	2.619497	93.810280
314.607000	14714393.000000	0.526074	0.931920	-1.715832	-0.190233	2.833868	93.842110
314.655000	14714399.000000	0.526085	0.931922	-1.715817	-0.138134	2.951114	93.824364
314.706000	14714405.000000	0.526107	0.932042	-1.715820	-0.514438	2.557932	93.792290
314.757000	14714411.000000	0.526062	0.931901	-1.715849	-0.144951	2.878040	93.825867
314.806000	14714417.000000	0.526112	0.932071	-1.715792	-0.462038	2.579623	93.825890
314.856000	14714423.000000	0.526063	0.932062	-1.715803	-0.489018	2.567924	93.775452
