%time	0	1	2	3	4	5	6
1264.502000	-431602080.000000	-431602080.000000	-431602080.000000	-431602080.000000	135.000000	-0.000000	135.000000
1264.542000	5025894.000000	-2.348445	0.927921	1.497333	-0.268186	-1.603327	2.986825
1264.592000	5025900.000000	-2.348365	0.927947	1.497386	-0.194424	-1.775367	3.023822
1264.643000	5025906.000000	-2.348399	0.927905	1.497320	-0.195703	-1.565446	2.998290
1264.692000	5025912.000000	-2.348477	0.927958	1.497336	-0.192289	-1.603721	3.017365
1264.743000	5025918.000000	-2.348819	0.927746	1.497204	-0.363311	-1.557622	3.038036
1264.793000	5025924.000000	-2.348756	0.927750	1.497221	-0.281568	-1.743998	3.053073
1264.843000	5025930.000000	-2.348673	0.927805	1.497182	-0.214911	-1.651644	3.037817
1264.893000	5025936.000000	-2.348690	0.927745	1.497209	-0.313103	-1.670946	3.050709
1264.942000	5025942.000000	-2.348516	0.927872	1.497311	-0.293890	-1.536164	2.996752
1264.993000	5025948.000000	-2.348560	0.927872	1.497336	-0.260882	-1.623880	3.021723
1265.043000	5025954.000000	-2.348495	0.927923	1.497356	-0.134821	-1.703800	2.996627
1265.093000	5025960.000000	-2.348435	0.927942	1.497332	-0.066448	-1.596932	3.011348
1265.143000	5025966.000000	-2.348493	0.927868	1.497338	-0.207153	-1.698341	3.011350
1265.192000	5025972.000000	-2.348740	0.927872	1.497199	-0.327867	-1.610976	3.040721
1265.243000	5025978.000000	-2.348519	0.927975	1.497328	-0.220846	-1.483473	2.991688
1265.293000	5025984.000000	-2.348474	0.927967	1.497321	-0.218311	-1.498056	3.020723
1265.343000	5025990.000000	-2.348473	0.927926	1.497344	-0.187941	-1.698266	2.995838
1265.393000	5025996.000000	-2.348495	0.927899	1.497303	-0.313411	-1.580850	3.031458
1265.442000	5026002.000000	-2.348507	0.927922	1.497366	-0.157189	-1.720776	3.004232
1265.493000	5026008.000000	-2.348459	0.927983	1.497346	-0.154252	-1.585380	2.997471
1265.543000	5026014.000000	-2.348681	0.927880	1.497185	-0.115848	-1.533804	3.055666
1265.593000	5026020.000000	-2.348464	0.927915	1.497349	-0.274821	-1.737874	3.013535
1265.643000	5026026.000000	-2.348495	0.927963	1.497327	-0.288747	-1.577985	2.991337
1265.692000	5026032.000000	-2.348515	0.927868	1.497308	-0.310275	-1.577838	3.001109
1265.743000	5026038.000000	-2.348481	0.927938	1.497313	-0.119102	-1.552839	3.019527
1265.793000	5026044.000000	-2.348476	0.927901	1.497334	-0.373084	-1.613778	3.012860
1265.843000	5026050.000000	-2.348732	0.927795	1.497200	-0.371400	-1.580423	3.046027
1265.893000	5026056.000000	-2.348505	0.927916	1.497330	-0.209023	-1.583620	3.010560
1265.942000	5026062.000000	-2.348736	0.927809	1.497179	-0.117073	-1.558025	3.026550
1265.993000	5026068.000000	-2.348698	0.927847	1.497201	-0.150632	-1.573303	3.053050
1266.043000	5026074.000000	-2.348487	0.927902	1.497324	-0.304139	-1.573265	3.021926
1266.093000	5026080.000000	-2.348551	0.927921	1.497346	-0.336077	-1.758672	2.983200
1266.143000	5026086.000000	-2.348778	0.927810	1.497215	-0.231009	-1.573678	3.021742
1266.192000	5026092.000000	-2.348509	0.927904	1.497337	-0.371315	-1.544069	3.020557
1266.243000	5026098.000000	-2.348467	0.927948	1.497317	-0.234439	-1.639875	3.018152
1266.293000	5026104.000000	-2.348538	0.928003	1.497371	-0.144713	-1.625404	2.973400
1266.343000	5026110.000000	-2.348761	0.927827	1.497358	-0.302767	-1.491586	3.000007
1266.393000	5026116.000000	-2.348881	0.927839	1.497392	-0.189195	-1.584180	2.985786
1266.442000	5026122.000000	-2.349241	0.927623	1.497146	-0.253934	-1.582924	3.061734
1266.493000	5026128.000000	-2.349264	0.927676	1.497249	-0.106231	-1.405339	2.945882
1266.543000	5026134.000000	-2.349692	0.927672	1.497544	0.171043	-1.618251	2.954706
1266.593000	5026140.000000	-2.350629	0.927433	1.497369	0.259328	-2.410549	2.918540
1266.643000	5026146.000000	-2.352254	0.927261	1.497193	-0.109968	-1.948099	2.879959
1266.692000	5026152.000000	-2.354432	0.927497	1.497216	-0.092363	-1.853460	2.916410
1266.743000	5026158.000000	-2.357260	0.927577	1.496979	-0.196208	-1.324739	2.938292
1266.793000	5026164.000000	-2.360775	0.927262	1.496975	0.511009	-2.860178	2.827215
1266.843000	5026170.000000	-2.364774	0.927746	1.496879	-0.151442	-1.996229	2.760628
1266.893000	5026176.000000	-2.369470	0.927571	1.496690	0.739685	-2.863257	2.839697
1266.942000	5026182.000000	-2.374258	0.927854	1.497053	0.376806	-2.963434	2.849407
1266.993000	5026188.000000	-2.379346	0.928341	1.497502	0.147775	-1.474540	2.717974
1267.043000	5026194.000000	-2.385206	0.928433	1.497876	0.014851	-1.457954	2.725242
1267.093000	5026200.000000	-2.391149	0.928296	1.498721	0.228205	-2.207638	2.729498
1267.143000	5026206.000000	-2.397056	0.928692	1.499571	-0.350201	-1.356405	2.727859
1267.192000	5026212.000000	-2.403247	0.929053	1.499788	-0.518470	-0.284064	2.780524
1267.243000	5026218.000000	-2.409528	0.929046	1.500259	-0.339777	-1.137960	2.702299
1267.293000	5026224.000000	-2.415936	0.929099	1.501099	-0.128740	-1.030328	2.691563
1267.343000	5026230.000000	-2.422275	0.929180	1.501248	-0.546972	-1.334152	2.625745
1267.393000	5026236.000000	-2.428903	0.929127	1.501124	-0.603890	-1.327493	2.626023
1267.442000	5026242.000000	-2.435355	0.929236	1.501493	-0.524840	-1.587070	2.666656
1267.493000	5026248.000000	-2.441516	0.929327	1.502131	-0.363693	-1.203175	2.665693
1267.543000	5026254.000000	-2.447792	0.929638	1.502970	-0.172142	-2.048468	2.769180
1267.593000	5026260.000000	-2.454582	0.929094	1.503881	-0.433154	-2.212123	2.822361
1267.643000	5026266.000000	-2.460590	0.929544	1.505179	-0.717844	-1.444417	2.814508
1267.692000	5026272.000000	-2.467046	0.929493	1.506124	-0.540534	-1.275195	3.021468
1267.743000	5026278.000000	-2.473144	0.929609	1.507349	-0.246621	-2.031418	3.014076
1267.793000	5026284.000000	-2.479724	0.929622	1.508114	-0.167163	-1.725889	3.126204
1267.843000	5026290.000000	-2.485998	0.929533	1.508829	-0.271060	-2.142699	3.040141
1267.893000	5026296.000000	-2.492398	0.929654	1.509507	-0.230906	-1.703723	3.131943
1267.942000	5026302.000000	-2.498280	0.929823	1.510206	-0.547620	-1.491497	3.176674
1267.993000	5026308.000000	-2.503963	0.929802	1.510719	-0.366287	-1.726261	3.169209
1268.043000	5026314.000000	-2.509633	0.929685	1.510885	-0.615671	-1.291903	3.324742
1268.093000	5026320.000000	-2.514289	0.929879	1.511652	-0.314121	-1.333556	3.188033
1268.143000	5026326.000000	-2.519084	0.929744	1.512154	-0.021922	-1.655327	3.208241
1268.192000	5026332.000000	-2.523862	0.929845	1.512535	-0.026830	-1.446515	3.210383
1268.243000	5026338.000000	-2.528643	0.929764	1.513153	-0.174413	-1.503070	3.270826
1268.293000	5026344.000000	-2.533542	0.929750	1.513712	-0.146709	-1.657591	3.276025
1268.343000	5026350.000000	-2.538696	0.929493	1.513937	0.169272	-2.391433	3.387012
1268.393000	5026356.000000	-2.543678	0.929584	1.514231	0.257373	-2.362470	3.415481
1268.442000	5026362.000000	-2.548321	0.929784	1.514816	0.228594	-2.128548	3.296919
1268.493000	5026368.000000	-2.553282	0.930005	1.515493	-0.068017	-1.065291	3.292833
1268.543000	5026374.000000	-2.558398	0.930050	1.515984	-0.088154	-1.498599	3.295726
1268.593000	5026380.000000	-2.563767	0.930009	1.516267	-0.031815	-1.475863	3.345592
1268.643000	5026386.000000	-2.568908	0.929849	1.516868	0.231469	-1.913943	3.386355
1268.692000	5026392.000000	-2.573766	0.930234	1.517237	-0.306378	-0.652327	3.302583
1268.743000	5026398.000000	-2.578868	0.930160	1.517376	-0.282231	-1.339867	3.508962
1268.793000	5026404.000000	-2.583339	0.930272	1.517882	-0.350058	-1.186213	3.369824
1268.843000	5026410.000000	-2.588032	0.930001	1.518394	-0.131185	-1.614809	3.502604
1268.893000	5026416.000000	-2.592437	0.930134	1.518814	-0.121517	-1.223871	3.465820
1268.942000	5026422.000000	-2.597150	0.930184	1.518925	-0.179540	-1.285323	3.363979
1268.993000	5026428.000000	-2.602144	0.930040	1.519225	-0.468534	-1.340163	3.376526
1269.043000	5026434.000000	-2.607208	0.929960	1.519770	-0.107520	-2.150840	3.435613
1269.093000	5026440.000000	-2.612446	0.930079	1.520041	0.044942	-2.420482	3.411136
1269.143000	5026446.000000	-2.618138	0.930451	1.520197	0.018892	-2.474574	3.418215
1269.192000	5026452.000000	-2.624004	0.930392	1.520402	-0.256285	-2.281852	3.540850
1269.243000	5026458.000000	-2.629936	0.930350	1.520894	0.149992	-2.219198	3.411233
1269.293000	5026464.000000	-2.636524	0.930371	1.521768	-0.088290	-1.794824	3.401692
1269.343000	5026470.000000	-2.643642	0.930211	1.522615	0.076448	-2.229746	3.451385
1269.393000	5026476.000000	-2.651050	0.930278	1.523180	-0.192535	-1.337868	3.456074
1269.442000	5026482.000000	-2.659104	0.930022	1.523179	-0.269532	-1.038133	3.408118
1269.493000	5026488.000000	-2.666703	0.930066	1.523571	-0.111671	-1.595164	3.280876
1269.543000	5026494.000000	-2.674578	0.930223	1.523164	-0.285589	-1.513174	3.204597
1269.593000	5026500.000000	-2.682539	0.930109	1.522846	0.059749	-2.200556	3.101974
1269.643000	5026506.000000	-2.690186	0.930332	1.523011	-0.025325	-1.741586	2.998431
1269.692000	5026512.000000	-2.697571	0.930399	1.523614	0.106921	-1.606217	3.054903
1269.743000	5026518.000000	-2.704709	0.930233	1.524415	0.313099	-1.922346	2.956583
1269.793000	5026524.000000	-2.711476	0.930509	1.524715	-0.016232	-1.660435	2.946983
1269.843000	5026530.000000	-2.718476	0.930244	1.525156	0.602729	-2.832642	3.124737
1269.893000	5026536.000000	-2.724876	0.930725	1.525541	-0.183015	-1.318570	2.932638
1269.942000	5026542.000000	-2.732060	0.930442	1.525165	-0.122293	-1.775451	2.948692
1269.993000	5026548.000000	-2.738936	0.930335	1.525146	-0.253502	-1.537289	2.948234
1270.043000	5026554.000000	-2.745271	0.930528	1.525401	0.648524	-1.320122	2.762234
1270.093000	5026560.000000	-2.752528	0.930633	1.525563	-0.122285	-1.573709	2.971981
1270.143000	5026566.000000	-2.759835	0.930758	1.526146	0.423466	-1.700628	2.924726
1270.192000	5026572.000000	-2.766980	0.931010	1.526660	-0.191040	-1.376861	2.849750
1270.243000	5026578.000000	-2.774464	0.931199	1.527167	-0.423907	-1.364705	2.955659
1270.293000	5026584.000000	-2.782257	0.930986	1.528051	0.468609	-2.343315	2.930684
1270.343000	5026590.000000	-2.790223	0.930947	1.528858	0.352479	-2.536542	3.049645
1270.393000	5026596.000000	-2.798333	0.931057	1.529643	-0.128213	-2.037745	3.061484
1270.442000	5026602.000000	-2.806533	0.931310	1.530414	-0.278129	-1.545643	3.027725
1270.493000	5026608.000000	-2.814877	0.931274	1.530899	0.350715	-2.814618	3.072122
1270.543000	5026614.000000	-2.823200	0.931341	1.531306	0.861886	-3.017937	3.146052
1270.593000	5026620.000000	-2.831441	0.931693	1.531952	0.228785	-2.890742	3.153465
1270.643000	5026626.000000	-2.839775	0.932166	1.532484	0.201034	-1.660113	3.096762
1270.692000	5026632.000000	-2.848119	0.932160	1.532996	-0.144229	-1.589512	3.111688
1270.743000	5026638.000000	-2.856010	0.932149	1.533674	-0.390686	-1.663506	3.033126
1270.793000	5026644.000000	-2.864300	0.932380	1.534200	-0.219560	-1.611694	3.084920
1270.843000	5026650.000000	-2.872236	0.931975	1.535036	0.742647	-3.231081	3.191656
1270.893000	5026656.000000	-2.879832	0.931872	1.535669	0.388863	-2.442075	3.214797
1270.942000	5026662.000000	-2.887290	0.932214	1.536230	-0.234556	-1.728515	3.218817
1270.993000	5026668.000000	-2.894304	0.932364	1.537023	-0.106014	-2.078992	3.174270
1271.043000	5026674.000000	-2.901727	0.932429	1.537337	0.045307	-1.594349	3.274498
1271.093000	5026680.000000	-2.908737	0.932540	1.537541	0.317618	-2.264118	3.156133
1271.143000	5026686.000000	-2.915331	0.932823	1.537933	0.096520	-1.727078	3.238429
1271.192000	5026692.000000	-2.921725	0.932819	1.538298	0.519085	-2.128164	3.281856
1271.243000	5026698.000000	-2.927894	0.933231	1.538447	0.066423	-1.364497	3.228687
1271.293000	5026704.000000	-2.934423	0.932788	1.538866	0.486767	-2.592538	3.368407
1271.343000	5026710.000000	-2.940850	0.933007	1.539499	0.386943	-2.868634	3.328118
1271.393000	5026716.000000	-2.947621	0.932985	1.540015	-0.437964	-1.311031	3.272192
1271.442000	5026722.000000	-2.954776	0.932962	1.540678	0.305606	-2.581563	3.315304
1271.493000	5026728.000000	-2.962157	0.932898	1.541332	0.006742	-2.525379	3.286704
1271.543000	5026734.000000	-2.969458	0.933044	1.541967	-0.156980	-1.449579	3.321515
1271.593000	5026740.000000	-2.976979	0.932962	1.542575	0.388142	-2.971954	3.361829
1271.643000	5026746.000000	-2.984161	0.933363	1.542933	-0.258454	-1.702020	3.222887
1271.692000	5026752.000000	-2.992022	0.933133	1.543196	0.465865	-2.758482	3.426332
1271.743000	5026758.000000	-2.999021	0.933216	1.543875	0.796688	-2.456407	3.316869
1271.793000	5026764.000000	-3.006315	0.933059	1.544458	0.724011	-2.794404	3.419853
1271.843000	5026770.000000	-3.012647	0.933343	1.545317	0.323703	-2.002985	3.171006
1271.893000	5026776.000000	-3.019646	0.933171	1.545211	0.389409	-1.225607	3.319973
1271.942000	5026782.000000	-3.026207	0.933370	1.545669	-0.006257	-2.197670	3.157667
1271.993000	5026788.000000	-3.033800	0.933211	1.545649	0.155617	-1.581629	3.181522
1272.043000	5026794.000000	-3.041572	0.933204	1.545536	0.618836	-2.168889	3.160773
1272.093000	5026800.000000	-3.049392	0.933259	1.545533	0.367079	-1.265523	3.143408
1272.143000	5026806.000000	-3.057650	0.933458	1.546136	0.248994	-1.588750	3.138298
1272.192000	5026812.000000	-3.066313	0.933344	1.546716	0.313838	-1.711787	3.087361
1272.243000	5026818.000000	-3.074955	0.933704	1.546845	0.254451	-1.489030	3.056943
1272.293000	5026824.000000	-3.083901	0.933705	1.547139	0.200263	-1.709160	3.012147
1272.343000	5026830.000000	-3.093170	0.933579	1.547512	0.723423	-2.753005	3.136774
1272.393000	5026836.000000	-3.102376	0.933578	1.547769	0.872269	-2.665947	3.070032
1272.442000	5026842.000000	-3.111445	0.933943	1.548096	0.464174	-2.349364	2.949883
1272.493000	5026848.000000	-3.120474	0.934121	1.548072	0.350665	-2.103761	2.902107
1272.543000	5026854.000000	-3.129593	0.934263	1.547908	0.809097	-2.965286	2.951663
1272.593000	5026860.000000	-3.138622	0.934290	1.548090	1.145679	-2.925309	2.902964
1272.643000	5026866.000000	-3.147434	0.934511	1.548372	1.021952	-2.915058	2.984308
1272.692000	5026872.000000	-3.156111	0.934884	1.548348	0.705668	-2.050388	2.743396
1272.743000	5026878.000000	-3.164747	0.934987	1.548552	0.621128	-1.887864	2.735041
1272.793000	5026884.000000	-3.173211	0.935007	1.548911	0.487558	-1.966157	2.711807
1272.843000	5026890.000000	-3.181583	0.934989	1.549238	0.645502	-2.638796	2.871488
1272.893000	5026896.000000	-3.189513	0.935236	1.549377	0.614227	-1.986731	2.691135
1272.942000	5026902.000000	-3.197222	0.935573	1.549448	0.389456	-2.104718	2.681097
1272.993000	5026908.000000	-3.204763	0.935619	1.549653	0.281297	-2.235370	2.728173
1273.043000	5026914.000000	-3.212134	0.935532	1.549918	0.643173	-1.691935	2.673569
1273.093000	5026920.000000	-3.219277	0.935882	1.549996	0.253773	-2.015676	2.675690
1273.143000	5026926.000000	-3.226030	0.936055	1.550252	-0.155089	-1.934849	2.512760
1273.192000	5026932.000000	-3.233577	0.936029	1.550227	0.371929	-2.370683	2.676157
1273.243000	5026938.000000	-3.240725	0.936316	1.550702	0.673155	-2.075088	2.703534
1273.293000	5026944.000000	-3.248503	0.936024	1.551115	0.659142	-2.710132	2.847854
1273.343000	5026950.000000	-3.256016	0.936157	1.551791	0.164267	-2.509893	2.756578
1273.393000	5026956.000000	-3.264099	0.935955	1.552342	0.472791	-2.803288	2.881098
1273.442000	5026962.000000	-3.272210	0.935762	1.552543	0.711505	-3.297286	3.016343
1273.493000	5026968.000000	-3.279984	0.936097	1.553166	0.667282	-3.123405	2.925863
1273.543000	5026974.000000	-3.287654	0.936514	1.553697	-0.317367	-2.740371	2.783301
1273.593000	5026980.000000	-3.296151	0.936142	1.553615	0.380659	-3.710123	3.143018
1273.643000	5026986.000000	-3.304298	0.936253	1.554268	0.618416	-2.762112	2.861468
1273.692000	5026992.000000	-3.312458	0.936319	1.554926	0.795732	-2.780705	2.849122
1273.743000	5026998.000000	-3.320568	0.936350	1.555641	0.713575	-2.871764	2.916120
1273.793000	5027004.000000	-3.328451	0.936730	1.555818	0.584292	-2.606380	2.970025
1273.843000	5027010.000000	-3.336665	0.936625	1.555990	0.719325	-2.727716	2.987787
1273.893000	5027016.000000	-3.344881	0.936507	1.556425	0.600025	-2.601645	2.923851
1273.942000	5027022.000000	-3.352956	0.936617	1.556298	0.341541	-3.138773	3.099029
1273.993000	5027028.000000	-3.361356	0.936650	1.556404	0.423704	-2.847428	2.959514
1274.043000	5027034.000000	-3.369860	0.936548	1.556898	0.696523	-2.740268	2.962762
1274.093000	5027040.000000	-3.378160	0.936662	1.557342	0.672047	-3.133691	2.987913
1274.143000	5027046.000000	-3.386482	0.936639	1.557536	0.746209	-2.951804	2.977638
1274.192000	5027052.000000	-3.394719	0.936744	1.557904	0.802382	-3.126203	2.984545
1274.243000	5027058.000000	-3.403239	0.936726	1.558332	0.674844	-3.218745	2.882532
1274.293000	5027064.000000	-3.411541	0.936747	1.558757	0.598347	-3.315924	2.910869
1274.343000	5027070.000000	-3.419809	0.936814	1.559003	0.539400	-3.422749	2.918704
1274.393000	5027076.000000	-3.428039	0.937018	1.558997	0.520461	-3.110779	2.797802
1274.442000	5027082.000000	-3.436255	0.937000	1.559126	0.519917	-2.622848	2.844159
1274.493000	5027088.000000	-3.444387	0.937232	1.559432	0.451941	-2.820661	2.904107
1274.543000	5027094.000000	-3.452512	0.937374	1.559961	0.508644	-3.022493	2.947395
1274.593000	5027100.000000	-3.460785	0.937394	1.560236	0.272027	-2.870956	2.950204
1274.643000	5027106.000000	-3.469408	0.937459	1.560119	0.320420	-2.837886	2.959917
1274.692000	5027112.000000	-3.478072	0.937545	1.560444	0.243576	-2.875581	2.941579
1274.743000	5027118.000000	-3.486742	0.937637	1.561180	0.170700	-2.760342	2.921452
1274.793000	5027124.000000	-3.495426	0.937876	1.561390	-0.054987	-2.833977	3.060252
1274.843000	5027130.000000	-3.504467	0.937841	1.561285	0.307881	-2.842726	2.940647
1274.893000	5027136.000000	-3.513110	0.938085	1.561534	0.459220	-2.917526	2.982081
1274.942000	5027142.000000	-3.521710	0.938268	1.562040	0.239551	-3.049890	3.179082
1274.993000	5027148.000000	-3.530170	0.938498	1.562255	0.084126	-2.770884	2.997212
1275.043000	5027154.000000	-3.538529	0.938802	1.562131	0.055750	-3.047276	3.171864
1275.093000	5027160.000000	-3.547237	0.938619	1.562478	0.017652	-3.493229	3.345440
1275.143000	5027166.000000	-3.555911	0.938551	1.563593	0.031889	-2.748297	3.133532
1275.192000	5027172.000000	-3.564688	0.938585	1.563929	0.010891	-2.012112	3.138478
1275.243000	5027178.000000	-3.573442	0.938698	1.564332	0.024354	-2.178219	3.135311
1275.293000	5027184.000000	-3.581945	0.938823	1.564775	0.171408	-2.688941	3.184807
1275.343000	5027190.000000	-3.590451	0.938937	1.565272	-0.381617	-2.850462	3.238450
1275.393000	5027196.000000	-3.598796	0.939093	1.565445	-0.330986	-2.803089	3.363188
1275.442000	5027202.000000	-3.607165	0.939298	1.565934	-0.579114	-2.393238	3.212341
1275.493000	5027208.000000	-3.615436	0.939485	1.566830	-0.705796	-1.870219	3.121458
1275.543000	5027214.000000	-3.623945	0.939518	1.567495	-0.382569	-1.943378	3.030428
1275.593000	5027220.000000	-3.632359	0.939544	1.567784	-0.437978	-2.176364	3.130810
1275.643000	5027226.000000	-3.641105	0.939728	1.567940	-0.558063	-2.263589	3.184706
1275.692000	5027232.000000	-3.650444	0.939501	1.568128	-0.633411	-1.887577	3.330703
1275.743000	5027238.000000	-3.659552	0.939930	1.568236	-0.753219	-1.799963	3.355622
1275.793000	5027244.000000	-3.669184	0.939937	1.568339	-0.452024	-2.081046	3.289476
1275.843000	5027250.000000	-3.678871	0.939886	1.569209	-0.436375	-2.393457	3.254196
1275.893000	5027256.000000	-3.688247	0.940294	1.569898	-0.383605	-2.391206	3.333276
1275.942000	5027262.000000	-3.698188	0.940369	1.570126	-0.929976	-2.357779	3.411621
1275.993000	5027268.000000	-3.707919	0.940367	1.570604	-0.886419	-2.232677	3.236423
1276.043000	5027274.000000	-3.717417	0.940423	1.571216	-0.760662	-2.379781	3.235201
1276.093000	5027280.000000	-3.727017	0.940469	1.571590	-0.513126	-2.670639	3.418024
1276.143000	5027286.000000	-3.736493	0.940759	1.571756	-0.631265	-2.663330	3.404723
1276.192000	5027292.000000	-3.746099	0.940146	1.572002	0.564538	-1.311637	3.035629
1276.243000	5027298.000000	-3.755460	0.940720	1.572514	-0.567581	-2.388088	2.918893
1276.293000	5027305.000000	-3.766468	0.940853	1.572776	-0.215364	-2.175920	2.998484
1276.343000	5027310.000000	-3.774142	0.940804	1.572693	-0.617606	-2.474494	2.978870
1276.393000	5027316.000000	-3.783140	0.941019	1.573150	-0.482500	-2.292333	3.052627
1276.442000	5027322.000000	-3.792066	0.941311	1.573874	-0.291956	-1.890486	2.953563
1276.493000	5027328.000000	-3.800875	0.941327	1.574137	-0.486130	-1.919441	2.964712
1276.543000	5027334.000000	-3.809516	0.941641	1.574241	-0.061122	-1.938444	2.983983
1276.593000	5027340.000000	-3.817908	0.941746	1.574563	-0.246931	-1.952304	2.984776
1276.643000	5027346.000000	-3.826121	0.941936	1.575008	-0.052690	-1.911029	3.008681
1276.692000	5027352.000000	-3.834294	0.942003	1.574882	-0.094955	-2.325409	3.184454
1276.743000	5027358.000000	-3.842359	0.942317	1.574942	-0.070356	-2.106164	2.914605
1276.793000	5027364.000000	-3.850560	0.942205	1.575760	0.105793	-2.566900	2.875098
1276.843000	5027370.000000	-3.859242	0.942166	1.576296	-0.006907	-2.364888	2.881316
1276.893000	5027376.000000	-3.868234	0.942189	1.576654	0.041932	-2.320505	2.827770
1276.942000	5027382.000000	-3.877488	0.942154	1.576978	0.091488	-2.936628	2.995480
1276.993000	5027388.000000	-3.886519	0.942233	1.577354	-0.182937	-3.077305	2.984704
1277.043000	5027394.000000	-3.895595	0.942279	1.577478	-0.248839	-2.912064	2.936501
1277.093000	5027400.000000	-3.904693	0.942632	1.577606	-0.320914	-2.591687	2.880436
1277.143000	5027406.000000	-3.913600	0.942685	1.578108	-0.045910	-2.932221	2.827889
1277.192000	5027412.000000	-3.922418	0.942774	1.578597	0.044501	-2.853732	2.820335
1277.243000	5027419.000000	-3.932658	0.942701	1.579238	0.211784	-2.072489	2.760483
1277.293000	5027424.000000	-3.939764	0.942819	1.579311	-0.018723	-2.469632	2.766480
1277.343000	5027430.000000	-3.947757	0.941279	1.579689	3.905221	1.463009	0.846702
1277.393000	5027436.000000	-3.956609	0.941328	1.579765	4.114749	1.929212	0.793831
1277.442000	5027442.000000	-3.965312	0.941163	1.579595	4.858101	2.140279	0.659971
1277.493000	5027448.000000	-3.972771	0.941682	1.579928	3.838005	1.043692	0.787158
1277.543000	5027454.000000	-3.972771	0.941682	1.579928	3.838005	1.043692	0.787158
1277.593000	5027460.000000	-3.972771	0.941682	1.579928	3.838005	1.043692	0.787158
1277.643000	5027466.000000	-3.999034	0.941939	1.580873	4.025432	1.366419	0.720749
1277.692000	5027472.000000	-4.007460	0.941597	1.580992	4.424436	1.537309	0.663965
1277.743000	5027478.000000	-4.015907	0.941773	1.581384	4.336371	1.461491	0.687969
1277.793000	5027484.000000	-4.020138	0.941852	1.581571	4.183901	1.279328	0.686602
1277.843000	5027491.000000	-4.020138	0.941852	1.581571	4.183901	1.279328	0.686602
1277.893000	5027496.000000	-4.020138	0.941852	1.581571	4.183901	1.279328	0.686602
1277.942000	5027502.000000	-4.020138	0.941852	1.581571	4.183901	1.279328	0.686602
1277.993000	5027509.000000	-4.020138	0.941852	1.581571	4.183901	1.279328	0.686602
1278.043000	5027514.000000	-4.020138	0.941852	1.581571	4.183901	1.279328	0.686602
1278.093000	5027520.000000	-4.020138	0.941852	1.581571	4.183901	1.279328	0.686602
1278.143000	5027526.000000	-4.020138	0.941852	1.581571	4.183901	1.279328	0.686602
1278.192000	5027532.000000	-4.020138	0.941852	1.581571	4.183901	1.279328	0.686602
1278.243000	5027538.000000	-4.020138	0.941852	1.581571	4.183901	1.279328	0.686602
1278.293000	5027544.000000	-4.020138	0.941852	1.581571	4.183901	1.279328	0.686602
1278.343000	5027550.000000	-4.020138	0.941852	1.581571	4.183901	1.279328	0.686602
1278.393000	5027556.000000	-4.020138	0.941852	1.581571	4.183901	1.279328	0.686602
1278.442000	5027562.000000	-4.020138	0.941852	1.581571	4.183901	1.279328	0.686602
1278.493000	5027568.000000	-4.020138	0.941852	1.581571	4.183901	1.279328	0.686602
1278.543000	5027574.000000	-4.020138	0.941852	1.581571	4.183901	1.279328	0.686602
1278.593000	5027580.000000	-4.020138	0.941852	1.581571	4.183901	1.279328	0.686602
1278.643000	5027586.000000	-4.020138	0.941852	1.581571	4.183901	1.279328	0.686602
1278.692000	5027592.000000	-4.020138	0.941852	1.581571	4.183901	1.279328	0.686602
1278.743000	5027598.000000	-4.020138	0.941852	1.581571	4.183901	1.279328	0.686602
1278.793000	5027605.000000	-4.020138	0.941852	1.581571	4.183901	1.279328	0.686602
1278.843000	5027610.000000	-4.020138	0.941852	1.581571	4.183901	1.279328	0.686602
1278.893000	5027616.000000	-4.020138	0.941852	1.581571	4.183901	1.279328	0.686602
1278.942000	5027622.000000	-4.020138	0.941852	1.581571	4.183901	1.279328	0.686602
1278.993000	5027628.000000	-4.020138	0.941852	1.581571	4.183901	1.279328	0.686602
1279.043000	5027634.000000	-4.020138	0.941852	1.581571	4.183901	1.279328	0.686602
1279.093000	5027640.000000	-4.020138	0.941852	1.581571	4.183901	1.279328	0.686602
1279.143000	5027646.000000	-4.020138	0.941852	1.581571	4.183901	1.279328	0.686602
1279.192000	5027652.000000	-4.020138	0.941852	1.581571	4.183901	1.279328	0.686602
1279.243000	5027658.000000	-4.235879	0.945896	1.585974	-0.308227	-2.334748	0.589532
1279.293000	5027664.000000	-4.235879	0.945896	1.585974	-0.308227	-2.334748	0.589532
1279.343000	5027670.000000	-4.235879	0.945896	1.585974	-0.308227	-2.334748	0.589532
1279.393000	5027676.000000	-4.235879	0.945896	1.585974	-0.308227	-2.334748	0.589532
1279.442000	5027682.000000	-4.235879	0.945896	1.585974	-0.308227	-2.334748	0.589532
1279.493000	5027689.000000	-4.235879	0.945896	1.585974	-0.308227	-2.334748	0.589532
1279.543000	5027694.000000	-4.235879	0.945896	1.585974	-0.308227	-2.334748	0.589532
1279.593000	5027700.000000	-4.235879	0.945896	1.585974	-0.308227	-2.334748	0.589532
1279.643000	5027706.000000	-4.235879	0.945896	1.585974	-0.308227	-2.334748	0.589532
1279.692000	5027712.000000	-4.235879	0.945896	1.585974	-0.308227	-2.334748	0.589532
1279.743000	5027718.000000	-4.235879	0.945896	1.585974	-0.308227	-2.334748	0.589532
1279.793000	5027724.000000	-4.235879	0.945896	1.585974	-0.308227	-2.334748	0.589532
1279.843000	5027731.000000	-4.235879	0.945896	1.585974	-0.308227	-2.334748	0.589532
1279.893000	5027736.000000	-4.235879	0.945896	1.585974	-0.308227	-2.334748	0.589532
1279.942000	5027742.000000	-4.235879	0.945896	1.585974	-0.308227	-2.334748	0.589532
1279.993000	5027748.000000	-4.235879	0.945896	1.585974	-0.308227	-2.334748	0.589532
1280.043000	5027754.000000	-4.235879	0.945896	1.585974	-0.308227	-2.334748	0.589532
1280.093000	5027760.000000	-4.337138	0.946678	1.587826	-0.052738	-2.495624	0.274226
1280.143000	5027767.000000	-4.337138	0.946678	1.587826	-0.052738	-2.495624	0.274226
1280.192000	5027772.000000	-4.341910	0.946867	1.587746	-0.447891	-2.131960	0.429041
1280.243000	5027778.000000	-4.341910	0.946867	1.587746	-0.447891	-2.131960	0.429041
1280.293000	5027784.000000	-4.346193	0.946921	1.587808	-0.267689	-2.111093	0.439538
1280.343000	5027790.000000	-4.346193	0.946921	1.587808	-0.267689	-2.111093	0.439538
1280.393000	5027796.000000	-4.346193	0.946921	1.587808	-0.267689	-2.111093	0.439538
1280.442000	5027802.000000	-4.349504	0.946824	1.588008	0.122796	-2.029553	0.307109
1280.493000	5027809.000000	-4.350407	0.946778	1.588058	-0.248262	-2.155293	0.473131
1280.543000	5027814.000000	-4.350407	0.946778	1.588058	-0.248262	-2.155293	0.473131
1280.593000	5027820.000000	-4.350407	0.946778	1.588058	-0.248262	-2.155293	0.473131
1280.643000	5027826.000000	-4.354436	0.946848	1.588528	0.156381	-2.067001	0.352325
1280.692000	5027832.000000	-4.354436	0.946848	1.588528	0.156381	-2.067001	0.352325
1280.743000	5027838.000000	-4.358542	0.946967	1.589095	0.385968	-2.227589	0.386368
1280.793000	5027844.000000	-4.360164	0.947084	1.589308	0.020935	-1.896117	0.581310
1280.843000	5027851.000000	-4.361693	0.946898	1.589307	0.492137	-1.926630	0.464798
1280.893000	5027856.000000	-4.362153	0.946932	1.589363	0.364128	-2.105199	0.366176
1280.942000	5027862.000000	-4.362276	0.946984	1.589345	0.427384	-2.012708	0.349520
1280.993000	5027868.000000	-4.361943	0.946954	1.589376	0.577913	-2.232899	0.421156
1281.043000	5027875.000000	-4.361587	0.947138	1.589260	0.424582	-1.909601	0.452268
1281.093000	5027880.000000	-4.361614	0.947116	1.589288	0.351679	-1.799926	0.486038
1281.143000	5027886.000000	-4.361791	0.946971	1.589328	0.665091	-2.269778	0.422561
1281.192000	5027892.000000	-4.361979	0.946947	1.589346	0.577767	-2.248627	0.392026
1281.243000	5027898.000000	-4.361996	0.946945	1.589328	0.566421	-2.299682	0.385116
1281.293000	5027904.000000	-4.361896	0.946831	1.589334	0.636083	-2.391525	0.386551
1281.343000	5027910.000000	-4.361804	0.946997	1.589306	0.436910	-2.043815	0.454925
1281.393000	5027916.000000	-4.361845	0.947015	1.589285	0.440536	-2.023067	0.457276
1281.442000	5027922.000000	-4.361864	0.946936	1.589325	0.640250	-2.390214	0.365988
1281.493000	5027928.000000	-4.361938	0.946850	1.589307	0.650782	-2.292907	0.453375
1281.543000	5027934.000000	-4.361893	0.946944	1.589295	0.545153	-2.046528	0.450810
1281.593000	5027940.000000	-4.361814	0.946873	1.589311	0.477835	-2.268095	0.431238
1281.643000	5027947.000000	-4.361810	0.947076	1.589301	0.346893	-2.034901	0.459348
1281.692000	5027952.000000	-4.361891	0.946950	1.589310	0.559702	-2.221168	0.444612
1281.743000	5027958.000000	-4.361883	0.946951	1.589351	0.351140	-2.193666	0.458706
1281.793000	5027964.000000	-4.361878	0.947025	1.589341	0.463669	-1.959668	0.443993
1281.843000	5027970.000000	-4.361782	0.946998	1.589313	0.328009	-2.307273	0.437961
1281.893000	5027976.000000	-4.361780	0.946966	1.589317	0.407845	-2.187284	0.439596
1281.942000	5027982.000000	-4.361835	0.946970	1.589333	0.567135	-2.109424	0.466105
1281.993000	5027989.000000	-4.361748	0.947109	1.589306	0.212937	-2.193710	0.441977
1282.043000	5027994.000000	-4.361824	0.946962	1.589333	0.520111	-2.130248	0.454960
1282.093000	5028000.000000	-4.361785	0.946984	1.589326	0.408504	-2.180296	0.437731
1282.143000	5028007.000000	-4.361818	0.946970	1.589304	0.516572	-2.002094	0.439460
1282.192000	5028012.000000	-4.361858	0.946885	1.589332	0.542081	-2.088757	0.460261
1282.243000	5028018.000000	-4.361825	0.947035	1.589314	0.443410	-2.082326	0.453718
1282.293000	5028024.000000	-4.361780	0.947036	1.589290	0.399698	-2.044354	0.446393
1282.343000	5028031.000000	-4.361770	0.947039	1.589329	0.441711	-1.925860	0.447614
1282.393000	5028036.000000	-4.361794	0.947022	1.589329	0.332462	-1.916513	0.465177
1282.442000	5028042.000000	-4.361828	0.946974	1.589325	0.518755	-2.216061	0.437545
1282.493000	5028049.000000	-4.361875	0.947025	1.589325	0.460806	-2.006326	0.483414
1282.543000	5028054.000000	-4.361840	0.947097	1.589302	0.359729	-1.928392	0.419053
1282.593000	5028060.000000	-4.361803	0.947033	1.589307	0.415312	-2.187251	0.452897
1282.643000	5028066.000000	-4.361858	0.946930	1.589284	0.518520	-2.099437	0.435720
1282.692000	5028072.000000	-4.361898	0.946983	1.589314	0.470536	-1.944184	0.447226
1282.743000	5028078.000000	-4.361859	0.946936	1.589335	0.545824	-2.376628	0.386553
1282.793000	5028084.000000	-4.361853	0.946974	1.589305	0.424834	-2.037598	0.458005
1282.843000	5028090.000000	-4.361848	0.947043	1.589312	0.357638	-1.920030	0.471321
1282.893000	5028097.000000	-4.361874	0.947003	1.589303	0.389187	-1.787822	0.448464
1282.942000	5028102.000000	-4.361874	0.947006	1.589324	0.427313	-2.078599	0.467642
1282.993000	5028109.000000	-4.361927	0.946931	1.589321	0.401680	-2.031305	0.474797
1283.043000	5028114.000000	-4.361936	0.946844	1.589306	0.578034	-2.204936	0.423728
1283.093000	5028120.000000	-4.361980	0.946867	1.589299	0.509986	-2.169881	0.474408
1283.143000	5028126.000000	-4.361986	0.946995	1.589319	0.300946	-1.784573	0.464579
1283.192000	5028132.000000	-4.361962	0.946995	1.589329	0.487047	-2.041703	0.453708
1283.243000	5028139.000000	-4.361953	0.946891	1.589324	0.379941	-2.130816	0.369638
1283.293000	5028145.000000	-4.361907	0.946930	1.589347	0.612985	-2.345364	0.389761
1283.343000	5028151.000000	-4.361941	0.946901	1.589305	0.518007	-2.091567	0.452967
1283.393000	5028156.000000	-4.361944	0.946957	1.589294	0.558714	-2.040326	0.446863
1283.442000	5028162.000000	-4.361994	0.946890	1.589318	0.492641	-2.049907	0.453777
1283.493000	5028169.000000	-4.361914	0.946905	1.589325	0.734751	-2.531479	0.382770
1283.543000	5028174.000000	-4.361968	0.947020	1.589311	0.478302	-1.971504	0.480511
1283.593000	5028180.000000	-4.361922	0.946960	1.589353	0.406803	-2.170586	0.379510
1283.643000	5028186.000000	-4.361960	0.946999	1.589273	0.472426	-1.942997	0.435538
1283.692000	5028192.000000	-4.361968	0.946957	1.589315	0.428484	-1.993179	0.448221
1283.743000	5028198.000000	-4.362048	0.946945	1.589296	0.260650	-1.720492	0.480955
1283.793000	5028204.000000	-4.362070	0.946948	1.589304	0.470659	-1.829624	0.411702
1283.843000	5028211.000000	-4.361979	0.946879	1.589334	0.512209	-2.305718	0.411442
1283.893000	5028216.000000	-4.361920	0.947018	1.589280	0.443100	-1.944987	0.444716
1283.942000	5028223.000000	-4.361984	0.946901	1.589298	0.532516	-1.965136	0.452623
1283.993000	5028229.000000	-4.361952	0.946969	1.589292	0.579768	-2.132463	0.381099
1284.043000	5028235.000000	-4.361982	0.946958	1.589292	0.532545	-2.075301	0.434207
1284.093000	5028241.000000	-4.361969	0.946911	1.589319	0.663276	-2.107960	0.390518
1284.143000	5028247.000000	-4.361947	0.946966	1.589258	0.583780	-1.963069	0.460292
1284.192000	5028252.000000	-4.361938	0.946912	1.589312	0.441106	-2.231496	0.437571
1284.243000	5028259.000000	-4.362004	0.946929	1.589327	0.462705	-2.070839	0.357365
1284.293000	5028264.000000	-4.362008	0.946879	1.589314	0.736689	-2.310408	0.382788
1284.343000	5028270.000000	-4.361974	0.946979	1.589323	0.579138	-2.160220	0.408961
1284.393000	5028277.000000	-4.361910	0.946922	1.589315	0.675434	-2.277841	0.372258
1284.442000	5028282.000000	-4.361948	0.946981	1.589273	0.472980	-1.896846	0.449285
1284.493000	5028289.000000	-4.361964	0.946924	1.589302	0.482599	-2.202666	0.419047
1284.543000	5028295.000000	-4.361969	0.946946	1.589295	0.414349	-2.036121	0.474422
1284.593000	5028301.000000	-4.361917	0.946951	1.589287	0.507467	-2.189853	0.411490
