%time	0	1	2	3	4	5	6
1077.319000	-431602080.000000	-431602080.000000	-431602080.000000	-431602080.000000	135.000000	-0.000000	135.000000
1077.359000	5332260.000000	-2.821639	0.932828	1.017851	-0.872991	-0.850568	3.262213
1077.409000	5332266.000000	-2.821629	0.932857	1.017853	-0.815352	-0.608158	3.240688
1077.458000	5332272.000000	-2.821625	0.932825	1.017872	-0.643250	-0.752813	3.235705
1077.509000	5332278.000000	-2.821556	0.933036	1.017941	-0.718694	-0.663548	3.216651
1077.558000	5332284.000000	-2.821594	0.933034	1.017912	-0.888216	-0.502860	3.230795
1077.608000	5332290.000000	-2.821609	0.932963	1.017889	-0.615193	-0.633752	3.231410
1077.658000	5332296.000000	-2.821611	0.932953	1.017872	-0.844154	-0.884600	3.244857
1077.709000	5332302.000000	-2.821654	0.932840	1.017830	-0.794572	-0.914657	3.248731
1077.758000	5332308.000000	-2.821665	0.932790	1.017875	-0.855882	-1.001395	3.257993
1077.808000	5332314.000000	-2.821612	0.932907	1.017913	-0.634370	-0.812770	3.227427
1077.858000	5332320.000000	-2.821619	0.932905	1.017922	-0.790235	-0.780909	3.244055
1077.908000	5332326.000000	-2.821570	0.933120	1.017919	-0.917232	-0.546893	3.212377
1077.959000	5332332.000000	-2.821608	0.932836	1.017876	-0.799145	-0.694970	3.241669
1078.008000	5332338.000000	-2.821582	0.932989	1.017929	-0.799675	-0.729077	3.222313
1078.058000	5332344.000000	-2.821652	0.932766	1.017877	-0.771468	-0.761063	3.245272
1078.108000	5332350.000000	-2.821613	0.932984	1.017902	-0.966601	-0.491533	3.247437
1078.158000	5332356.000000	-2.821622	0.932862	1.017919	-0.748335	-0.576672	3.228700
1078.209000	5332362.000000	-2.821534	0.932846	1.017901	-0.842539	-0.773032	3.235921
1078.258000	5332368.000000	-2.821651	0.932946	1.017890	-0.795359	-0.659376	3.239455
1078.308000	5332374.000000	-2.821659	0.932880	1.017869	-0.834698	-1.092836	3.262275
1078.358000	5332380.000000	-2.821548	0.932742	1.017869	-0.725028	-0.926894	3.248986
1078.408000	5332386.000000	-2.821630	0.932946	1.017910	-0.746147	-0.643417	3.236919
1078.459000	5332392.000000	-2.821618	0.932835	1.017872	-0.784601	-0.532546	3.220928
1078.508000	5332398.000000	-2.821615	0.932768	1.017899	-0.839564	-0.982341	3.227560
1078.558000	5332404.000000	-2.821524	0.932895	1.017907	-0.846560	-0.642428	3.252577
1078.608000	5332410.000000	-2.821659	0.932914	1.017890	-0.786589	-0.884419	3.243578
1078.658000	5332416.000000	-2.821657	0.932843	1.017936	-0.838942	-1.077955	3.239270
1078.709000	5332422.000000	-2.821548	0.932716	1.017953	-0.864068	-0.819776	3.225849
1078.758000	5332428.000000	-2.821641	0.932763	1.017955	-0.799156	-0.771148	3.225551
1078.808000	5332434.000000	-2.821645	0.932949	1.017974	-0.853473	-0.365494	3.220975
1078.858000	5332440.000000	-2.821534	0.932883	1.018052	-0.897504	-0.673706	3.227497
1078.908000	5332446.000000	-2.821537	0.932884	1.018335	-0.963979	-0.577097	3.226521
1078.959000	5332452.000000	-2.821589	0.932610	1.018506	-0.913503	-0.724596	3.225492
1079.008000	5332458.000000	-2.821516	0.932589	1.018695	-0.944194	-0.594873	3.218719
1079.058000	5332464.000000	-2.821483	0.932323	1.018841	-0.820694	-0.874400	3.227610
1079.108000	5332470.000000	-2.821437	0.932584	1.019187	-0.909168	-0.789606	3.209328
1079.158000	5332476.000000	-2.821695	0.932487	1.019672	-1.022652	-0.713231	3.232720
1079.209000	5332482.000000	-2.821988	0.932750	1.020225	-0.739294	-0.499999	3.177619
1079.258000	5332488.000000	-2.822585	0.932872	1.020842	-0.498720	-0.045656	3.111826
1079.308000	5332494.000000	-2.823373	0.932653	1.021592	-0.415065	0.157118	3.075983
1079.358000	5332500.000000	-2.824346	0.932429	1.022475	-0.866966	-0.218322	2.917482
1079.408000	5332506.000000	-2.825256	0.932125	1.023515	-0.576855	-1.171731	2.845518
1079.459000	5332512.000000	-2.825957	0.932752	1.024967	-0.445767	-0.402179	2.796145
1079.508000	5332518.000000	-2.826450	0.932340	1.026520	-0.724642	-0.439421	2.785735
1079.558000	5332524.000000	-2.826071	0.932328	1.028343	-0.956046	-0.616331	2.756296
1079.608000	5332530.000000	-2.824840	0.932172	1.030414	-1.150794	0.005068	2.765043
1079.658000	5332536.000000	-2.822879	0.931785	1.032477	-0.647001	-1.452085	2.901190
1079.709000	5332542.000000	-2.820572	0.931688	1.035203	-1.262730	-0.059540	2.989856
1079.758000	5332548.000000	-2.818673	0.932194	1.038144	-0.592446	0.136223	3.107158
1079.808000	5332554.000000	-2.817751	0.931351	1.041341	-0.964699	-0.295132	3.160630
1079.858000	5332560.000000	-2.817120	0.931335	1.044873	-0.824565	-0.519533	3.148101
1079.908000	5332566.000000	-2.816855	0.931190	1.048631	-0.948675	-0.013583	3.105903
1079.959000	5332572.000000	-2.816985	0.931082	1.052387	-0.870580	-0.129898	3.095731
1080.008000	5332578.000000	-2.817134	0.930809	1.055948	-0.872873	-0.187601	3.047758
1080.058000	5332584.000000	-2.817027	0.930155	1.059315	-0.864970	-0.695559	3.040887
1080.108000	5332590.000000	-2.816261	0.929980	1.062814	-1.062318	0.016657	3.054234
1080.158000	5332596.000000	-2.814379	0.930221	1.066520	-0.549032	-0.130330	3.169540
1080.209000	5332602.000000	-2.811255	0.930230	1.070499	-1.001881	0.629822	3.259534
1080.258000	5332608.000000	-2.807193	0.930079	1.075056	-0.568580	-0.005279	3.476102
1080.308000	5332614.000000	-2.802452	0.929359	1.080142	-0.989672	-0.004738	3.621622
1080.358000	5332620.000000	-2.797157	0.929216	1.085940	-0.334973	-0.195869	3.859659
1080.408000	5332626.000000	-2.791736	0.929194	1.092466	-0.903886	-0.302079	3.905831
1080.459000	5332632.000000	-2.786469	0.928835	1.099339	-0.597597	-0.220931	3.992384
1080.508000	5332638.000000	-2.781660	0.928678	1.106646	-0.674032	-0.301227	4.054644
1080.558000	5332644.000000	-2.777239	0.928670	1.114417	-0.916202	-0.184450	4.105483
1080.608000	5332650.000000	-2.773127	0.928483	1.122542	-0.721980	-0.137663	4.103233
1080.658000	5332656.000000	-2.769339	0.928585	1.130826	-0.292042	-0.575060	4.061831
1080.709000	5332662.000000	-2.766060	0.928403	1.139500	-0.601906	-0.221265	3.934954
1080.758000	5332668.000000	-2.763325	0.928063	1.148425	-0.755957	-0.929737	3.850655
1080.808000	5332674.000000	-2.760675	0.928073	1.157704	-0.428719	-1.070271	3.723680
1080.858000	5332680.000000	-2.758531	0.928211	1.167435	-0.679935	-0.356537	3.653227
1080.908000	5332686.000000	-2.756422	0.928215	1.177574	-0.638148	0.260776	3.395895
1080.959000	5332692.000000	-2.754385	0.927915	1.187814	-0.790324	0.110833	3.286683
1081.008000	5332698.000000	-2.752128	0.927557	1.198043	-0.499697	-1.333737	3.145759
1081.058000	5332704.000000	-2.749660	0.927902	1.208676	-0.809661	-0.270175	3.112159
1081.108000	5332710.000000	-2.746652	0.927782	1.219364	-0.547234	0.364427	2.941921
1081.158000	5332716.000000	-2.743595	0.926970	1.230243	-0.470763	-0.555969	2.953923
1081.209000	5332722.000000	-2.740671	0.926870	1.241473	-0.413653	-0.768467	3.039460
1081.258000	5332728.000000	-2.738378	0.926583	1.252793	-0.616415	-0.741841	2.878979
1081.308000	5332734.000000	-2.736182	0.926598	1.264445	-0.895644	0.160855	2.709906
1081.358000	5332740.000000	-2.734321	0.926201	1.276217	-0.692711	-0.274104	2.622820
1081.408000	5332746.000000	-2.732767	0.926004	1.288435	-0.554362	-0.047872	2.515792
1081.459000	5332752.000000	-2.731330	0.925975	1.300997	-0.606461	-0.080465	2.379375
1081.508000	5332758.000000	-2.729577	0.925990	1.313983	-0.776698	0.411935	2.063072
1081.558000	5332764.000000	-2.728244	0.925453	1.327233	-0.543748	-0.261106	2.072165
1081.608000	5332770.000000	-2.726849	0.925183	1.340633	-0.636384	-0.280251	1.926647
1081.658000	5332776.000000	-2.725694	0.924832	1.354225	-0.662152	-0.345219	1.789135
1081.709000	5332782.000000	-2.724459	0.924872	1.367874	-0.714772	0.085702	1.626730
1081.758000	5332788.000000	-2.722839	0.924646	1.381896	-0.878824	0.068617	1.442739
1081.808000	5332794.000000	-2.721124	0.924053	1.396335	-0.691415	0.187712	1.438914
1081.858000	5332800.000000	-2.719260	0.923802	1.410795	-0.763864	-0.347270	1.367172
1081.908000	5332806.000000	-2.717391	0.923909	1.425481	-0.774797	-0.510657	1.425600
1081.959000	5332812.000000	-2.715065	0.924145	1.440476	-0.823231	-0.230039	1.279781
1082.008000	5332818.000000	-2.712488	0.924033	1.455956	-1.145418	0.003256	1.368982
1082.058000	5332824.000000	-2.709982	0.923892	1.471504	-0.743153	-0.216147	1.454849
1082.108000	5332830.000000	-2.707592	0.923592	1.488111	-0.681215	0.020536	1.599064
1082.158000	5332836.000000	-2.704944	0.923397	1.504734	-0.625031	0.652831	1.608067
1082.209000	5332842.000000	-2.701802	0.923129	1.521945	-0.847068	-0.488679	1.919449
1082.258000	5332848.000000	-2.699020	0.922785	1.539392	-0.956527	-0.779459	2.188034
1082.308000	5332854.000000	-2.696989	0.922064	1.557540	-0.627006	-0.849159	2.204472
1082.358000	5332860.000000	-2.695673	0.921858	1.575827	-0.511031	-0.548146	2.424516
1082.408000	5332866.000000	-2.694715	0.922342	1.594257	-0.614533	-0.033424	2.423532
1082.459000	5332872.000000	-2.694229	0.922208	1.613000	-0.905335	-0.159002	2.483994
1082.508000	5332878.000000	-2.694228	0.921654	1.631892	-1.140841	-0.438723	2.640698
1082.558000	5332884.000000	-2.693937	0.921681	1.650848	-0.610005	-0.071697	2.589106
1082.608000	5332890.000000	-2.693613	0.921633	1.669520	-0.880836	-0.329418	2.731827
1082.658000	5332896.000000	-2.693344	0.921104	1.688230	-0.596843	0.097574	2.744413
1082.709000	5332902.000000	-2.693065	0.920994	1.706255	-0.816985	0.286092	2.773360
1082.758000	5332908.000000	-2.692777	0.921274	1.724101	-0.745654	0.126914	2.773508
1082.808000	5332914.000000	-2.693195	0.921386	1.741695	-0.583568	-0.558972	2.933149
1082.858000	5332920.000000	-2.693636	0.921586	1.759285	-1.304753	-0.201489	2.902266
1082.908000	5332926.000000	-2.694371	0.921222	1.777098	-1.120738	-0.066977	2.751791
1082.959000	5332932.000000	-2.695482	0.921167	1.795197	-0.789296	-0.747779	2.918367
1083.008000	5332938.000000	-2.695608	0.921298	1.813277	-1.047793	-0.745221	2.832073
1083.058000	5332944.000000	-2.695114	0.920245	1.832057	-0.912829	-1.504405	3.067001
1083.108000	5332950.000000	-2.694945	0.920412	1.851659	-0.634051	-1.022247	2.981215
1083.158000	5332956.000000	-2.695803	0.920291	1.871563	-1.028706	-0.599097	2.870230
1083.209000	5332962.000000	-2.696159	0.920520	1.892196	-1.362815	-0.187363	2.815036
1083.258000	5332968.000000	-2.696246	0.920489	1.912734	-0.988178	-0.445133	2.799184
1083.308000	5332974.000000	-2.696979	0.919612	1.934117	-1.109372	-0.888285	2.995756
1083.358000	5332980.000000	-2.697634	0.919926	1.955271	-1.342364	-0.913525	2.960891
1083.408000	5332986.000000	-2.698109	0.920043	1.976714	-1.106001	-0.567006	2.857379
1083.459000	5332992.000000	-2.698411	0.919582	1.998608	-1.198555	-0.226412	2.848490
1083.508000	5332998.000000	-2.698461	0.919841	2.020147	-1.119642	0.001306	2.788726
1083.558000	5333004.000000	-2.699265	0.920305	2.041126	-0.981514	-0.689209	2.796581
1083.608000	5333010.000000	-2.700400	0.920126	2.061924	-0.936032	-1.684192	3.040534
1083.658000	5333016.000000	-2.701454	0.920104	2.082638	-1.143891	-0.361300	2.679673
1083.709000	5333022.000000	-2.702912	0.920132	2.103215	-1.280913	-1.180010	2.794754
1083.758000	5333028.000000	-2.703433	0.919023	2.123611	-0.634926	-2.049619	2.851610
1083.808000	5333034.000000	-2.702504	0.918883	2.144439	-0.828239	-2.132590	2.964119
1083.858000	5333040.000000	-2.701948	0.919225	2.165034	-1.293523	-1.672374	3.069604
1083.908000	5333046.000000	-2.701844	0.918615	2.185951	-1.199268	-1.797120	3.218674
1083.959000	5333052.000000	-2.700588	0.918543	2.206547	-0.578899	-1.222602	3.295312
1084.008000	5333058.000000	-2.698558	0.918851	2.227066	-0.828071	0.404748	3.352847
1084.058000	5333064.000000	-2.697532	0.918390	2.247413	-1.008944	-1.304441	3.651525
1084.108000	5333070.000000	-2.696621	0.918306	2.267209	-1.031779	-1.008584	3.770515
1084.158000	5333076.000000	-2.695600	0.918253	2.286665	-0.731562	-0.677898	4.046439
1084.209000	5333082.000000	-2.694627	0.917480	2.305406	-1.136510	-1.737284	4.143502
1084.258000	5333088.000000	-2.693452	0.917739	2.323537	-1.099950	-1.395835	4.225140
1084.308000	5333094.000000	-2.693305	0.917926	2.340950	-0.527309	-0.803572	4.250977
1084.358000	5333100.000000	-2.694028	0.918202	2.357794	-0.659039	-0.643348	4.118357
1084.408000	5333106.000000	-2.695117	0.917840	2.374633	-0.710765	-0.224941	4.084500
1084.459000	5333112.000000	-2.696914	0.917558	2.390932	-0.536133	-1.108746	3.971402
1084.508000	5333118.000000	-2.698000	0.917357	2.406901	-0.515976	-1.154500	3.683150
1084.558000	5333124.000000	-2.698715	0.917465	2.422712	-0.665645	-1.079874	3.733618
1084.608000	5333130.000000	-2.698958	0.917257	2.438919	-0.690110	-0.947822	3.641167
1084.658000	5333136.000000	-2.699117	0.917604	2.455375	-0.912255	-0.075715	3.470833
1084.709000	5333142.000000	-2.700376	0.917497	2.472011	-1.063931	-0.247934	3.328931
1084.758000	5333148.000000	-2.701568	0.917206	2.488934	-0.571362	-0.968032	3.493055
1084.808000	5333154.000000	-2.702112	0.917211	2.505717	-0.723310	-0.402983	3.308471
1084.858000	5333160.000000	-2.702527	0.917191	2.522661	-0.579275	0.022027	3.172629
1084.909000	5333166.000000	-2.703744	0.916968	2.539438	-0.775278	-0.769889	3.150916
1084.958000	5333172.000000	-2.705251	0.916977	2.556028	-0.985886	-1.237221	3.225988
1085.009000	5333178.000000	-2.705976	0.917466	2.572073	-0.801142	0.405843	2.592474
1085.058000	5333184.000000	-2.706139	0.916465	2.588354	-1.124782	0.088258	2.677553
1085.108000	5333190.000000	-2.706652	0.916748	2.604308	-1.254392	-0.411671	2.796345
1085.158000	5333196.000000	-2.708245	0.916016	2.620637	-0.906752	-0.913853	2.980260
1085.209000	5333202.000000	-2.708204	0.916484	2.636309	-1.072014	0.221585	2.578114
1085.258000	5333208.000000	-2.708529	0.916980	2.651947	-0.730390	-0.154692	2.638393
1085.308000	5333214.000000	-2.709219	0.916986	2.667663	-1.236118	0.432901	2.506990
1085.358000	5333220.000000	-2.710230	0.916877	2.683736	-1.018505	-0.037420	2.643000
1085.408000	5333226.000000	-2.711587	0.916253	2.699894	-0.930152	-0.394462	2.653636
1085.459000	5333232.000000	-2.711268	0.916973	2.716078	-1.350533	0.082377	2.526950
1085.508000	5333238.000000	-2.710589	0.916477	2.732969	-1.340231	-0.294137	2.711290
1085.558000	5333244.000000	-2.709443	0.915820	2.750351	-0.637776	-0.406730	2.901261
1085.608000	5333250.000000	-2.708894	0.915512	2.767942	-1.360129	-0.666808	3.054291
1085.658000	5333256.000000	-2.708626	0.915641	2.785728	-0.837636	-0.060639	3.095521
1085.709000	5333262.000000	-2.707580	0.915816	2.803339	-0.952500	-0.591916	3.444390
1085.758000	5333268.000000	-2.706685	0.915446	2.821054	-1.096200	-0.380610	3.490928
1085.808000	5333274.000000	-2.706245	0.915052	2.838529	-1.064955	0.161177	3.303161
1085.858000	5333280.000000	-2.705874	0.914300	2.855982	-1.283387	-0.676419	3.719691
1085.908000	5333286.000000	-2.704914	0.914501	2.872996	-0.690438	-0.178675	3.738668
1085.959000	5333292.000000	-2.704379	0.914394	2.889946	-0.636074	-0.009494	3.722891
1086.008000	5333298.000000	-2.703892	0.913855	2.906983	-0.677058	-0.339557	4.003812
1086.058000	5333304.000000	-2.702886	0.913705	2.923622	-0.625475	-0.224629	4.142727
1086.108000	5333310.000000	-2.702225	0.913141	2.940321	-0.687278	-0.714693	4.197751
1086.158000	5333316.000000	-2.702111	0.913645	2.956928	-0.570081	0.273844	3.892653
1086.209000	5333322.000000	-2.702490	0.913259	2.973846	-0.628998	-0.250102	4.104404
1086.258000	5333328.000000	-2.703417	0.912631	2.991296	-1.150081	-0.018901	3.814107
1086.308000	5333334.000000	-2.704840	0.913087	3.008868	-0.785638	-0.065579	3.665906
1086.358000	5333340.000000	-2.705333	0.912859	3.026542	-0.856668	-0.289878	3.894536
1086.408000	5333346.000000	-2.705645	0.912428	3.044328	-0.833806	-0.428779	3.823257
1086.459000	5333352.000000	-2.705357	0.911776	3.062270	-0.914292	-0.542350	3.916589
1086.508000	5333358.000000	-2.705808	0.911452	3.080101	-0.634818	-1.061465	4.007719
1086.558000	5333364.000000	-2.705950	0.911142	3.097556	-0.761102	-0.317040	3.902450
1086.608000	5333370.000000	-2.705605	0.911290	3.114595	-0.427767	-0.535739	3.869777
1086.658000	5333376.000000	-2.705473	0.910815	3.131191	-0.598383	-0.691655	4.012685
1086.709000	5333382.000000	-2.705988	0.910554	3.147414	-0.420882	0.116953	3.842062
1086.758000	5333388.000000	-2.706890	0.910431	3.162606	-0.948676	-0.585413	3.800527
1086.808000	5333394.000000	-2.707502	0.910279	3.177245	-0.391477	-0.714805	3.818337
1086.858000	5333400.000000	-2.707718	0.910247	3.191182	-0.604170	-0.422467	3.585799
1086.908000	5333406.000000	-2.708276	0.909706	3.204900	-0.534777	-0.527656	3.829739
1086.959000	5333412.000000	-2.708719	0.909255	3.217938	-0.948824	-0.823779	3.789723
1087.008000	5333418.000000	-2.708993	0.909232	3.230281	-0.640443	-0.530018	3.716704
1087.058000	5333424.000000	-2.709424	0.909217	3.242157	-0.096669	-0.892210	3.656182
1087.108000	5333430.000000	-2.709964	0.908926	3.253353	-0.799215	-0.652573	3.620335
1087.158000	5333436.000000	-2.710164	0.909407	3.264113	-0.333547	-0.747725	3.561823
1087.209000	5333442.000000	-2.710349	0.909388	3.274195	-0.486480	-0.820178	3.608564
1087.258000	5333448.000000	-2.710928	0.909294	3.283759	-0.631287	-0.395542	3.333345
1087.308000	5333454.000000	-2.712315	0.908785	3.292599	-0.182852	-0.527766	3.463737
1087.358000	5333460.000000	-2.712767	0.908742	3.300510	-0.495503	-0.660083	3.473131
1087.408000	5333466.000000	-2.713147	0.908232	3.307290	-0.489252	-0.828382	3.542122
1087.459000	5333472.000000	-2.712948	0.908565	3.313028	-0.793682	-1.046231	3.568151
1087.508000	5333478.000000	-2.713356	0.908402	3.318001	-0.867841	-0.872998	3.555248
1087.558000	5333484.000000	-2.713975	0.908394	3.321861	-0.794834	-1.048188	3.504467
1087.608000	5333490.000000	-2.713841	0.908856	3.324921	0.053522	-0.133824	3.247044
1087.658000	5333496.000000	-2.714013	0.908439	3.327210	-0.852898	-1.070067	3.553315
1087.709000	5333502.000000	-2.713978	0.908491	3.328869	-0.254297	-0.788400	3.559819
1087.758000	5333508.000000	-2.714086	0.908245	3.330136	-0.199635	-0.896330	3.471797
1087.808000	5333514.000000	-2.714002	0.908147	3.331185	-0.589489	-1.124196	3.584928
1087.858000	5333520.000000	-2.713610	0.908045	3.332075	-0.770166	-1.139596	3.669257
1087.908000	5333526.000000	-2.712968	0.908171	3.332477	-0.644214	-0.870258	3.616990
1087.959000	5333532.000000	-2.712824	0.908285	3.332482	-0.634970	-0.917798	3.599406
1088.008000	5333538.000000	-2.713222	0.908326	3.331955	-0.725186	-0.817930	3.656119
1088.058000	5333544.000000	-2.713152	0.908363	3.331469	-0.792956	-1.144710	3.702505
1088.108000	5333550.000000	-2.713008	0.908464	3.331323	-0.498952	-1.032444	3.662535
1088.158000	5333556.000000	-2.713106	0.908427	3.331590	-0.821622	-0.920289	3.657210
1088.209000	5333562.000000	-2.713103	0.908366	3.331996	-0.671727	-0.853433	3.630464
1088.258000	5333568.000000	-2.713120	0.908325	3.332211	-0.713440	-0.882031	3.610906
1088.308000	5333574.000000	-2.713148	0.908335	3.332029	-0.841265	-0.702484	3.663541
1088.358000	5333580.000000	-2.713078	0.908337	3.331746	-0.826963	-0.985120	3.675656
1088.408000	5333586.000000	-2.713080	0.908466	3.331530	-0.638299	-0.972546	3.651578
1088.459000	5333592.000000	-2.713125	0.908349	3.331668	-0.707549	-1.095689	3.678817
1088.508000	5333598.000000	-2.713134	0.908318	3.331954	-0.797839	-0.851855	3.653039
1088.558000	5333604.000000	-2.713128	0.908317	3.332134	-0.803165	-0.688220	3.642087
1088.608000	5333610.000000	-2.713094	0.908273	3.332118	-0.778436	-0.877907	3.633310
1088.658000	5333616.000000	-2.713173	0.908231	3.332004	-0.796031	-1.046076	3.673791
1088.709000	5333622.000000	-2.713097	0.908343	3.331948	-0.729719	-0.833551	3.658554
1088.758000	5333628.000000	-2.713020	0.908325	3.331811	-0.826059	-0.850851	3.695525
1088.808000	5333634.000000	-2.713132	0.908398	3.331693	-0.682085	-1.081590	3.664741
1088.858000	5333640.000000	-2.713045	0.908618	3.331601	-0.876579	-0.222939	3.488566
1088.908000	5333646.000000	-2.713099	0.908364	3.331725	-0.830460	-0.949109	3.669950
1088.959000	5333652.000000	-2.713084	0.908300	3.331830	-0.806082	-1.094930	3.668616
1089.008000	5333658.000000	-2.713033	0.908294	3.331939	-0.770297	-0.942597	3.654732
1089.058000	5333664.000000	-2.713072	0.908506	3.331900	-0.884680	-0.251098	3.617188
1089.108000	5333670.000000	-2.713150	0.908263	3.331840	-0.760835	-1.008380	3.662650
1089.158000	5333676.000000	-2.713065	0.908296	3.331766	-0.813422	-1.051808	3.677204
1089.209000	5333682.000000	-2.713079	0.908259	3.331822	-0.847944	-1.058817	3.699647
1089.258000	5333688.000000	-2.713129	0.908272	3.331919	-0.815779	-0.973483	3.689508
1089.308000	5333694.000000	-2.713112	0.908219	3.332012	-0.813611	-1.020331	3.677962
1089.358000	5333700.000000	-2.713036	0.908584	3.331962	-0.932558	-0.174689	3.589581
1089.408000	5333706.000000	-2.713046	0.908522	3.331822	-0.884485	-0.295918	3.614078
1089.459000	5333712.000000	-2.713099	0.908324	3.331696	-0.861394	-0.949253	3.690134
1089.508000	5333718.000000	-2.713104	0.908249	3.331722	-0.805318	-1.094641	3.668064
1089.558000	5333724.000000	-2.713069	0.908304	3.331960	-0.795101	-0.892043	3.668903
1089.608000	5333730.000000	-2.713037	0.908285	3.332144	-0.813856	-0.908181	3.653914
1089.658000	5333736.000000	-2.713100	0.908301	3.332073	-0.657531	-0.833114	3.658953
1089.709000	5333742.000000	-2.713065	0.908282	3.331937	-0.810853	-0.979432	3.685402
1089.758000	5333748.000000	-2.712870	0.908602	3.331853	-0.903134	-0.293813	3.463335
1089.808000	5333754.000000	-2.713027	0.908383	3.331972	-0.683186	-0.914800	3.629272
1089.858000	5333760.000000	-2.713041	0.908239	3.332018	-0.811721	-0.961362	3.656245
1089.908000	5333766.000000	-2.713045	0.908353	3.332000	-0.742330	-0.909482	3.631976
1089.959000	5333772.000000	-2.713025	0.908279	3.331962	-0.719707	-1.106588	3.665693
1090.008000	5333778.000000	-2.713033	0.908272	3.331905	-0.731846	-1.034874	3.677582
1090.058000	5333784.000000	-2.713072	0.908299	3.332007	-0.799541	-0.995198	3.643068
1090.108000	5333790.000000	-2.713031	0.908276	3.332132	-0.796069	-0.863588	3.682938
1090.158000	5333796.000000	-2.712993	0.908282	3.332191	-0.705703	-0.784942	3.602353
1090.209000	5333802.000000	-2.713049	0.908219	3.332121	-0.759139	-1.047498	3.666686
1090.258000	5333808.000000	-2.712984	0.908559	3.331964	-0.933789	-0.295237	3.630785
1090.308000	5333814.000000	-2.713047	0.908316	3.332047	-0.807446	-0.921825	3.628042
1090.358000	5333820.000000	-2.713009	0.908278	3.332163	-0.665801	-0.907320	3.631969
1090.408000	5333826.000000	-2.713000	0.908312	3.332307	-0.619690	-0.949850	3.595680
1090.459000	5333832.000000	-2.713011	0.908229	3.332304	-0.766967	-0.917734	3.627870
1090.508000	5333838.000000	-2.713024	0.908261	3.332259	-0.762957	-0.912702	3.634520
1090.558000	5333844.000000	-2.713012	0.908299	3.332176	-0.774945	-0.943045	3.619954
1090.608000	5333850.000000	-2.712980	0.908585	3.332130	-0.872871	-0.258073	3.576475
1090.658000	5333856.000000	-2.713005	0.908243	3.332180	-0.660283	-0.837151	3.628099
1090.709000	5333862.000000	-2.712975	0.908516	3.332118	-0.880235	-0.248632	3.577120
1090.758000	5333868.000000	-2.713057	0.908291	3.332145	-0.843992	-0.814846	3.651442
1090.808000	5333874.000000	-2.713029	0.908327	3.332152	-0.742136	-0.789091	3.646499
1090.858000	5333880.000000	-2.713000	0.908245	3.332206	-0.749598	-0.929819	3.634480
1090.908000	5333886.000000	-2.712996	0.908540	3.332211	-0.832383	-0.277727	3.576733
1090.959000	5333892.000000	-2.713020	0.908292	3.332258	-0.683070	-0.859228	3.619386
1091.008000	5333898.000000	-2.712969	0.908519	3.332183	-0.857993	-0.301538	3.612030
