%time	0	1	2	3	4	5	6
313.749000	-431602080.000000	-431602080.000000	-431602080.000000	-431602080.000000	135.000000	-0.000000	135.000000
313.790000	15014994.000000	-2.496837	0.967084	-1.802828	-1.495971	2.330349	4.726756
313.840000	15015000.000000	-2.496821	0.967092	-1.802839	-1.538856	2.355765	4.715773
313.891000	15015006.000000	-2.496791	0.967062	-1.802837	-1.504243	2.271323	4.702962
313.940000	15015012.000000	-2.496823	0.967053	-1.802792	-1.486831	2.290914	4.721249
313.991000	15015018.000000	-2.496829	0.967095	-1.802837	-1.555865	2.377280	4.712336
314.041000	15015024.000000	-2.496813	0.967088	-1.802849	-1.542226	2.363201	4.716444
314.091000	15015030.000000	-2.496821	0.967051	-1.802816	-1.531965	2.267634	4.698599
314.140000	15015036.000000	-2.496812	0.967135	-1.802832	-1.539453	2.380146	4.723115
314.190000	15015042.000000	-2.496812	0.967097	-1.802857	-1.520701	2.408111	4.722814
314.240000	15015048.000000	-2.496857	0.967045	-1.802825	-1.499488	2.345513	4.729207
314.290000	15015054.000000	-2.496821	0.967067	-1.802843	-1.535085	2.302805	4.726956
314.340000	15015060.000000	-2.496833	0.967069	-1.802841	-1.547422	2.288071	4.731674
314.391000	15015066.000000	-2.496843	0.967086	-1.802825	-1.532303	2.376370	4.713801
314.440000	15015072.000000	-2.496796	0.967086	-1.802834	-1.509721	2.374760	4.723626
314.490000	15015078.000000	-2.496830	0.967096	-1.802821	-1.568663	2.409792	4.721892
314.540000	15015084.000000	-2.496803	0.967102	-1.802827	-1.536643	2.323576	4.715156
314.590000	15015090.000000	-2.496837	0.967102	-1.802834	-1.509624	2.365916	4.711060
314.641000	15015096.000000	-2.496828	0.967091	-1.802781	-1.557254	2.348846	4.723513
314.690000	15015102.000000	-2.496807	0.967085	-1.802811	-1.526141	2.371677	4.726690
314.740000	15015108.000000	-2.496836	0.967108	-1.802822	-1.511228	2.331578	4.707814
314.790000	15015114.000000	-2.496783	0.967080	-1.802794	-1.458946	2.246535	4.687855
314.840000	15015120.000000	-2.496846	0.967040	-1.802804	-1.503448	2.293890	4.714193
314.891000	15015126.000000	-2.496811	0.967107	-1.802881	-1.534582	2.426380	4.717764
314.940000	15015132.000000	-2.496804	0.967058	-1.802911	-1.553649	2.179262	4.696648
314.990000	15015138.000000	-2.496847	0.967042	-1.802774	-1.541500	2.293756	4.727059
315.040000	15015144.000000	-2.496854	0.967078	-1.802734	-1.526095	2.357812	4.727215
315.090000	15015150.000000	-2.496834	0.967089	-1.802850	-1.540167	2.357657	4.727934
315.141000	15015156.000000	-2.496821	0.967057	-1.802859	-1.526021	2.331156	4.718990
315.190000	15015162.000000	-2.496835	0.967065	-1.802778	-1.474665	2.371508	4.706583
315.240000	15015168.000000	-2.496845	0.967078	-1.802779	-1.500921	2.372627	4.727733
315.290000	15015174.000000	-2.496866	0.967060	-1.802869	-1.504261	2.278798	4.717534
315.340000	15015180.000000	-2.496848	0.967057	-1.802824	-1.530918	2.321158	4.729106
315.391000	15015186.000000	-2.496832	0.967074	-1.802772	-1.487398	2.337912	4.731503
315.440000	15015192.000000	-2.496879	0.967117	-1.802863	-1.483548	2.370073	4.719670
315.490000	15015198.000000	-2.496813	0.967073	-1.802879	-1.518201	2.322148	4.722122
315.540000	15015204.000000	-2.496837	0.967070	-1.802769	-1.505757	2.433839	4.719370
315.590000	15015209.000000	-2.496839	0.967104	-1.802749	-1.549381	2.467834	4.723863
315.641000	15015216.000000	-2.496829	0.967067	-1.802817	-1.521407	2.357651	4.711657
315.690000	15015222.000000	-2.496864	0.967083	-1.802833	-1.509409	2.293981	4.726425
315.740000	15015228.000000	-2.496939	0.967040	-1.802743	-1.515841	2.359371	4.723101
315.790000	15015234.000000	-2.496973	0.967048	-1.802706	-1.461319	2.435625	4.737138
315.840000	15015240.000000	-2.496954	0.967062	-1.802765	-1.546848	2.424383	4.734487
315.891000	15015246.000000	-2.496989	0.967047	-1.802682	-1.550105	2.386737	4.732294
315.940000	15015252.000000	-2.497037	0.967047	-1.802656	-1.444761	2.363363	4.709494
315.991000	15015258.000000	-2.497028	0.967043	-1.802737	-1.547319	2.305474	4.725720
316.041000	15015264.000000	-2.497043	0.966976	-1.802722	-1.547900	2.321914	4.741533
316.091000	15015270.000000	-2.497097	0.966986	-1.802621	-1.507533	2.402760	4.726963
316.140000	15015276.000000	-2.497084	0.966997	-1.802741	-1.446860	2.308673	4.707933
316.190000	15015282.000000	-2.497032	0.966989	-1.802739	-1.524592	2.312228	4.723372
316.240000	15015287.000000	-2.497072	0.967010	-1.802607	-1.527794	2.366295	4.721886
316.290000	15015294.000000	-2.497057	0.967035	-1.802658	-1.504436	2.409008	4.726366
316.340000	15015300.000000	-2.497052	0.967052	-1.802693	-1.508614	2.316350	4.726133
316.391000	15015306.000000	-2.497117	0.967004	-1.802629	-1.523381	2.336360	4.719926
316.440000	15015312.000000	-2.497108	0.967015	-1.802617	-1.566233	2.380452	4.721743
316.490000	15015318.000000	-2.497134	0.966988	-1.802664	-1.481164	2.387127	4.725033
316.540000	15015323.000000	-2.497139	0.966997	-1.802617	-1.513346	2.349787	4.723850
316.590000	15015329.000000	-2.497120	0.967000	-1.802564	-1.485242	2.391382	4.708642
316.641000	15015336.000000	-2.497149	0.966959	-1.802557	-1.549484	2.398006	4.717206
316.690000	15015341.000000	-2.497141	0.966983	-1.802561	-1.532293	2.412330	4.710952
316.740000	15015347.000000	-2.497186	0.966944	-1.802507	-1.496726	2.393082	4.709490
316.790000	15015354.000000	-2.497249	0.966965	-1.802523	-1.508975	2.387342	4.721306
316.840000	15015359.000000	-2.497280	0.966947	-1.802516	-1.506564	2.385754	4.705580
316.891000	15015366.000000	-2.497245	0.966896	-1.802436	-1.485637	2.315281	4.680387
316.940000	15015371.000000	-2.497233	0.966961	-1.802485	-1.487449	2.438641	4.709534
316.990000	15015378.000000	-2.497226	0.966961	-1.802478	-1.429307	2.492710	4.727675
317.040000	15015384.000000	-2.497230	0.966942	-1.802513	-1.504667	2.399569	4.717844
317.090000	15015389.000000	-2.497226	0.966935	-1.802463	-1.515849	2.411497	4.715571
317.141000	15015396.000000	-2.497237	0.966923	-1.802469	-1.550862	2.430808	4.709017
317.190000	15015401.000000	-2.497213	0.966953	-1.802514	-1.505752	2.402309	4.716360
317.240000	15015408.000000	-2.497210	0.966950	-1.802477	-1.461734	2.416577	4.716135
317.290000	15015414.000000	-2.497175	0.966963	-1.802517	-1.545088	2.283785	4.716427
317.340000	15015419.000000	-2.497202	0.966965	-1.802466	-1.527448	2.428615	4.699896
317.391000	15015426.000000	-2.497187	0.966980	-1.802474	-1.548524	2.351924	4.715687
317.440000	15015432.000000	-2.497184	0.966986	-1.802559	-1.503663	2.352473	4.707740
317.490000	15015437.000000	-2.497177	0.967001	-1.802556	-1.502828	2.380042	4.698567
317.540000	15015444.000000	-2.497211	0.966992	-1.802454	-1.496037	2.530577	4.718866
317.590000	15015450.000000	-2.497178	0.966980	-1.802506	-1.457056	2.386320	4.716045
317.641000	15015456.000000	-2.497176	0.966973	-1.802575	-1.536726	2.338047	4.709464
317.690000	15015461.000000	-2.497180	0.966965	-1.802547	-1.502287	2.362731	4.713634
317.740000	15015468.000000	-2.497169	0.966949	-1.802472	-1.519388	2.427570	4.710295
317.790000	15015474.000000	-2.497189	0.966984	-1.802502	-1.546342	2.404454	4.712076
317.840000	15015479.000000	-2.497161	0.966968	-1.802563	-1.527014	2.374136	4.712245
317.891000	15015486.000000	-2.497162	0.966941	-1.802493	-1.508926	2.422869	4.698559
317.940000	15015491.000000	-2.497185	0.966963	-1.802475	-1.574155	2.422575	4.706635
317.991000	15015498.000000	-2.497152	0.966992	-1.802568	-1.509784	2.410308	4.719673
318.041000	15015504.000000	-2.497161	0.966978	-1.802476	-1.532716	2.420367	4.699211
318.091000	15015509.000000	-2.497160	0.966944	-1.802438	-1.498695	2.378832	4.698845
318.140000	15015515.000000	-2.497142	0.966937	-1.802526	-1.496269	2.300894	4.713115
318.190000	15015521.000000	-2.497145	0.966984	-1.802523	-1.471555	2.419660	4.696014
318.240000	15015527.000000	-2.497123	0.966959	-1.802485	-1.489076	2.408280	4.692998
318.290000	15015533.000000	-2.497126	0.966942	-1.802489	-1.519911	2.382715	4.704381
318.340000	15015539.000000	-2.497137	0.966995	-1.802506	-1.530654	2.360608	4.705088
318.391000	15015546.000000	-2.497121	0.966997	-1.802523	-1.489025	2.323922	4.692465
318.440000	15015551.000000	-2.497123	0.967015	-1.802532	-1.525356	2.402485	4.698349
318.490000	15015557.000000	-2.497117	0.966960	-1.802508	-1.569419	2.473992	4.730053
318.540000	15015563.000000	-2.497106	0.966983	-1.802528	-1.465981	2.391050	4.712347
318.590000	15015569.000000	-2.497112	0.967001	-1.802523	-1.517555	2.401702	4.701485
318.641000	15015576.000000	-2.497105	0.966983	-1.802500	-1.516218	2.328710	4.716421
318.690000	15015581.000000	-2.497133	0.966960	-1.802522	-1.514223	2.345544	4.694660
318.740000	15015587.000000	-2.497090	0.966994	-1.802519	-1.501647	2.402203	4.717555
318.790000	15015593.000000	-2.497115	0.966964	-1.802543	-1.516145	2.345661	4.705856
318.840000	15015599.000000	-2.497095	0.966931	-1.802515	-1.539984	2.361665	4.711373
318.891000	15015606.000000	-2.497111	0.966959	-1.802517	-1.474301	2.392541	4.702475
318.940000	15015611.000000	-2.497081	0.967024	-1.802516	-1.512440	2.374603	4.696845
318.990000	15015617.000000	-2.497092	0.967017	-1.802490	-1.509416	2.440523	4.717701
319.040000	15015623.000000	-2.497112	0.966969	-1.802510	-1.439896	2.395968	4.699611
319.090000	15015629.000000	-2.497070	0.966990	-1.802519	-1.490061	2.418461	4.699835
319.141000	15015636.000000	-2.497109	0.966970	-1.802516	-1.550721	2.377189	4.701979
319.190000	15015641.000000	-2.497086	0.966952	-1.802507	-1.538534	2.332878	4.712541
319.240000	15015648.000000	-2.497093	0.966984	-1.802499	-1.500868	2.437822	4.689522
319.290000	15015654.000000	-2.497104	0.966975	-1.802513	-1.529679	2.425873	4.708251
319.340000	15015659.000000	-2.497072	0.966984	-1.802515	-1.484482	2.401530	4.712756
319.391000	15015666.000000	-2.497115	0.967000	-1.802516	-1.529233	2.412233	4.704223
319.440000	15015671.000000	-2.497080	0.966969	-1.802503	-1.515164	2.367823	4.704253
319.490000	15015678.000000	-2.497139	0.967011	-1.802479	-1.481283	2.395651	4.691846
319.540000	15015684.000000	-2.497114	0.966998	-1.802504	-1.538842	2.401418	4.702489
319.590000	15015689.000000	-2.497123	0.966988	-1.802481	-1.470805	2.423863	4.705904
319.641000	15015695.000000	-2.497183	0.966979	-1.802455	-1.495175	2.366693	4.711716
319.690000	15015701.000000	-2.497136	0.966983	-1.802448	-1.541165	2.421662	4.704298
319.740000	15015707.000000	-2.497136	0.966961	-1.802447	-1.532594	2.386703	4.688283
319.790000	15015713.000000	-2.497146	0.967002	-1.802408	-1.489704	2.469595	4.681866
319.840000	15015719.000000	-2.497093	0.966993	-1.802440	-1.550754	2.413574	4.693785
319.891000	15015726.000000	-2.497135	0.966951	-1.802393	-1.453953	2.382382	4.675086
319.940000	15015731.000000	-2.497133	0.966919	-1.802403	-1.513201	2.389664	4.684276
319.991000	15015737.000000	-2.497159	0.966936	-1.802446	-1.500466	2.364963	4.690035
320.041000	15015743.000000	-2.497168	0.966996	-1.802455	-1.496271	2.494511	4.700917
320.091000	15015749.000000	-2.497144	0.966925	-1.802426	-1.482809	2.367146	4.680204
320.140000	15015755.000000	-2.497242	0.966942	-1.802425	-1.502742	2.374800	4.670596
320.190000	15015761.000000	-2.497232	0.966922	-1.802427	-1.528219	2.350799	4.687307
320.240000	15015767.000000	-2.497272	0.966928	-1.802405	-1.513229	2.409268	4.684086
320.290000	15015773.000000	-2.497253	0.966959	-1.802419	-1.554672	2.405849	4.691446
320.340000	15015779.000000	-2.497254	0.966906	-1.802389	-1.502297	2.443629	4.688581
320.391000	15015786.000000	-2.497262	0.966887	-1.802401	-1.538257	2.416698	4.685202
320.440000	15015791.000000	-2.497263	0.966899	-1.802385	-1.479616	2.383102	4.677680
320.490000	15015797.000000	-2.497284	0.966941	-1.802359	-1.475827	2.355643	4.666696
320.540000	15015803.000000	-2.497253	0.966910	-1.802380	-1.469378	2.323033	4.676214
320.590000	15015809.000000	-2.497288	0.966943	-1.802402	-1.472787	2.450743	4.685939
320.641000	15015815.000000	-2.497282	0.966885	-1.802374	-1.482070	2.456587	4.686888
320.690000	15015821.000000	-2.497272	0.966882	-1.802348	-1.494655	2.455691	4.665009
320.740000	15015827.000000	-2.497292	0.966897	-1.802289	-1.492450	2.439928	4.680182
320.790000	15015833.000000	-2.497276	0.966872	-1.802214	-1.494393	2.412534	4.656286
320.840000	15015839.000000	-2.497492	0.966787	-1.801969	-1.392917	2.508696	4.670356
320.891000	15015845.000000	-2.497422	0.966702	-1.801230	-1.391683	2.489170	4.665442
320.940000	15015851.000000	-2.497293	0.966745	-1.800425	-1.448412	2.409175	4.682460
320.990000	15015857.000000	-2.497335	0.966743	-1.799279	-1.471147	2.369048	4.688163
321.040000	15015863.000000	-2.497538	0.966474	-1.797586	-1.516616	2.323017	4.631101
321.090000	15015869.000000	-2.497452	0.966582	-1.795573	-1.563557	2.365372	4.698490
321.141000	15015875.000000	-2.497634	0.966498	-1.793071	-1.445574	2.240977	4.660882
321.190000	15015881.000000	-2.497851	0.966634	-1.790067	-1.528988	2.266037	4.676529
321.240000	15015887.000000	-2.497864	0.966628	-1.786262	-1.500270	2.563246	4.645696
321.290000	15015893.000000	-2.498170	0.966565	-1.781873	-1.487527	2.619690	4.662783
321.340000	15015899.000000	-2.498585	0.966623	-1.777097	-1.364671	2.450246	4.648150
321.391000	15015905.000000	-2.498716	0.966562	-1.771451	-1.419078	2.162979	4.711041
321.440000	15015911.000000	-2.498921	0.966509	-1.765144	-1.309010	2.167406	4.695553
321.490000	15015917.000000	-2.499124	0.966363	-1.757969	-1.555208	2.328293	4.694001
321.540000	15015923.000000	-2.499668	0.966349	-1.750654	-1.676689	2.184849	4.705968
321.590000	15015929.000000	-2.500112	0.966446	-1.742987	-1.338833	2.078624	4.663579
321.641000	15015935.000000	-2.500713	0.966374	-1.734670	-1.448152	2.150778	4.617165
321.690000	15015941.000000	-2.501259	0.966444	-1.726444	-1.390598	2.024702	4.543907
321.740000	15015947.000000	-2.501852	0.966129	-1.717539	-1.517115	2.402843	4.569827
321.790000	15015953.000000	-2.502659	0.966239	-1.709108	-1.395676	2.036702	4.467682
321.840000	15015959.000000	-2.503344	0.966257	-1.700912	-1.438376	2.166544	4.416484
321.891000	15015965.000000	-2.503711	0.966025	-1.692564	-1.596439	2.080024	4.402455
321.940000	15015971.000000	-2.504229	0.966061	-1.684703	-1.435178	2.300925	4.371551
321.991000	15015977.000000	-2.504739	0.965783	-1.676560	-1.567408	2.213028	4.348512
322.041000	15015983.000000	-2.505054	0.965889	-1.669003	-1.407796	2.064620	4.347079
322.091000	15015989.000000	-2.505457	0.965842	-1.661171	-1.250663	2.434117	4.386663
322.140000	15015995.000000	-2.505915	0.965666	-1.653467	-1.331452	2.180818	4.355452
322.190000	15016001.000000	-2.506339	0.965669	-1.645685	-1.602589	2.187043	4.305868
322.240000	15016007.000000	-2.506328	0.965408	-1.637509	-1.575923	2.216148	4.461663
322.290000	15016013.000000	-2.506026	0.965447	-1.629444	-1.394851	2.027831	4.554309
322.340000	15016019.000000	-2.505901	0.965294	-1.621206	-1.269907	2.290843	4.651628
322.391000	15016025.000000	-2.506740	0.965260	-1.613795	-1.392537	2.024715	4.602951
322.440000	15016031.000000	-2.507678	0.964850	-1.605462	-1.310525	2.263386	4.381758
322.490000	15016037.000000	-2.509112	0.965041	-1.597354	-1.413702	2.274890	4.234225
322.540000	15016043.000000	-2.510564	0.964934	-1.588879	-1.431332	2.133192	3.955501
322.590000	15016049.000000	-2.511821	0.964874	-1.579755	-1.162261	2.335173	3.789828
322.641000	15016055.000000	-2.512510	0.964937	-1.570755	-1.120269	2.285633	3.699920
322.690000	15016061.000000	-2.512913	0.964623	-1.560901	-1.274201	2.255155	3.590231
322.740000	15016067.000000	-2.513580	0.964586	-1.550855	-1.271275	2.377954	3.488792
322.790000	15016073.000000	-2.513511	0.964690	-1.540634	-1.302728	2.582996	3.491661
322.840000	15016079.000000	-2.514036	0.964485	-1.529752	-1.355798	2.116259	3.316379
322.891000	15016085.000000	-2.514882	0.964147	-1.518587	-1.373762	1.994089	3.232936
322.940000	15016091.000000	-2.515814	0.964141	-1.506741	-1.396822	2.295181	3.053234
322.990000	15016097.000000	-2.516530	0.964105	-1.494764	-1.444266	2.043483	2.956483
323.040000	15016103.000000	-2.517373	0.964024	-1.482222	-1.250461	2.303569	2.969832
323.090000	15016109.000000	-2.517435	0.964069	-1.469617	-1.297974	2.143447	2.907017
323.141000	15016115.000000	-2.517460	0.963903	-1.455608	-1.317849	2.100236	2.770447
323.190000	15016121.000000	-2.517374	0.963955	-1.440612	-1.261362	2.209096	2.705041
323.240000	15016127.000000	-2.517287	0.963490	-1.423918	-1.338528	2.262781	2.591671
323.290000	15016133.000000	-2.516974	0.963469	-1.406517	-1.212192	2.205580	2.564852
323.340000	15016139.000000	-2.516772	0.963278	-1.388142	-1.215593	1.916361	2.488593
323.391000	15016145.000000	-2.516562	0.962965	-1.369240	-1.511626	2.055274	2.417042
323.440000	15016151.000000	-2.516219	0.962848	-1.350217	-1.377645	2.009132	2.309354
323.490000	15016157.000000	-2.516222	0.962465	-1.330867	-1.455909	2.066069	2.199040
323.540000	15016163.000000	-2.516392	0.962602	-1.311369	-1.435386	1.982041	2.082151
323.590000	15016169.000000	-2.516789	0.962232	-1.291923	-1.498386	2.066219	1.980509
323.641000	15016175.000000	-2.517456	0.961923	-1.272221	-1.486611	2.021821	1.800792
323.690000	15016181.000000	-2.518228	0.961746	-1.252522	-1.349727	1.995869	1.605709
323.740000	15016187.000000	-2.518988	0.962001	-1.232785	-1.945678	1.787879	1.461495
323.790000	15016193.000000	-2.519891	0.961460	-1.212981	-2.188361	1.364708	1.328354
323.840000	15016199.000000	-2.520732	0.962001	-1.193553	-1.229990	1.669348	1.268395
323.891000	15016205.000000	-2.521613	0.961664	-1.173679	-1.377065	1.437251	1.245828
323.940000	15016211.000000	-2.522091	0.961495	-1.154084	-2.037508	2.128776	1.164829
323.991000	15016217.000000	-2.522308	0.961630	-1.133989	-1.276935	1.945428	1.323070
324.041000	15016223.000000	-2.522007	0.961040	-1.113576	-1.315607	1.484131	1.430509
324.091000	15016229.000000	-2.522108	0.961010	-1.093195	-1.436304	2.253254	1.599406
324.140000	15016235.000000	-2.522515	0.960857	-1.072902	-1.317459	2.084596	1.735098
324.190000	15016241.000000	-2.523249	0.960011	-1.052071	-1.683643	1.854692	1.805154
324.240000	15016247.000000	-2.523715	0.960294	-1.031728	-1.441334	2.340964	1.918496
324.290000	15016253.000000	-2.524112	0.959854	-1.010875	-1.495213	2.376041	1.966203
324.340000	15016259.000000	-2.524373	0.959500	-0.990488	-1.088752	1.781356	2.098968
324.391000	15016265.000000	-2.524469	0.959454	-0.969753	-1.381223	2.040232	2.223745
324.440000	15016271.000000	-2.524755	0.959418	-0.949123	-1.476527	2.368074	2.349058
324.490000	15016277.000000	-2.524690	0.959112	-0.928248	-1.446364	2.412024	2.382889
324.540000	15016283.000000	-2.524588	0.959170	-0.907304	-1.323482	2.549683	2.531752
324.590000	15016289.000000	-2.523854	0.958631	-0.885848	-1.273347	2.289944	2.710407
324.641000	15016295.000000	-2.522843	0.958523	-0.864221	-1.467141	2.721643	2.853320
324.690000	15016301.000000	-2.522085	0.958338	-0.842228	-1.353239	2.501667	2.937659
324.740000	15016307.000000	-2.521733	0.958143	-0.820244	-1.291564	2.553935	2.963292
324.790000	15016313.000000	-2.521993	0.957914	-0.797770	-1.291771	2.191368	2.659108
324.840000	15016319.000000	-2.522888	0.957900	-0.775488	-1.465268	2.819412	2.397101
324.891000	15016325.000000	-2.523557	0.957814	-0.753260	-0.976156	2.710564	2.147178
324.940000	15016331.000000	-2.523000	0.957714	-0.731183	-1.304451	2.473123	1.990053
324.990000	15016337.000000	-2.522336	0.957447	-0.709459	-1.075268	2.788930	1.962266
325.040000	15016343.000000	-2.521815	0.957662	-0.687999	-0.940006	3.164602	1.847665
325.090000	15016349.000000	-2.521141	0.956846	-0.667180	-1.126739	1.581033	1.753938
325.141000	15016355.000000	-2.520253	0.956968	-0.646246	-1.343396	2.475547	1.785506
325.190000	15016361.000000	-2.519551	0.957403	-0.625550	-1.256273	3.537003	1.695982
325.240000	15016367.000000	-2.518650	0.957160	-0.604625	-1.167143	3.411253	1.787976
325.290000	15016373.000000	-2.517500	0.956834	-0.583895	-1.100495	3.507904	1.868397
325.340000	15016379.000000	-2.516172	0.956750	-0.563206	-0.940024	3.391620	1.998417
325.391000	15016385.000000	-2.514857	0.956490	-0.543053	-1.344242	3.495516	2.090046
325.440000	15016391.000000	-2.513184	0.956593	-0.522660	-0.502207	2.729468	2.328618
325.490000	15016397.000000	-2.511607	0.956192	-0.502198	-1.040401	2.499224	2.370816
325.540000	15016403.000000	-2.510204	0.956370	-0.481451	-1.136129	3.422237	2.470200
325.590000	15016409.000000	-2.508538	0.956323	-0.460725	-1.204318	3.416513	2.648341
325.641000	15016415.000000	-2.506844	0.956367	-0.439539	-0.813766	3.290668	2.791388
325.690000	15016421.000000	-2.505230	0.956174	-0.418384	-0.740166	2.593620	2.907324
325.740000	15016427.000000	-2.503287	0.956152	-0.397304	-0.925679	3.275378	2.929494
325.790000	15016433.000000	-2.501342	0.956136	-0.376412	-0.598359	3.177294	3.141290
325.840000	15016439.000000	-2.499020	0.955883	-0.355936	-0.878018	3.140413	3.216398
325.891000	15016445.000000	-2.496829	0.955679	-0.335261	-0.795662	2.442116	3.377783
325.940000	15016451.000000	-2.494797	0.955475	-0.314647	-0.798093	2.419646	3.476709
325.991000	15016457.000000	-2.493018	0.955953	-0.294161	-0.810474	3.303299	3.493094
326.041000	15016463.000000	-2.491355	0.955701	-0.273933	-0.610492	3.151652	3.470682
326.091000	15016469.000000	-2.489775	0.955487	-0.253910	-0.641280	3.198119	3.480523
326.140000	15016475.000000	-2.488061	0.955442	-0.234343	-0.658791	2.928986	3.519823
326.190000	15016481.000000	-2.486605	0.955398	-0.214756	-0.728082	3.424667	3.432266
326.240000	15016487.000000	-2.485206	0.955274	-0.195202	-0.600896	3.329813	3.324250
326.290000	15016493.000000	-2.484056	0.955245	-0.175099	-0.339977	2.836240	3.211217
326.340000	15016499.000000	-2.483063	0.954924	-0.154799	-0.529972	2.640418	3.050693
326.391000	15016505.000000	-2.482100	0.954802	-0.133791	-0.587424	2.572521	2.905062
326.440000	15016511.000000	-2.480514	0.955193	-0.113792	-0.406989	3.426771	2.842831
326.490000	15016517.000000	-2.479256	0.954641	-0.092260	-0.426730	3.346295	2.839448
326.540000	15016523.000000	-2.478394	0.955077	-0.072229	-0.294719	3.669074	2.803926
326.590000	15016529.000000	-2.476847	0.954888	-0.051572	-0.304176	3.568391	2.760609
326.641000	15016535.000000	-2.475179	0.954575	-0.030882	-0.680931	3.472134	2.835847
326.690000	15016541.000000	-2.473675	0.954737	-0.010258	-0.845659	3.462355	2.825619
326.740000	15016547.000000	-2.472491	0.954620	0.010022	-0.811440	2.848319	2.940911
326.790000	15016553.000000	-2.471467	0.954333	0.030778	-0.278584	3.177317	3.004912
326.840000	15016559.000000	-2.470442	0.954166	0.051444	-0.517510	3.377934	3.049997
326.891000	15016565.000000	-2.468967	0.954202	0.072435	-0.707395	3.391151	3.107956
326.940000	15016571.000000	-2.467361	0.954133	0.094048	-0.479330	3.704177	3.228587
326.990000	15016577.000000	-2.465537	0.953411	0.115926	-0.650599	2.637339	3.389536
327.040000	15016583.000000	-2.463824	0.953649	0.138383	-0.506581	3.487686	3.541234
327.090000	15016589.000000	-2.462098	0.953932	0.160968	-0.458517	3.653949	3.614860
327.141000	15016595.000000	-2.460811	0.953520	0.183896	-0.567929	3.592162	3.711625
327.190000	15016601.000000	-2.459564	0.952936	0.206985	-0.817900	3.108686	3.812090
327.240000	15016607.000000	-2.457665	0.953063	0.229479	-0.750319	3.155355	4.033148
327.290000	15016613.000000	-2.455737	0.952948	0.252371	-0.573020	3.346406	4.148138
327.340000	15016619.000000	-2.454046	0.952982	0.275134	-1.246550	3.189059	4.140408
327.391000	15016625.000000	-2.452662	0.952747	0.298212	-0.820043	3.402992	4.241336
327.440000	15016631.000000	-2.451279	0.952347	0.321281	-0.757654	3.104678	4.336818
327.490000	15016637.000000	-2.449975	0.952223	0.344158	-0.971077	3.267425	4.355688
327.540000	15016643.000000	-2.448903	0.952149	0.367289	-0.768919	3.432462	4.368388
327.590000	15016649.000000	-2.447700	0.952075	0.389698	-0.697695	3.417649	4.321153
327.641000	15016655.000000	-2.446546	0.951738	0.412692	-1.079770	2.718040	4.285960
327.690000	15016661.000000	-2.445532	0.951499	0.435587	-0.897913	3.063227	4.233835
327.740000	15016667.000000	-2.444347	0.951222	0.458860	-0.958395	4.014097	4.206442
327.790000	15016673.000000	-2.443250	0.951131	0.482288	-0.591129	3.656980	4.056125
327.840000	15016679.000000	-2.442374	0.951936	0.506500	-1.633815	1.102976	4.108526
327.891000	15016685.000000	-2.441161	0.952111	0.530648	-1.523867	1.189311	4.167522
327.940000	15016691.000000	-2.439559	0.951567	0.554817	-1.514158	1.177968	4.185194
327.991000	15016697.000000	-2.438000	0.952157	0.578677	-1.319364	2.555649	3.913314
328.041000	15016703.000000	-2.436340	0.951545	0.602025	-1.171903	1.263871	4.260446
328.091000	15016709.000000	-2.434102	0.951901	0.625015	-1.559687	2.059497	4.043079
328.140000	15016715.000000	-2.432415	0.951557	0.647674	-1.081903	2.595831	4.103925
328.190000	15016721.000000	-2.430695	0.951215	0.670584	-1.445569	0.971746	4.528433
328.240000	15016727.000000	-2.428591	0.951383	0.692804	-1.711656	2.093307	4.424712
328.290000	15016733.000000	-2.426932	0.951179	0.714689	-0.993400	2.971948	4.502311
328.340000	15016739.000000	-2.425119	0.950782	0.736663	-1.601243	2.090762	4.600573
328.391000	15016745.000000	-2.423268	0.950296	0.758696	-0.671256	3.013046	4.805887
328.440000	15016751.000000	-2.421188	0.950364	0.781214	-1.508232	2.562780	4.929902
328.490000	15016757.000000	-2.419697	0.949847	0.803540	-1.021769	2.877935	4.923733
328.540000	15016763.000000	-2.418205	0.949621	0.826186	-1.551273	2.514714	4.878536
328.590000	15016769.000000	-2.417122	0.949528	0.848364	-1.135505	2.920213	4.790944
328.641000	15016775.000000	-2.415567	0.949128	0.870769	-0.845205	3.162908	4.863190
328.690000	15016781.000000	-2.413087	0.948939	0.892222	-1.061262	2.972663	5.091365
328.740000	15016787.000000	-2.410071	0.948835	0.913178	-1.356572	2.575742	5.305360
328.790000	15016793.000000	-2.407325	0.948335	0.933894	-0.967339	3.030576	5.448931
328.840000	15016799.000000	-2.405361	0.948240	0.953532	-0.848167	2.834142	5.663902
328.891000	15016805.000000	-2.403679	0.948138	0.972874	-1.225796	2.790969	5.717289
328.940000	15016811.000000	-2.402593	0.947940	0.991409	-1.223068	2.759520	5.687338
328.990000	15016817.000000	-2.401773	0.947515	1.009131	-1.171115	3.035324	5.497122
329.040000	15016823.000000	-2.400845	0.947480	1.026403	-1.055648	3.036078	5.378254
329.090000	15016829.000000	-2.399841	0.947255	1.042987	-0.932403	2.859464	5.240047
329.141000	15016835.000000	-2.398560	0.947223	1.059165	-0.951022	2.877473	5.236165
329.190000	15016841.000000	-2.397165	0.947076	1.075135	-0.914452	2.873465	5.220981
329.240000	15016847.000000	-2.395816	0.946908	1.090877	-1.173382	2.778284	5.209833
329.290000	15016853.000000	-2.394663	0.946625	1.106541	-1.014647	2.992582	5.218989
329.340000	15016859.000000	-2.393242	0.946572	1.122200	-1.055017	2.890148	5.217414
329.391000	15016865.000000	-2.392198	0.946508	1.137577	-0.694641	2.956163	5.053867
329.440000	15016871.000000	-2.391385	0.946314	1.152877	-1.152361	2.800473	5.104268
329.490000	15016877.000000	-2.390365	0.946183	1.167614	-0.852332	3.063341	5.003332
329.540000	15016883.000000	-2.388899	0.946065	1.181983	-0.904801	2.906760	5.016145
329.590000	15016889.000000	-2.387380	0.946123	1.196115	-0.881929	2.809460	5.039346
329.641000	15016895.000000	-2.385958	0.945948	1.210285	-0.941794	3.028618	5.078003
329.690000	15016901.000000	-2.384606	0.946010	1.224066	-0.783969	2.800545	5.151878
329.740000	15016907.000000	-2.382973	0.945763	1.237806	-1.064501	2.776732	5.223840
329.790000	15016913.000000	-2.381619	0.945729	1.251526	-0.988910	2.788384	5.290477
329.840000	15016919.000000	-2.380490	0.945436	1.265661	-1.035734	2.909143	5.282204
329.891000	15016925.000000	-2.379285	0.945378	1.279591	-0.781323	2.711581	5.277990
329.940000	15016931.000000	-2.377794	0.945269	1.294150	-0.967809	2.921467	5.398730
329.991000	15016937.000000	-2.376388	0.945309	1.308990	-0.776076	2.931572	5.520347
330.041000	15016943.000000	-2.374887	0.945060	1.323966	-1.261423	2.778275	5.460497
330.091000	15016949.000000	-2.373640	0.945000	1.339244	-0.870050	2.725222	5.432275
330.140000	15016955.000000	-2.372545	0.944790	1.354771	-1.244175	2.689234	5.485409
330.190000	15016961.000000	-2.371563	0.944948	1.370043	-1.014611	2.651358	5.446078
330.240000	15016967.000000	-2.370328	0.945013	1.385802	-1.264382	2.887605	5.437912
330.290000	15016973.000000	-2.368960	0.944833	1.401425	-0.988090	2.914668	5.492239
330.340000	15016979.000000	-2.368009	0.945059	1.416961	-1.119198	2.483567	5.492073
330.391000	15016985.000000	-2.366875	0.944793	1.432625	-1.405693	2.436345	5.414229
330.440000	15016991.000000	-2.365623	0.944717	1.447883	-1.151893	2.328316	5.536086
330.490000	15016997.000000	-2.364397	0.944602	1.462866	-1.411050	2.290058	5.588620
330.540000	15017003.000000	-2.363183	0.944610	1.477448	-1.260282	2.469794	5.599464
330.590000	15017009.000000	-2.362061	0.944499	1.491984	-1.432575	2.344720	5.631628
330.641000	15017015.000000	-2.360724	0.944475	1.505928	-1.392055	2.616549	5.755298
330.690000	15017021.000000	-2.359389	0.944625	1.519345	-1.293198	2.459961	5.828705
330.740000	15017027.000000	-2.358243	0.944444	1.532438	-1.405780	2.436903	5.914490
330.790000	15017033.000000	-2.356956	0.944304	1.545176	-1.406766	2.204658	5.983727
330.840000	15017039.000000	-2.355570	0.944428	1.557288	-1.779183	2.448350	6.058671
330.891000	15017045.000000	-2.354591	0.944472	1.568918	-1.551155	2.701566	6.074614
330.940000	15017051.000000	-2.353732	0.944225	1.580114	-1.508620	2.246992	6.249064
330.990000	15017057.000000	-2.352501	0.944615	1.590399	-1.395779	2.856464	6.215247
331.040000	15017063.000000	-2.351515	0.944217	1.600569	-1.490790	2.118279	6.429995
331.090000	15017069.000000	-2.350723	0.944243	1.609772	-1.508797	2.072367	6.506219
331.141000	15017075.000000	-2.350096	0.944284	1.618057	-1.281520	2.031701	6.572132
331.190000	15017081.000000	-2.349645	0.944254	1.626393	-1.240792	2.089235	6.580886
331.240000	15017087.000000	-2.349323	0.943953	1.633663	-1.741205	2.116497	6.589293
331.290000	15017093.000000	-2.349054	0.943928	1.640639	-1.589319	2.251035	6.628878
331.340000	15017099.000000	-2.348644	0.944371	1.646678	-1.358730	2.301265	6.587812
331.391000	15017105.000000	-2.348544	0.944073	1.652719	-1.308443	2.198513	6.672279
331.440000	15017111.000000	-2.347891	0.944108	1.657465	-1.512306	2.068982	6.744249
331.490000	15017117.000000	-2.347543	0.944391	1.661422	-1.401357	2.104241	6.721333
331.540000	15017123.000000	-2.346934	0.944317	1.665033	-1.444424	2.690503	6.694436
331.590000	15017129.000000	-2.347122	0.944409	1.666797	-1.258563	2.136358	6.748404
331.641000	15017135.000000	-2.346689	0.944457	1.669043	-1.160811	2.638425	6.691795
331.690000	15017141.000000	-2.346618	0.944313	1.669881	-1.526506	2.301212	6.743016
331.740000	15017147.000000	-2.346624	0.944281	1.670720	-1.401981	2.353097	6.751917
331.794000	15017154.000000	-2.346655	0.944119	1.671381	-1.219550	2.328870	6.748977
331.841000	15017159.000000	-2.346739	0.944079	1.671595	-1.204579	2.289860	6.734213
331.890000	15017165.000000	-2.346828	0.944046	1.671652	-1.265417	2.273013	6.706585
331.940000	15017171.000000	-2.346892	0.944101	1.671593	-1.301240	2.274935	6.680449
331.991000	15017177.000000	-2.347046	0.944059	1.671614	-1.342404	2.131175	6.641458
332.041000	15017183.000000	-2.347306	0.944163	1.671508	-1.356972	2.280935	6.616544
332.091000	15017189.000000	-2.347268	0.944146	1.671501	-1.362619	2.182286	6.631602
332.140000	15017195.000000	-2.347232	0.944135	1.671516	-1.351553	2.256033	6.618971
332.190000	15017201.000000	-2.347219	0.944159	1.671505	-1.362229	2.298778	6.607204
332.240000	15017207.000000	-2.347193	0.944136	1.671506	-1.371870	2.185222	6.603925
332.290000	15017213.000000	-2.347312	0.944219	1.671436	-1.365445	2.315154	6.563959
332.340000	15017219.000000	-2.347519	0.944197	1.671404	-1.420426	2.274567	6.537147
332.391000	15017225.000000	-2.347599	0.944235	1.671325	-1.402800	2.272332	6.524745
332.440000	15017231.000000	-2.347549	0.944216	1.671380	-1.390262	2.296227	6.547265
332.490000	15017237.000000	-2.347591	0.944183	1.671466	-1.370892	2.272779	6.546876
332.540000	15017243.000000	-2.347608	0.944117	1.671512	-1.345747	2.278550	6.527184
332.590000	15017249.000000	-2.347961	0.944107	1.671354	-1.438049	2.070832	6.492265
332.641000	15017255.000000	-2.348823	0.944056	1.671158	-1.705988	2.306579	6.395846
332.690000	15017261.000000	-2.349357	0.944143	1.671099	-1.637435	2.305488	6.294217
332.740000	15017267.000000	-2.349405	0.944040	1.671395	-1.455685	2.327255	6.280605
332.790000	15017273.000000	-2.349345	0.943971	1.671542	-1.509227	2.240502	6.265377
332.840000	15017279.000000	-2.349395	0.943965	1.671535	-1.466767	2.242131	6.269974
332.891000	15017285.000000	-2.349448	0.944032	1.671444	-1.422498	2.324055	6.273309
332.940000	15017291.000000	-2.349450	0.944028	1.671470	-1.495248	2.325669	6.262743
332.990000	15017297.000000	-2.349394	0.944025	1.671442	-1.461417	2.289285	6.270433
333.040000	15017303.000000	-2.349484	0.943989	1.671621	-1.456407	2.333017	6.266296
333.090000	15017309.000000	-2.349567	0.943949	1.671628	-1.519321	2.226180	6.269757
333.141000	15017315.000000	-2.349595	0.943991	1.671547	-1.486188	2.285807	6.275042
333.190000	15017321.000000	-2.349697	0.943794	1.671651	-1.442874	1.967567	6.290189
333.240000	15017327.000000	-2.349668	0.943959	1.671690	-1.101824	1.852115	6.291833
333.290000	15017333.000000	-2.349398	0.943959	1.671571	-1.465532	2.229438	6.349429
333.340000	15017339.000000	-2.348974	0.943899	1.671720	-1.488796	2.175694	6.399452
333.391000	15017345.000000	-2.348968	0.943932	1.671672	-1.503853	2.263617	6.400587
333.440000	15017351.000000	-2.349064	0.943948	1.671631	-1.477495	2.205050	6.420763
333.490000	15017357.000000	-2.348800	0.943941	1.671635	-1.554999	2.196607	6.440040
333.540000	15017363.000000	-2.348768	0.943962	1.671606	-1.539804	2.132048	6.402085
333.590000	15017369.000000	-2.348958	0.943986	1.671550	-1.429912	2.290978	6.402863
333.641000	15017375.000000	-2.348960	0.943912	1.671504	-1.705673	2.322528	6.433609
333.690000	15017381.000000	-2.348859	0.943931	1.671447	-1.722780	2.291569	6.458533
333.740000	15017387.000000	-2.348807	0.943902	1.671411	-1.702788	2.248541	6.442933
333.790000	15017393.000000	-2.348860	0.943923	1.671451	-1.720185	2.274315	6.441765
333.840000	15017399.000000	-2.348804	0.943934	1.671393	-1.716306	2.359526	6.439629
333.891000	15017405.000000	-2.348835	0.943906	1.671478	-1.718250	2.302827	6.461358
333.940000	15017411.000000	-2.348790	0.943937	1.671495	-1.748691	2.323430	6.448493
333.991000	15017417.000000	-2.348650	0.943869	1.671563	-1.755899	2.219116	6.462221
334.041000	15017423.000000	-2.348508	0.944069	1.671692	-1.198875	2.011330	6.426913
334.091000	15017429.000000	-2.348436	0.944115	1.671472	-1.344744	2.062943	6.425005
334.140000	15017435.000000	-2.348217	0.944316	1.671197	-1.400368	2.171436	6.405319
334.190000	15017441.000000	-2.348128	0.944254	1.671232	-1.370143	2.171153	6.402909
334.240000	15017447.000000	-2.348269	0.944135	1.671484	-1.419512	2.107367	6.388220
334.290000	15017453.000000	-2.348229	0.944199	1.671349	-1.405890	2.173211	6.387977
334.340000	15017459.000000	-2.348226	0.944155	1.671361	-1.461068	2.118733	6.410665
334.391000	15017465.000000	-2.348243	0.944201	1.671316	-1.385448	2.188512	6.406198
334.440000	15017471.000000	-2.348166	0.944213	1.671359	-1.441566	2.186754	6.405169
334.490000	15017477.000000	-2.348166	0.944269	1.671340	-1.440938	2.357811	6.374301
334.540000	15017483.000000	-2.348132	0.944225	1.671292	-1.441032	2.147810	6.400867
334.590000	15017489.000000	-2.348111	0.944262	1.671311	-1.448952	2.167296	6.408834
334.641000	15017495.000000	-2.348175	0.944055	1.671265	-1.786824	2.323555	6.418661
334.690000	15017501.000000	-2.348083	0.944263	1.671259	-1.464233	2.264585	6.394098
334.740000	15017507.000000	-2.348064	0.944355	1.671266	-1.410774	2.397676	6.365328
334.790000	15017513.000000	-2.348011	0.944310	1.671284	-1.495820	2.312663	6.347085
334.840000	15017519.000000	-2.347999	0.944340	1.671274	-1.451630	2.321340	6.350668
334.891000	15017525.000000	-2.347988	0.944357	1.671260	-1.454232	2.340280	6.352360
334.940000	15017531.000000	-2.347971	0.944372	1.671261	-1.452597	2.382228	6.343052
334.990000	15017537.000000	-2.347975	0.944338	1.671280	-1.432674	2.379262	6.347440
335.040000	15017543.000000	-2.348013	0.944262	1.671282	-1.414504	2.188435	6.397400
335.090000	15017549.000000	-2.347989	0.944288	1.671260	-1.421929	2.176127	6.385738
335.141000	15017555.000000	-2.347860	0.944386	1.671187	-1.506668	2.321975	6.347183
335.190000	15017561.000000	-2.347899	0.944389	1.671237	-1.402915	2.398963	6.342869
335.240000	15017567.000000	-2.347958	0.944239	1.671276	-1.419934	2.116711	6.395638
335.290000	15017573.000000	-2.347884	0.944393	1.671210	-1.448909	2.366134	6.344630
335.340000	15017579.000000	-2.347854	0.944385	1.671219	-1.469551	2.389638	6.348413
335.391000	15017585.000000	-2.347888	0.944259	1.671249	-1.444862	2.118873	6.381734
335.440000	15017591.000000	-2.347905	0.944294	1.671237	-1.439010	2.137331	6.374053
335.490000	15017597.000000	-2.347902	0.944313	1.671219	-1.447524	2.190918	6.383144
335.540000	15017603.000000	-2.347919	0.944276	1.671223	-1.422527	2.101668	6.390344
335.590000	15017609.000000	-2.347795	0.944343	1.671201	-1.493715	2.341750	6.328593
335.641000	15017615.000000	-2.347734	0.944357	1.671276	-1.454293	2.261230	6.325374
335.690000	15017621.000000	-2.347814	0.944352	1.671287	-1.449465	2.364711	6.343911
335.740000	15017627.000000	-2.347789	0.944374	1.671231	-1.466031	2.406161	6.332134
335.790000	15017633.000000	-2.347821	0.944314	1.671288	-1.441486	2.303271	6.344207
335.840000	15017639.000000	-2.347839	0.944354	1.671219	-1.429630	2.394849	6.338439
335.891000	15017645.000000	-2.347785	0.944308	1.671279	-1.425965	2.308915	6.340085
335.940000	15017651.000000	-2.347818	0.944314	1.671261	-1.436651	2.312460	6.330933
335.991000	15017657.000000	-2.347780	0.944379	1.671199	-1.450310	2.343575	6.336737
336.041000	15017663.000000	-2.347773	0.944354	1.671241	-1.417331	2.369929	6.331093
336.091000	15017669.000000	-2.347804	0.944326	1.671264	-1.443737	2.350669	6.333128
336.140000	15017675.000000	-2.347767	0.944385	1.671233	-1.446880	2.392670	6.328800
336.190000	15017681.000000	-2.347796	0.944312	1.671256	-1.470285	2.327384	6.328380
336.240000	15017687.000000	-2.347792	0.944309	1.671279	-1.448996	2.344664	6.332454
336.290000	15017693.000000	-2.347776	0.944304	1.671263	-1.421474	2.294843	6.334109
336.340000	15017699.000000	-2.347818	0.944270	1.671234	-1.419380	2.214726	6.365245
336.391000	15017705.000000	-2.347741	0.944310	1.671276	-1.428104	2.285275	6.327785
336.440000	15017711.000000	-2.347734	0.944332	1.671294	-1.440897	2.271777	6.318743
336.490000	15017717.000000	-2.347773	0.944287	1.671281	-1.427674	2.259142	6.332900
336.540000	15017723.000000	-2.347783	0.944322	1.671269	-1.407974	2.299920	6.318714
336.590000	15017729.000000	-2.347854	0.944289	1.671293	-1.460038	2.293301	6.298745
336.641000	15017735.000000	-2.348007	0.944062	1.671234	-1.804359	2.233250	6.343587
336.690000	15017741.000000	-2.347991	0.944369	1.671256	-1.494227	2.404469	6.272026
336.740000	15017747.000000	-2.348007	0.944322	1.671270	-1.494876	2.347553	6.274679
336.790000	15017753.000000	-2.348099	0.944075	1.671220	-1.721980	2.240531	6.328428
336.840000	15017759.000000	-2.348107	0.944074	1.671219	-1.753965	2.241835	6.341371
336.891000	15017765.000000	-2.348060	0.944164	1.671206	-1.807149	2.404768	6.289956
336.940000	15017771.000000	-2.348074	0.944261	1.671257	-1.417576	2.168109	6.306145
336.990000	15017777.000000	-2.348059	0.944272	1.671266	-1.447559	2.227354	6.293873
337.040000	15017783.000000	-2.348018	0.944382	1.671238	-1.488169	2.335099	6.255917
337.090000	15017789.000000	-2.348075	0.944144	1.671260	-1.779242	2.475992	6.296840
337.141000	15017795.000000	-2.348074	0.944241	1.671254	-1.383878	2.131183	6.307699
337.190000	15017801.000000	-2.348116	0.944267	1.671210	-1.471229	2.231351	6.285501
337.240000	15017807.000000	-2.348133	0.944221	1.671310	-1.438765	2.104753	6.284379
337.290000	15017813.000000	-2.348139	0.944228	1.671272	-1.439775	2.148702	6.297246
337.340000	15017819.000000	-2.348180	0.944206	1.671284	-1.479471	2.133782	6.285655
337.391000	15017825.000000	-2.348161	0.944235	1.671256	-1.432098	2.126519	6.288356
337.440000	15017831.000000	-2.348157	0.944269	1.671265	-1.426506	2.127605	6.298477
337.490000	15017837.000000	-2.348132	0.944252	1.671280	-1.406240	2.121108	6.284938
337.540000	15017843.000000	-2.348154	0.944267	1.671244	-1.415476	2.142357	6.286367
337.590000	15017849.000000	-2.348104	0.944303	1.671256	-1.545695	2.323089	6.245168
337.641000	15017855.000000	-2.348073	0.944348	1.671220	-1.456661	2.341403	6.258517
337.690000	15017861.000000	-2.348142	0.944275	1.671236	-1.425743	2.221006	6.298207
337.740000	15017867.000000	-2.348059	0.944291	1.671206	-1.453506	2.100426	6.282579
