%time	0	1	2	3	4	5	6
210.372000	-431602080.000000	-431602080.000000	-431602080.000000	-431602080.000000	135.000000	-0.000000	135.000000
210.414000	15002593.000000	-1.939388	0.956502	-1.239705	-1.236292	1.330762	7.323564
210.464000	15002599.000000	-1.939393	0.956536	-1.239728	-1.245938	1.267919	7.351711
210.514000	15002605.000000	-1.939386	0.956522	-1.239702	-1.263121	1.318397	7.352816
210.564000	15002611.000000	-1.939388	0.956539	-1.239719	-1.220436	1.305092	7.332908
210.614000	15002617.000000	-1.939387	0.956547	-1.239706	-1.311543	1.306393	7.332699
210.664000	15002623.000000	-1.939380	0.956543	-1.239692	-1.251330	1.329912	7.329005
210.714000	15002629.000000	-1.939395	0.956535	-1.239716	-1.253093	1.292910	7.327304
210.764000	15002635.000000	-1.939386	0.956535	-1.239723	-1.278729	1.277103	7.329303
210.814000	15002641.000000	-1.939384	0.956490	-1.239708	-1.260969	1.239154	7.321177
210.864000	15002647.000000	-1.939381	0.956546	-1.239702	-1.280478	1.255894	7.324451
210.914000	15002653.000000	-1.939377	0.956496	-1.239736	-1.319651	1.284786	7.338967
210.964000	15002659.000000	-1.939380	0.956487	-1.239721	-1.258044	1.260844	7.321475
211.014000	15002665.000000	-1.939369	0.956501	-1.239704	-1.313587	1.207014	7.324341
211.064000	15002671.000000	-1.939378	0.956536	-1.239729	-1.276404	1.314664	7.327236
211.114000	15002677.000000	-1.939397	0.956505	-1.239715	-1.309095	1.302263	7.335176
211.164000	15002683.000000	-1.939386	0.956492	-1.239707	-1.261664	1.319076	7.333664
211.214000	15002689.000000	-1.939377	0.956509	-1.239721	-1.262426	1.300699	7.322072
211.264000	15002695.000000	-1.939393	0.956508	-1.239716	-1.272064	1.295836	7.330247
211.314000	15002701.000000	-1.939373	0.956509	-1.239688	-1.317486	1.250216	7.330389
211.385000	15002710.000000	-1.939378	0.956519	-1.239725	-1.262141	1.251179	7.323463
211.446000	15002717.000000	-1.939377	0.956531	-1.239704	-1.257485	1.248294	7.342628
211.463000	15002718.000000	-1.939376	0.956503	-1.239713	-1.257874	1.287864	7.335017
211.514000	15002725.000000	-1.939397	0.956526	-1.239726	-1.280209	1.300977	7.336245
211.564000	15002731.000000	-1.939374	0.956520	-1.239702	-1.304942	1.302617	7.338599
211.614000	15002737.000000	-1.939390	0.956502	-1.239716	-1.283545	1.286993	7.333028
211.664000	15002743.000000	-1.939393	0.956504	-1.239709	-1.236420	1.262872	7.327449
211.714000	15002749.000000	-1.939387	0.956557	-1.239727	-1.311202	1.346420	7.337268
211.764000	15002755.000000	-1.939389	0.956492	-1.239730	-1.339242	1.266442	7.319334
211.814000	15002761.000000	-1.939373	0.956503	-1.239701	-1.223313	1.306407	7.331905
211.864000	15002767.000000	-1.939399	0.956547	-1.239713	-1.256792	1.320093	7.342237
211.915000	15002773.000000	-1.939378	0.956541	-1.239710	-1.263462	1.257030	7.338841
211.964000	15002779.000000	-1.939382	0.956496	-1.239683	-1.288557	1.275561	7.342292
212.014000	15002785.000000	-1.939390	0.956545	-1.239727	-1.240850	1.334647	7.341979
212.064000	15002791.000000	-1.939384	0.956520	-1.239703	-1.299639	1.262411	7.327731
212.114000	15002797.000000	-1.939385	0.956517	-1.239702	-1.289762	1.272541	7.335661
212.164000	15002803.000000	-1.939391	0.956513	-1.239710	-1.321515	1.290951	7.338564
212.214000	15002809.000000	-1.939403	0.956506	-1.239732	-1.289621	1.268742	7.336505
212.264000	15002815.000000	-1.939380	0.956528	-1.239708	-1.326949	1.299974	7.343389
212.314000	15002821.000000	-1.939391	0.956536	-1.239712	-1.278059	1.272283	7.334416
212.364000	15002827.000000	-1.939375	0.956507	-1.239713	-1.294528	1.292895	7.344324
212.414000	15002833.000000	-1.939393	0.956466	-1.239703	-1.288476	1.230210	7.336556
212.464000	15002839.000000	-1.939375	0.956524	-1.239714	-1.228503	1.311221	7.329297
212.514000	15002845.000000	-1.939387	0.956533	-1.239756	-1.286689	1.294361	7.331493
212.564000	15002851.000000	-1.939395	0.956566	-1.239774	-1.271523	1.372385	7.336235
212.614000	15002857.000000	-1.939374	0.956496	-1.239679	-1.322476	1.291810	7.340930
212.664000	15002863.000000	-1.939385	0.956521	-1.239663	-1.294905	1.292654	7.331206
212.714000	15002869.000000	-1.939390	0.956527	-1.239791	-1.271603	1.251186	7.347368
212.764000	15002875.000000	-1.939385	0.956505	-1.239707	-1.240818	1.249673	7.333851
212.814000	15002881.000000	-1.939370	0.956492	-1.239654	-1.343540	1.237576	7.330086
212.864000	15002887.000000	-1.939395	0.956552	-1.239759	-1.317227	1.337859	7.321159
212.914000	15002893.000000	-1.939384	0.956513	-1.239725	-1.270128	1.252750	7.330223
212.964000	15002899.000000	-1.939383	0.956501	-1.239670	-1.293743	1.338005	7.336384
213.014000	15002905.000000	-1.939385	0.956548	-1.239715	-1.305567	1.306678	7.322966
213.064000	15002911.000000	-1.939378	0.956522	-1.239743	-1.245712	1.300890	7.327150
213.114000	15002917.000000	-1.939392	0.956512	-1.239727	-1.257653	1.273493	7.323860
213.164000	15002923.000000	-1.939372	0.956500	-1.239674	-1.299382	1.257892	7.322383
213.214000	15002929.000000	-1.939392	0.956514	-1.239754	-1.321419	1.240371	7.343617
213.264000	15002935.000000	-1.939391	0.956523	-1.239728	-1.277894	1.237047	7.336050
213.314000	15002941.000000	-1.939394	0.956509	-1.239668	-1.242430	1.296448	7.327114
213.364000	15002947.000000	-1.939385	0.956519	-1.239741	-1.307471	1.242505	7.325649
213.414000	15002953.000000	-1.939387	0.956501	-1.239699	-1.242567	1.240826	7.336523
213.464000	15002959.000000	-1.939387	0.956511	-1.239668	-1.254944	1.307960	7.339072
213.514000	15002965.000000	-1.939385	0.956537	-1.239704	-1.242775	1.337282	7.334044
213.564000	15002971.000000	-1.939391	0.956514	-1.239729	-1.284851	1.300478	7.327176
213.614000	15002977.000000	-1.939382	0.956554	-1.239709	-1.232052	1.270263	7.343404
213.664000	15002983.000000	-1.939377	0.956550	-1.239672	-1.266547	1.318308	7.341733
213.714000	15002989.000000	-1.939386	0.956527	-1.239716	-1.273595	1.324888	7.325305
213.764000	15002995.000000	-1.939383	0.956504	-1.239720	-1.300135	1.266629	7.323997
213.814000	15003001.000000	-1.939385	0.956540	-1.239679	-1.285315	1.305070	7.343249
213.864000	15003007.000000	-1.939383	0.956528	-1.239709	-1.274761	1.256841	7.334002
213.915000	15003013.000000	-1.939377	0.956548	-1.239711	-1.253064	1.332991	7.321102
213.964000	15003019.000000	-1.939392	0.956556	-1.239701	-1.282218	1.301075	7.320468
214.014000	15003025.000000	-1.939380	0.956519	-1.239704	-1.280218	1.277063	7.328010
214.064000	15003031.000000	-1.939378	0.956511	-1.239720	-1.331380	1.335717	7.331326
214.114000	15003037.000000	-1.939389	0.956486	-1.239724	-1.262784	1.292988	7.331949
214.164000	15003043.000000	-1.939375	0.956524	-1.239685	-1.269755	1.324308	7.340168
214.214000	15003049.000000	-1.939395	0.956535	-1.239725	-1.222586	1.276403	7.332542
214.264000	15003055.000000	-1.939371	0.956509	-1.239700	-1.235669	1.240004	7.339482
214.314000	15003061.000000	-1.939383	0.956468	-1.239699	-1.284010	1.254839	7.333148
214.364000	15003067.000000	-1.939378	0.956500	-1.239730	-1.304831	1.346560	7.330163
214.414000	15003073.000000	-1.939366	0.956518	-1.239691	-1.297809	1.307399	7.329048
214.464000	15003079.000000	-1.939403	0.956509	-1.239692	-1.298913	1.278303	7.339629
214.514000	15003085.000000	-1.939384	0.956544	-1.239705	-1.282837	1.264733	7.341343
214.564000	15003091.000000	-1.939392	0.956550	-1.239715	-1.240632	1.282927	7.324152
214.614000	15003097.000000	-1.939370	0.956513	-1.239707	-1.257427	1.227966	7.327906
214.664000	15003103.000000	-1.939376	0.956482	-1.239700	-1.256956	1.205056	7.340703
214.714000	15003109.000000	-1.939386	0.956530	-1.239719	-1.308330	1.299741	7.335106
214.764000	15003115.000000	-1.939384	0.956529	-1.239716	-1.247310	1.367478	7.348127
214.814000	15003121.000000	-1.939379	0.956513	-1.239708	-1.272071	1.258850	7.323098
214.864000	15003127.000000	-1.939392	0.956511	-1.239725	-1.319249	1.260863	7.339993
214.914000	15003133.000000	-1.939396	0.956544	-1.239732	-1.304285	1.244279	7.331887
214.964000	15003139.000000	-1.939384	0.956534	-1.239730	-1.296823	1.330346	7.346727
215.014000	15003145.000000	-1.939392	0.956524	-1.239744	-1.307653	1.336020	7.344340
215.064000	15003151.000000	-1.939370	0.956517	-1.239754	-1.285361	1.238255	7.326952
215.114000	15003157.000000	-1.939378	0.956551	-1.239747	-1.292145	1.302005	7.331134
215.164000	15003163.000000	-1.939384	0.956565	-1.239758	-1.275086	1.301735	7.333158
215.214000	15003169.000000	-1.939382	0.956513	-1.239742	-1.283353	1.293509	7.325346
215.264000	15003175.000000	-1.939386	0.956525	-1.239767	-1.258323	1.326319	7.330056
215.314000	15003181.000000	-1.939373	0.956550	-1.239770	-1.300354	1.298947	7.326979
215.364000	15003187.000000	-1.939382	0.956570	-1.239771	-1.283181	1.355802	7.324811
215.414000	15003193.000000	-1.939377	0.956517	-1.239780	-1.282123	1.262111	7.339013
215.464000	15003199.000000	-1.939379	0.956520	-1.239743	-1.259059	1.310000	7.336988
215.514000	15003205.000000	-1.939383	0.956546	-1.239769	-1.339232	1.264463	7.326674
215.564000	15003211.000000	-1.939375	0.956513	-1.239735	-1.287214	1.274464	7.339178
215.614000	15003217.000000	-1.939372	0.956520	-1.239756	-1.313528	1.285216	7.316382
215.664000	15003223.000000	-1.939376	0.956504	-1.239748	-1.299013	1.257444	7.334030
215.714000	15003229.000000	-1.939384	0.956520	-1.239729	-1.237150	1.326943	7.336736
215.764000	15003235.000000	-1.939383	0.956528	-1.239762	-1.286548	1.275006	7.330724
215.814000	15003241.000000	-1.939385	0.956541	-1.239724	-1.252562	1.325739	7.335828
215.864000	15003247.000000	-1.939376	0.956507	-1.239707	-1.345478	1.258176	7.323861
215.915000	15003253.000000	-1.939371	0.956504	-1.239663	-1.339615	1.217482	7.336281
215.964000	15003259.000000	-1.939387	0.956540	-1.239718	-1.281650	1.273088	7.336691
216.014000	15003265.000000	-1.939376	0.956501	-1.239720	-1.271357	1.290673	7.325617
216.064000	15003271.000000	-1.939386	0.956516	-1.239683	-1.314110	1.310382	7.324730
216.114000	15003277.000000	-1.939391	0.956505	-1.239711	-1.325333	1.296134	7.338450
216.164000	15003283.000000	-1.939388	0.956556	-1.239699	-1.291365	1.311600	7.339944
216.214000	15003289.000000	-1.939387	0.956514	-1.239717	-1.243357	1.284375	7.323749
216.264000	15003295.000000	-1.939388	0.956512	-1.239693	-1.325258	1.261939	7.326754
216.314000	15003301.000000	-1.939392	0.956535	-1.239706	-1.297938	1.277273	7.333349
216.364000	15003307.000000	-1.939399	0.956525	-1.239697	-1.267604	1.277625	7.339703
216.414000	15003313.000000	-1.939387	0.956533	-1.239683	-1.283740	1.261176	7.335627
216.464000	15003319.000000	-1.939391	0.956522	-1.239709	-1.280211	1.315173	7.338865
216.514000	15003325.000000	-1.939387	0.956512	-1.239694	-1.300350	1.244961	7.329934
216.564000	15003331.000000	-1.939378	0.956544	-1.239695	-1.287679	1.306676	7.335455
216.614000	15003336.000000	-1.939395	0.956534	-1.239707	-1.317283	1.293878	7.323308
216.664000	15003343.000000	-1.939384	0.956510	-1.239700	-1.307144	1.225132	7.334922
216.714000	15003349.000000	-1.939398	0.956537	-1.239714	-1.255956	1.330254	7.337914
216.764000	15003355.000000	-1.939391	0.956524	-1.239692	-1.281179	1.232551	7.333731
216.814000	15003361.000000	-1.939387	0.956551	-1.239711	-1.256565	1.326333	7.346231
216.864000	15003367.000000	-1.939386	0.956547	-1.239691	-1.315155	1.288895	7.337742
216.914000	15003373.000000	-1.939380	0.956508	-1.239710	-1.317423	1.290436	7.336955
216.964000	15003379.000000	-1.939379	0.956520	-1.239714	-1.266643	1.303601	7.313697
217.014000	15003385.000000	-1.939386	0.956505	-1.239707	-1.288066	1.292087	7.329210
217.064000	15003391.000000	-1.939396	0.956514	-1.239694	-1.279196	1.187306	7.342890
217.114000	15003397.000000	-1.939394	0.956487	-1.239703	-1.287224	1.261528	7.339919
217.164000	15003403.000000	-1.939397	0.956569	-1.239705	-1.277872	1.288714	7.339898
217.214000	15003409.000000	-1.939379	0.956482	-1.239697	-1.303032	1.242261	7.326450
217.264000	15003415.000000	-1.939386	0.956510	-1.239701	-1.293453	1.284197	7.327023
217.314000	15003421.000000	-1.939379	0.956514	-1.239704	-1.284231	1.288726	7.332551
217.364000	15003427.000000	-1.939393	0.956521	-1.239699	-1.307940	1.288837	7.329266
217.414000	15003433.000000	-1.939386	0.956533	-1.239704	-1.320858	1.301622	7.335682
217.464000	15003439.000000	-1.939386	0.956539	-1.239697	-1.271019	1.261160	7.348759
217.514000	15003445.000000	-1.939385	0.956505	-1.239709	-1.234508	1.342151	7.343128
217.564000	15003451.000000	-1.939391	0.956496	-1.239700	-1.287564	1.241129	7.322826
217.614000	15003457.000000	-1.939390	0.956540	-1.239699	-1.277850	1.324429	7.351221
217.664000	15003463.000000	-1.939389	0.956522	-1.239711	-1.263142	1.269304	7.334219
217.714000	15003469.000000	-1.939393	0.956507	-1.239695	-1.231204	1.275979	7.343479
217.764000	15003475.000000	-1.939387	0.956519	-1.239708	-1.306105	1.278315	7.329830
217.814000	15003481.000000	-1.939381	0.956512	-1.239712	-1.319349	1.270721	7.333816
217.864000	15003487.000000	-1.939385	0.956508	-1.239705	-1.262357	1.295545	7.334812
217.915000	15003493.000000	-1.939390	0.956503	-1.239697	-1.305285	1.283542	7.332871
217.964000	15003499.000000	-1.939383	0.956515	-1.239705	-1.289680	1.276287	7.334095
218.014000	15003505.000000	-1.939383	0.956522	-1.239714	-1.273268	1.306431	7.325957
218.064000	15003511.000000	-1.939386	0.956526	-1.239694	-1.254502	1.329348	7.338628
218.114000	15003517.000000	-1.939380	0.956549	-1.239687	-1.318695	1.323121	7.343216
218.164000	15003523.000000	-1.939378	0.956543	-1.239706	-1.297550	1.322941	7.335055
218.214000	15003529.000000	-1.939393	0.956539	-1.239699	-1.328726	1.288479	7.326652
218.264000	15003535.000000	-1.939386	0.956560	-1.239697	-1.273415	1.292444	7.347732
218.314000	15003541.000000	-1.939382	0.956509	-1.239707	-1.338641	1.279730	7.336455
218.364000	15003547.000000	-1.939386	0.956512	-1.239703	-1.300103	1.259586	7.335108
218.414000	15003553.000000	-1.939383	0.956532	-1.239707	-1.297678	1.272323	7.323573
218.464000	15003559.000000	-1.939387	0.956533	-1.239704	-1.288444	1.294884	7.339833
218.514000	15003565.000000	-1.939372	0.956525	-1.239700	-1.283769	1.284753	7.332975
218.564000	15003571.000000	-1.939383	0.956508	-1.239694	-1.327826	1.250108	7.324168
218.614000	15003577.000000	-1.939387	0.956530	-1.239706	-1.314950	1.296141	7.323912
218.664000	15003583.000000	-1.939381	0.956546	-1.239702	-1.269079	1.285557	7.327327
218.714000	15003589.000000	-1.939377	0.956554	-1.239694	-1.325458	1.269297	7.341028
218.764000	15003595.000000	-1.939366	0.956528	-1.239699	-1.289258	1.288196	7.328825
218.814000	15003601.000000	-1.939346	0.956505	-1.239676	-1.319121	1.347857	7.326142
218.864000	15003607.000000	-1.939337	0.956508	-1.239659	-1.276736	1.282569	7.312759
218.914000	15003613.000000	-1.939317	0.956511	-1.239646	-1.230705	1.287412	7.318276
218.979000	15003621.000000	-1.939369	0.956475	-1.239595	-1.302499	1.363099	7.344517
219.013000	15003625.000000	-1.939394	0.956400	-1.239393	-1.337611	1.269831	7.335417
219.064000	15003631.000000	-1.939215	0.956382	-1.239144	-1.394325	1.347616	7.315038
219.114000	15003637.000000	-1.939394	0.956336	-1.239026	-1.354172	1.287862	7.319571
219.164000	15003643.000000	-1.939381	0.956289	-1.238613	-1.416722	1.239776	7.310234
219.214000	15003649.000000	-1.939274	0.956431	-1.237799	-1.057907	1.253081	7.345560
219.264000	15003655.000000	-1.939321	0.956411	-1.236037	-0.962274	1.239526	7.294533
219.314000	15003661.000000	-1.939220	0.956252	-1.233398	-1.122778	1.343324	7.274822
219.364000	15003667.000000	-1.939343	0.956285	-1.229495	-1.169002	1.415017	7.303392
219.414000	15003673.000000	-1.939298	0.956318	-1.224033	-1.007763	1.367138	7.234578
219.464000	15003679.000000	-1.939187	0.956463	-1.218107	-1.091662	1.171565	7.203508
219.514000	15003685.000000	-1.939072	0.956302	-1.210790	-0.906263	1.540229	7.189507
219.564000	15003691.000000	-1.939112	0.956281	-1.203387	-1.116822	1.735306	7.177338
219.614000	15003697.000000	-1.939116	0.956148	-1.194935	-0.905490	1.349315	7.113252
219.664000	15003703.000000	-1.939306	0.956077	-1.186085	-0.943675	1.499323	7.096846
219.714000	15003709.000000	-1.939378	0.956059	-1.176924	-0.757963	1.465095	7.100821
219.764000	15003715.000000	-1.939148	0.955974	-1.167366	-1.002324	1.587960	7.059396
219.814000	15003721.000000	-1.938845	0.955760	-1.157750	-0.900801	1.372159	6.969007
219.864000	15003727.000000	-1.939087	0.955496	-1.147541	-1.029831	1.342397	6.906199
219.915000	15003733.000000	-1.939183	0.955513	-1.137414	-0.899236	1.403466	6.898273
219.964000	15003739.000000	-1.938888	0.955355	-1.126909	-0.993968	1.728495	6.850385
220.014000	15003745.000000	-1.938548	0.955248	-1.116463	-0.961075	1.384024	6.888411
220.064000	15003751.000000	-1.938658	0.955041	-1.105056	-0.874207	1.411116	6.893589
220.114000	15003757.000000	-1.938896	0.955042	-1.093521	-0.919998	1.745482	6.821502
220.164000	15003763.000000	-1.939394	0.954795	-1.081179	-0.905541	1.276536	6.732162
220.214000	15003769.000000	-1.940033	0.954768	-1.068324	-0.850617	1.381763	6.607316
220.264000	15003775.000000	-1.940589	0.954784	-1.054927	-0.692546	1.431358	6.535617
220.314000	15003781.000000	-1.940834	0.954320	-1.041470	-0.859358	1.360360	6.431356
220.364000	15003787.000000	-1.941235	0.954296	-1.028193	-0.824784	1.551156	6.393288
220.414000	15003793.000000	-1.941583	0.954468	-1.015006	-1.079589	2.053272	6.364531
220.464000	15003799.000000	-1.942104	0.954206	-1.001840	-1.022566	1.970412	6.299828
220.514000	15003805.000000	-1.942518	0.954278	-0.988907	-0.938674	1.877070	6.311832
220.564000	15003811.000000	-1.942810	0.954331	-0.975203	-0.953322	2.332590	6.324920
220.614000	15003817.000000	-1.942974	0.953909	-0.961730	-0.639623	1.175457	6.285316
220.664000	15003823.000000	-1.942976	0.953484	-0.947869	-0.836271	1.403696	6.395852
220.714000	15003829.000000	-1.942836	0.953446	-0.933888	-0.820135	1.476939	6.583330
220.764000	15003835.000000	-1.942338	0.953305	-0.919971	-0.670760	1.392104	6.748260
220.814000	15003841.000000	-1.942215	0.953239	-0.906249	-0.861028	1.662031	6.973190
220.864000	15003847.000000	-1.941819	0.953134	-0.892176	-0.615549	1.387540	7.147364
220.914000	15003853.000000	-1.942129	0.953082	-0.878687	-0.831919	1.073991	7.087526
220.964000	15003859.000000	-1.942814	0.952873	-0.863802	-0.885520	1.971506	7.123321
221.014000	15003865.000000	-1.943554	0.952950	-0.849693	-0.493209	1.775031	7.173023
221.064000	15003871.000000	-1.943814	0.952797	-0.834988	-0.461579	1.863513	7.106550
221.114000	15003877.000000	-1.944415	0.952716	-0.820382	-0.689089	1.929959	7.189071
221.164000	15003883.000000	-1.944857	0.952815	-0.805490	-0.324162	2.026512	7.232780
221.214000	15003889.000000	-1.945114	0.952292	-0.790440	-0.834943	2.050459	7.260649
221.264000	15003895.000000	-1.945360	0.952682	-0.775595	-0.431224	2.071081	7.282091
221.314000	15003901.000000	-1.945340	0.952236	-0.760727	-0.876213	2.077785	7.381639
221.364000	15003907.000000	-1.945417	0.952288	-0.746033	-0.668790	2.096661	7.429575
221.414000	15003913.000000	-1.945822	0.952061	-0.731884	-0.751661	1.860861	7.404860
221.464000	15003919.000000	-1.946407	0.952108	-0.718367	-0.882461	2.221458	7.418260
221.514000	15003925.000000	-1.947077	0.952013	-0.704764	-0.166885	1.576600	7.301811
221.564000	15003931.000000	-1.947534	0.952005	-0.692210	-0.826993	2.192458	7.304298
221.614000	15003937.000000	-1.948022	0.951707	-0.679260	-0.761518	1.862857	7.223189
221.664000	15003943.000000	-1.948574	0.952074	-0.666729	-0.365026	2.357465	7.189744
221.714000	15003949.000000	-1.948951	0.951808	-0.654338	-0.693041	2.265659	7.168004
221.764000	15003955.000000	-1.949134	0.951566	-0.641871	-0.463541	2.163218	7.167035
221.814000	15003961.000000	-1.949345	0.951311	-0.629377	-0.823375	2.044173	7.130123
221.864000	15003967.000000	-1.949551	0.951665	-0.616870	-0.693159	2.827172	7.164248
221.914000	15003973.000000	-1.949750	0.951442	-0.604661	-0.762090	2.103294	7.110475
221.965000	15003979.000000	-1.950022	0.951225	-0.592369	-0.590020	1.667704	7.135065
222.014000	15003985.000000	-1.950330	0.951515	-0.580391	-0.043822	2.315782	7.138238
222.064000	15003991.000000	-1.950616	0.951422	-0.568190	-0.540076	2.583540	7.142201
222.114000	15003997.000000	-1.951008	0.951130	-0.556044	-0.821112	2.051852	7.077187
222.164000	15004003.000000	-1.951511	0.950961	-0.543531	-0.637919	2.055974	7.046247
222.214000	15004009.000000	-1.951801	0.951163	-0.531267	-0.333974	2.269234	6.969847
222.264000	15004015.000000	-1.952330	0.951276	-0.518064	-0.380717	2.879794	6.947808
222.314000	15004021.000000	-1.952672	0.951122	-0.505018	-0.326483	2.334593	6.908340
222.364000	15004027.000000	-1.952827	0.951185	-0.491766	-0.294429	2.678985	6.893629
222.414000	15004033.000000	-1.952788	0.950832	-0.478192	-0.659424	2.415599	6.938098
222.464000	15004039.000000	-1.952849	0.950967	-0.464721	-0.530741	2.421515	6.919962
222.514000	15004045.000000	-1.952984	0.950989	-0.451066	-0.641597	2.441094	6.901302
222.564000	15004051.000000	-1.952874	0.950852	-0.437064	-0.711368	2.626957	6.880776
222.614000	15004057.000000	-1.953159	0.950693	-0.423187	-0.727772	2.917864	6.886458
222.664000	15004063.000000	-1.953297	0.950667	-0.409478	-0.496684	2.414424	6.935064
222.714000	15004069.000000	-1.953320	0.950752	-0.395219	-0.680848	3.116808	7.008560
222.764000	15004075.000000	-1.953461	0.950750	-0.381452	-0.768042	2.768359	6.980584
222.814000	15004081.000000	-1.953370	0.950650	-0.367373	-0.652408	3.112631	7.001259
222.864000	15004087.000000	-1.953633	0.950082	-0.353646	-0.660129	1.867785	7.020624
222.914000	15004093.000000	-1.953858	0.950629	-0.340275	-0.451379	2.457301	6.940207
222.964000	15004099.000000	-1.953905	0.950430	-0.326766	-0.796643	2.848089	6.975058
223.014000	15004105.000000	-1.954068	0.950528	-0.313389	-0.665097	2.826804	6.988725
223.064000	15004111.000000	-1.954165	0.950468	-0.299792	-0.694821	2.840796	6.963754
223.114000	15004117.000000	-1.953981	0.950612	-0.286036	-0.474605	2.686800	7.007912
223.164000	15004123.000000	-1.953427	0.950321	-0.271694	-0.596291	2.710437	7.145226
223.214000	15004129.000000	-1.952645	0.950543	-0.256958	0.011467	2.688520	7.275458
223.277000	15004136.000000	-1.951658	0.950429	-0.238952	-0.060021	2.839824	7.350595
223.314000	15004141.000000	-1.950898	0.949952	-0.225634	-0.596451	2.889432	7.433222
223.364000	15004147.000000	-1.950164	0.950793	-0.209381	-1.402381	1.813680	7.400115
223.414000	15004153.000000	-1.949063	0.950438	-0.192196	-1.160196	2.284369	7.527797
223.464000	15004159.000000	-1.948130	0.950052	-0.175235	-0.389157	2.676262	7.719448
223.514000	15004165.000000	-1.947644	0.950610	-0.157928	-0.349943	3.030394	7.689785
223.564000	15004171.000000	-1.947120	0.949685	-0.140613	-0.464519	2.071240	7.666984
223.614000	15004177.000000	-1.946707	0.949730	-0.123430	-0.756853	2.318203	7.496959
223.664000	15004183.000000	-1.946237	0.950029	-0.106602	-0.795874	2.825187	7.375381
223.714000	15004189.000000	-1.945707	0.949852	-0.090318	-0.521221	2.799409	7.320683
223.764000	15004195.000000	-1.945242	0.950010	-0.073770	-0.196448	3.308608	7.250957
223.814000	15004201.000000	-1.944603	0.949847	-0.058486	-0.651783	2.537350	7.174043
223.864000	15004207.000000	-1.943730	0.949685	-0.042352	-0.771893	2.842382	7.134945
223.914000	15004213.000000	-1.943001	0.949547	-0.026830	-0.524871	2.720487	7.178030
223.965000	15004219.000000	-1.942332	0.949908	-0.011003	-0.319357	3.015213	7.157167
224.014000	15004225.000000	-1.941777	0.949187	0.004803	-0.484422	3.113200	7.216980
224.064000	15004231.000000	-1.941316	0.949627	0.020384	-0.120504	3.296036	7.193418
224.114000	15004237.000000	-1.940530	0.949028	0.036359	-0.439170	2.881119	7.114239
224.164000	15004243.000000	-1.939921	0.949021	0.051993	-0.648303	2.813799	7.099430
224.214000	15004249.000000	-1.939542	0.948894	0.067561	-0.765016	2.669648	7.053252
224.264000	15004255.000000	-1.938875	0.949633	0.083103	-1.674952	2.096207	6.984035
224.314000	15004261.000000	-1.937898	0.949344	0.098548	-1.624547	1.677620	7.083891
224.364000	15004267.000000	-1.936985	0.949028	0.114066	-1.556461	1.800435	7.203364
224.414000	15004273.000000	-1.936014	0.948962	0.128936	-1.775502	1.869217	7.299314
224.464000	15004279.000000	-1.934884	0.948935	0.143654	-1.861125	1.979966	7.374573
224.514000	15004285.000000	-1.934118	0.948770	0.157906	-1.592679	2.066179	7.504805
224.564000	15004291.000000	-1.933229	0.948438	0.172081	-1.361259	2.156826	7.609546
224.614000	15004297.000000	-1.932457	0.948104	0.186102	-0.892951	2.545168	7.734768
224.664000	15004303.000000	-1.931775	0.948157	0.199991	-1.617362	2.109766	7.679648
224.714000	15004309.000000	-1.930891	0.948052	0.213736	-1.671755	2.152690	7.671097
224.764000	15004315.000000	-1.929952	0.948236	0.227448	-2.006272	1.982988	7.612987
224.814000	15004321.000000	-1.929393	0.947775	0.241647	-1.573108	2.384960	7.619546
224.864000	15004327.000000	-1.928551	0.947477	0.255615	-0.963503	2.564154	7.671337
224.914000	15004333.000000	-1.927571	0.947222	0.270137	-0.490873	2.681457	7.731532
224.964000	15004339.000000	-1.926566	0.947641	0.284162	-1.417027	2.369951	7.664165
225.014000	15004345.000000	-1.925513	0.947739	0.298846	-1.779555	2.300054	7.588250
225.064000	15004351.000000	-1.924693	0.947504	0.313616	-1.852743	1.853954	7.505062
225.114000	15004357.000000	-1.924133	0.947345	0.328534	-1.642388	2.177942	7.433774
225.164000	15004363.000000	-1.923319	0.947229	0.343671	-1.779525	1.780020	7.379883
225.214000	15004369.000000	-1.922403	0.947090	0.358666	-1.725803	2.310527	7.440444
225.264000	15004375.000000	-1.921272	0.947252	0.373497	-1.657607	2.070564	7.445652
225.314000	15004381.000000	-1.920276	0.946822	0.388362	-1.516989	2.006708	7.431685
225.364000	15004387.000000	-1.919353	0.946703	0.403131	-1.571811	2.099655	7.385729
225.414000	15004393.000000	-1.918375	0.946614	0.417963	-1.439894	2.015744	7.438045
225.464000	15004399.000000	-1.917244	0.946457	0.432945	-1.599116	2.280947	7.488791
225.514000	15004405.000000	-1.916054	0.946516	0.447963	-1.276550	2.282352	7.553343
225.564000	15004411.000000	-1.914420	0.946783	0.463095	-1.245788	1.381983	7.792633
225.614000	15004417.000000	-1.913252	0.946661	0.478374	-1.326256	1.407879	7.834857
225.664000	15004423.000000	-1.911919	0.946381	0.493531	-1.538174	1.502069	7.920176
225.714000	15004429.000000	-1.910405	0.946308	0.508841	-1.344843	1.443683	8.002844
225.764000	15004435.000000	-1.908938	0.946191	0.524135	-1.252654	0.778074	8.005078
225.814000	15004441.000000	-1.907411	0.946032	0.539826	-1.325241	0.813917	8.124990
225.864000	15004447.000000	-1.906011	0.946001	0.555434	-1.360304	1.182073	8.146410
225.914000	15004453.000000	-1.904436	0.946233	0.570936	-1.341693	2.128775	8.140629
225.965000	15004459.000000	-1.903293	0.946092	0.586231	-1.397312	2.231547	8.206308
226.014000	15004464.000000	-1.902176	0.946363	0.598700	-1.644287	1.794438	8.240853
226.064000	15004471.000000	-1.900890	0.946215	0.615579	-1.664708	1.758746	8.158379
226.114000	15004477.000000	-1.900256	0.945794	0.629900	-1.062253	2.182012	8.033393
226.164000	15004483.000000	-1.899417	0.946050	0.643902	-1.468795	1.744394	8.032385
226.214000	15004489.000000	-1.898677	0.945895	0.658129	-1.456930	1.684647	7.899030
226.264000	15004495.000000	-1.898377	0.945609	0.672480	-1.626655	1.959682	7.672599
226.314000	15004500.000000	-1.897807	0.945515	0.684308	-1.432211	1.971171	7.611718
226.364000	15004506.000000	-1.897230	0.945277	0.698780	-1.221437	1.680547	7.493148
226.414000	15004513.000000	-1.896304	0.945064	0.716456	-1.327416	1.854922	7.336319
226.464000	15004518.000000	-1.895247	0.944971	0.728967	-1.129262	2.180748	7.337435
226.514000	15004524.000000	-1.893773	0.944888	0.744649	-1.590550	1.993547	7.412812
226.564000	15004531.000000	-1.892023	0.944592	0.763110	-1.148555	2.066221	7.413711
226.614000	15004536.000000	-1.890804	0.944462	0.776436	-1.188470	2.116178	7.429758
226.664000	15004542.000000	-1.889745	0.944377	0.792472	-1.090859	2.141475	7.396899
226.714000	15004548.000000	-1.888803	0.944423	0.808180	-0.925379	2.282846	7.330728
226.764000	15004555.000000	-1.887175	0.943801	0.826857	-0.927554	2.162194	7.173520
226.814000	15004561.000000	-1.885946	0.943802	0.842028	-1.143101	2.023500	7.144975
226.864000	15004566.000000	-1.884948	0.943749	0.854995	-1.379337	1.984862	7.079499
226.914000	15004572.000000	-1.883757	0.943379	0.870351	-0.952725	2.222556	6.921677
226.964000	15004579.000000	-1.882275	0.943562	0.887098	-1.368594	1.814773	6.937627
227.014000	15004585.000000	-1.881033	0.942999	0.901931	-0.991707	2.322104	6.887239
227.064000	15004590.000000	-1.880095	0.943065	0.913632	-0.849135	2.436267	6.856498
227.114000	15004596.000000	-1.878759	0.942844	0.928132	-0.876183	2.291978	6.823875
227.164000	15004603.000000	-1.877072	0.942915	0.944857	-1.230920	2.294110	6.908222
227.214000	15004608.000000	-1.875844	0.942628	0.956787	-1.074619	2.141803	6.904426
227.264000	15004614.000000	-1.874247	0.942489	0.970894	-1.101586	2.387280	6.904510
227.314000	15004620.000000	-1.872551	0.942517	0.985183	-0.951479	2.400088	6.935085
227.364000	15004626.000000	-1.870898	0.942223	0.999633	-0.976460	2.159353	6.982916
227.414000	15004633.000000	-1.868901	0.942254	1.016374	-1.012404	2.233301	7.020212
227.464000	15004638.000000	-1.867633	0.942007	1.028009	-1.090671	2.321430	7.054639
227.514000	15004645.000000	-1.865954	0.941711	1.044174	-0.988483	2.222234	7.139870
227.564000	15004650.000000	-1.864823	0.941567	1.055796	-1.001150	2.340870	7.199331
227.614000	15004657.000000	-1.863069	0.941695	1.071459	-0.891550	2.544692	7.257447
227.664000	15004663.000000	-1.861160	0.941515	1.084618	-0.958700	2.148869	7.354358
227.714000	15004669.000000	-1.859510	0.941375	1.097883	-0.823796	2.110632	7.445661
227.764000	15004674.000000	-1.858352	0.941405	1.108743	-0.839516	2.257571	7.587330
227.814000	15004681.000000	-1.856475	0.941231	1.123551	-0.901730	2.596527	7.710977
227.864000	15004686.000000	-1.854762	0.941056	1.133956	-0.846100	2.045168	7.772133
227.914000	15004692.000000	-1.852930	0.941129	1.145890	-0.809191	2.355865	7.978193
227.965000	15004698.000000	-1.851089	0.940993	1.158114	-0.896060	2.607365	8.105971
228.014000	15004704.000000	-1.849229	0.940797	1.169683	-0.772745	2.375937	8.312428
228.064000	15004710.000000	-1.847425	0.940510	1.181624	-0.664308	2.395650	8.467545
228.114000	15004716.000000	-1.845821	0.940770	1.193154	-0.706620	2.881242	8.503429
228.164000	15004722.000000	-1.844145	0.940410	1.204962	-0.552177	2.402533	8.575107
228.214000	15004729.000000	-1.842220	0.940125	1.218756	-0.659749	2.379718	8.673766
228.264000	15004734.000000	-1.840795	0.940277	1.228630	-0.931790	2.431921	8.703997
228.314000	15004740.000000	-1.839087	0.940048	1.240203	-0.753451	2.372862	8.832124
228.364000	15004746.000000	-1.837494	0.939942	1.252222	-0.690275	2.331551	8.912680
228.414000	15004752.000000	-1.835790	0.939987	1.264270	-0.388374	2.782734	8.998799
228.464000	15004758.000000	-1.833830	0.939930	1.276588	-0.914630	2.241557	9.124229
228.514000	15004764.000000	-1.831996	0.939686	1.288956	-0.784655	2.171273	9.210006
228.564000	15004770.000000	-1.830208	0.939820	1.301280	-0.654984	2.447537	9.262885
228.614000	15004776.000000	-1.828583	0.939704	1.313528	-0.849873	2.374873	9.301944
228.664000	15004782.000000	-1.826892	0.939612	1.325572	-0.793009	2.105188	9.365105
228.714000	15004788.000000	-1.825345	0.939629	1.337574	-0.862512	2.284167	9.259085
228.764000	15004794.000000	-1.823987	0.939607	1.349704	-1.081457	2.359839	9.277379
228.814000	15004800.000000	-1.822628	0.939404	1.361374	-0.944228	2.148495	9.267272
228.864000	15004806.000000	-1.821294	0.939400	1.373216	-0.865594	2.610407	9.248256
228.914000	15004812.000000	-1.820064	0.939572	1.384577	-1.065254	2.539973	9.166656
228.964000	15004818.000000	-1.818869	0.939238	1.395941	-0.871370	2.103386	9.229893
229.014000	15004824.000000	-1.817436	0.939465	1.406943	-0.737282	2.184261	9.299852
229.064000	15004831.000000	-1.815963	0.939233	1.420040	-0.875256	2.391268	9.235286
229.114000	15004836.000000	-1.815046	0.939238	1.428882	-0.854763	2.376376	9.190473
229.164000	15004842.000000	-1.814175	0.939236	1.439856	-0.952320	2.864261	9.120349
229.214000	15004848.000000	-1.813658	0.939400	1.449867	-0.892071	2.849981	9.005687
229.264000	15004854.000000	-1.813209	0.938949	1.460305	-0.731140	2.163334	8.851332
229.314000	15004860.000000	-1.812626	0.939050	1.470086	-0.727724	2.061584	8.704490
229.364000	15004866.000000	-1.811957	0.939070	1.480305	-0.810322	2.432333	8.703552
229.414000	15004872.000000	-1.811093	0.939204	1.489750	-0.776231	2.406495	8.616689
229.464000	15004878.000000	-1.810272	0.938963	1.499787	-0.430545	2.361038	8.430060
229.514000	15004884.000000	-1.809757	0.938827	1.508853	-0.822084	2.231937	8.324100
229.564000	15004890.000000	-1.809260	0.938713	1.517951	-0.834669	2.177799	8.216276
229.614000	15004896.000000	-1.808808	0.938924	1.526063	-0.340483	2.123881	8.087799
229.664000	15004902.000000	-1.808301	0.938376	1.533902	0.072730	2.675067	8.066062
229.714000	15004908.000000	-1.807953	0.938595	1.540546	0.454650	3.402960	8.068071
229.764000	15004914.000000	-1.807661	0.938586	1.546904	-0.237797	2.332898	7.826829
229.814000	15004920.000000	-1.807491	0.938872	1.551855	-0.520371	2.310102	7.735542
229.864000	15004926.000000	-1.807516	0.938803	1.556731	-0.550430	2.592995	7.664949
229.914000	15004933.000000	-1.807527	0.938997	1.560250	0.127451	2.536340	7.579425
229.965000	15004938.000000	-1.807389	0.938506	1.562923	-0.690791	2.557177	7.493026
230.014000	15004944.000000	-1.807415	0.938722	1.564398	-0.216789	2.497438	7.513090
230.064000	15004950.000000	-1.807302	0.938798	1.565843	-0.450010	2.594225	7.479432
230.114000	15004956.000000	-1.807290	0.938607	1.566005	-0.757295	2.444176	7.471151
230.164000	15004962.000000	-1.807490	0.938845	1.565555	-0.598423	2.596244	7.497879
230.214000	15004968.000000	-1.807467	0.938828	1.565616	-0.534757	2.705595	7.501521
230.264000	15004974.000000	-1.807163	0.938766	1.565857	-0.647039	2.490494	7.469937
230.314000	15004980.000000	-1.807005	0.938953	1.565364	-0.766447	2.494616	7.499239
230.364000	15004986.000000	-1.807219	0.938860	1.565507	-0.632517	2.599972	7.501416
230.414000	15004992.000000	-1.807115	0.938810	1.565611	-0.634999	2.528418	7.490013
230.464000	15004998.000000	-1.807110	0.938867	1.565497	-0.713148	2.531136	7.470858
230.514000	15005004.000000	-1.807145	0.938843	1.565604	-0.682911	2.538792	7.494863
230.564000	15005010.000000	-1.807069	0.938920	1.565446	-0.732992	2.565003	7.487472
230.614000	15005016.000000	-1.807158	0.938819	1.565591	-0.636859	2.510811	7.488436
230.664000	15005022.000000	-1.807077	0.938692	1.565578	-0.603912	2.186487	7.468226
230.714000	15005028.000000	-1.807131	0.938925	1.565483	-0.703423	2.560677	7.483692
230.764000	15005034.000000	-1.807127	0.938792	1.565604	-0.726476	2.521473	7.490528
230.814000	15005040.000000	-1.807096	0.938845	1.565538	-0.654840	2.528532	7.485984
230.864000	15005046.000000	-1.807159	0.938886	1.565574	-0.593088	2.652394	7.501587
230.914000	15005052.000000	-1.807083	0.938853	1.565527	-0.661216	2.590384	7.492318
230.964000	15005058.000000	-1.807132	0.938864	1.565551	-0.659188	2.602879	7.487149
231.014000	15005064.000000	-1.807097	0.938802	1.565572	-0.693464	2.534210	7.500875
231.064000	15005070.000000	-1.807118	0.938928	1.565496	-0.641962	2.517530	7.499070
231.114000	15005076.000000	-1.807130	0.938824	1.565593	-0.637027	2.522544	7.484922
231.164000	15005082.000000	-1.807100	0.938897	1.565548	-0.651395	2.533300	7.503133
231.214000	15005088.000000	-1.807128	0.938869	1.565521	-0.631778	2.578935	7.497706
231.264000	15005094.000000	-1.807090	0.938829	1.565567	-0.731171	2.550512	7.488150
231.314000	15005100.000000	-1.807110	0.938860	1.565543	-0.662793	2.457397	7.486997
231.364000	15005106.000000	-1.807103	0.938839	1.565558	-0.666123	2.465056	7.486139
231.414000	15005112.000000	-1.807104	0.938888	1.565544	-0.549283	2.606283	7.499347
231.464000	15005118.000000	-1.807121	0.938812	1.565572	-0.694786	2.514656	7.478983
231.514000	15005124.000000	-1.807093	0.938865	1.565544	-0.675537	2.527818	7.486914
231.564000	15005130.000000	-1.807134	0.938881	1.565524	-0.650497	2.506044	7.498400
231.614000	15005136.000000	-1.807103	0.938864	1.565574	-0.659127	2.602295	7.496139
231.664000	15005142.000000	-1.807111	0.938800	1.565545	-0.760011	2.495817	7.473086
231.714000	15005148.000000	-1.807091	0.938890	1.565553	-0.754450	2.482407	7.464514
231.764000	15005154.000000	-1.807099	0.938736	1.565547	-0.470062	2.666144	7.515853
231.814000	15005160.000000	-1.807101	0.938869	1.565562	-0.656531	2.505303	7.489309
231.864000	15005166.000000	-1.807116	0.938901	1.565546	-0.654044	2.526578	7.493436
231.914000	15005172.000000	-1.807134	0.938880	1.565559	-0.612864	2.513597	7.486991
231.965000	15005178.000000	-1.807100	0.938757	1.565568	-0.665406	2.486528	7.483667
232.014000	15005184.000000	-1.807129	0.938821	1.565544	-0.615580	2.528049	7.500940
232.064000	15005190.000000	-1.807095	0.938859	1.565562	-0.661001	2.480019	7.479421
232.114000	15005196.000000	-1.807105	0.938862	1.565546	-0.718683	2.576786	7.471808
232.164000	15005202.000000	-1.807105	0.938847	1.565530	-0.651442	2.562297	7.476810
232.214000	15005208.000000	-1.807076	0.938674	1.565552	-0.779411	2.391735	7.476461
232.264000	15005214.000000	-1.807116	0.938821	1.565548	-0.657115	2.507548	7.499526
232.314000	15005220.000000	-1.807113	0.938846	1.565544	-0.698917	2.482944	7.492140
232.364000	15005226.000000	-1.807108	0.938849	1.565565	-0.667427	2.563908	7.494278
232.414000	15005232.000000	-1.807104	0.938832	1.565542	-0.651973	2.530324	7.495872
232.464000	15005238.000000	-1.807105	0.938850	1.565550	-0.703374	2.476712	7.485749
232.514000	15005244.000000	-1.807123	0.938852	1.565543	-0.718770	2.494168	7.492515
232.564000	15005250.000000	-1.807103	0.938805	1.565563	-0.764277	2.520878	7.481818
232.614000	15005256.000000	-1.807114	0.938866	1.565543	-0.687739	2.436612	7.494791
232.664000	15005262.000000	-1.807105	0.938863	1.565516	-0.638606	2.493025	7.503566
232.714000	15005268.000000	-1.807109	0.938861	1.565581	-0.736013	2.555016	7.476337
232.764000	15005274.000000	-1.807105	0.938813	1.565546	-0.499377	2.716292	7.515454
232.814000	15005280.000000	-1.807111	0.938725	1.565529	-0.593180	2.145403	7.466914
232.864000	15005286.000000	-1.807103	0.938841	1.565564	-0.703843	2.480720	7.493831
232.914000	15005292.000000	-1.807113	0.938709	1.565528	-0.614003	2.085904	7.467800
232.964000	15005298.000000	-1.807115	0.938849	1.565557	-0.638147	2.524789	7.488479
233.014000	15005304.000000	-1.807114	0.938793	1.565553	-0.670197	2.522197	7.508302
233.064000	15005310.000000	-1.807110	0.938849	1.565563	-0.720853	2.568756	7.490101
233.114000	15005316.000000	-1.807104	0.938863	1.565549	-0.712225	2.577450	7.486116
233.164000	15005322.000000	-1.807113	0.938881	1.565548	-0.675760	2.544734	7.487391
233.222000	15005329.000000	-1.807101	0.938842	1.565549	-0.701652	2.581731	7.493491
233.264000	15005334.000000	-1.807116	0.938878	1.565525	-0.670087	2.528155	7.493200
233.314000	15005340.000000	-1.807098	0.938867	1.565555	-0.691984	2.492718	7.472440
233.364000	15005346.000000	-1.807119	0.938876	1.565538	-0.625503	2.576443	7.484702
233.414000	15005352.000000	-1.807102	0.938889	1.565559	-0.686001	2.519222	7.495279
233.464000	15005358.000000	-1.807107	0.938810	1.565550	-0.677040	2.484187	7.494144
233.514000	15005364.000000	-1.807131	0.938805	1.565552	-0.711386	2.492211	7.482543
233.564000	15005370.000000	-1.807105	0.938892	1.565543	-0.743593	2.540710	7.482472
233.614000	15005376.000000	-1.807119	0.938917	1.565523	-0.720564	2.548877	7.481438
233.664000	15005382.000000	-1.807098	0.938813	1.565597	-0.676057	2.543470	7.481661
233.714000	15005388.000000	-1.807121	0.938851	1.565535	-0.714277	2.434287	7.490837
233.764000	15005394.000000	-1.807123	0.938887	1.565542	-0.616346	2.536515	7.488804
233.814000	15005400.000000	-1.807107	0.938845	1.565555	-0.669733	2.514206	7.487951
233.864000	15005406.000000	-1.807121	0.938867	1.565558	-0.704617	2.484776	7.483315
233.914000	15005412.000000	-1.807102	0.938838	1.565550	-0.678542	2.546796	7.482078
233.965000	15005418.000000	-1.807112	0.938824	1.565542	-0.738996	2.394229	7.470268
234.014000	15005424.000000	-1.807098	0.938855	1.565586	-0.676404	2.593150	7.492719
234.064000	15005430.000000	-1.807109	0.938785	1.565554	-0.530195	2.649426	7.510885
234.114000	15005436.000000	-1.807122	0.938885	1.565541	-0.720640	2.497504	7.494313
234.164000	15005442.000000	-1.807107	0.938791	1.565556	-0.534069	2.658477	7.500396
234.214000	15005448.000000	-1.807116	0.938854	1.565537	-0.674750	2.531600	7.480040
