%time	0	1	2	3	4	5	6
889.125000	-431602080.000000	-431602080.000000	-431602080.000000	-431602080.000000	135.000000	-0.000000	135.000000
889.154000	4980843.000000	-2.228841	0.942155	0.467896	-1.004868	-2.224412	2.624499
889.204000	4980849.000000	-2.228846	0.942238	0.467880	-1.270469	-2.373228	2.627207
889.254000	4980855.000000	-2.228827	0.942333	0.467774	-1.104989	-2.276964	2.725736
889.304000	4980861.000000	-2.228795	0.942137	0.467895	-1.030551	-2.331210	2.663214
889.354000	4980867.000000	-2.228844	0.942196	0.467902	-1.084114	-2.366584	2.625798
889.404000	4980873.000000	-2.228845	0.942217	0.467855	-1.123637	-2.019400	2.663859
889.454000	4980879.000000	-2.228859	0.942210	0.467902	-1.142296	-2.409978	2.619011
889.504000	4980885.000000	-2.228802	0.942165	0.467912	-1.045158	-2.324387	2.640886
889.554000	4980891.000000	-2.228848	0.942167	0.467906	-1.185848	-2.311150	2.629272
889.604000	4980897.000000	-2.228797	0.942195	0.467887	-1.016544	-2.156943	2.640438
889.654000	4980903.000000	-2.228807	0.942264	0.467770	-0.957432	-2.336574	2.716600
889.704000	4980909.000000	-2.228847	0.942266	0.467844	-1.165809	-2.065432	2.693079
889.754000	4980915.000000	-2.228827	0.942196	0.467864	-1.137975	-2.193704	2.654313
889.804000	4980921.000000	-2.228847	0.942162	0.467893	-1.078833	-2.261381	2.634475
889.854000	4980927.000000	-2.228836	0.942185	0.467855	-1.137610	-2.115764	2.649872
889.904000	4980933.000000	-2.228808	0.942138	0.467901	-1.055531	-2.295078	2.656594
889.954000	4980939.000000	-2.228838	0.942141	0.467861	-1.138513	-2.203671	2.648885
890.004000	4980945.000000	-2.228850	0.942133	0.467880	-1.265067	-2.299587	2.616005
890.054000	4980951.000000	-2.228818	0.942245	0.467880	-1.104145	-2.158280	2.642141
890.104000	4980957.000000	-2.228822	0.942171	0.467868	-1.154141	-2.206905	2.671318
890.154000	4980963.000000	-2.228859	0.942164	0.467905	-1.156421	-2.426726	2.598180
890.204000	4980969.000000	-2.228794	0.942154	0.467911	-1.057492	-2.390917	2.652909
890.254000	4980975.000000	-2.228828	0.942117	0.467884	-1.084142	-2.354531	2.666778
890.304000	4980981.000000	-2.228813	0.942129	0.467879	-1.023306	-2.193359	2.640462
890.354000	4980987.000000	-2.228848	0.942162	0.467868	-1.104745	-2.168490	2.649731
890.404000	4980993.000000	-2.228858	0.942174	0.467859	-1.229478	-2.170671	2.663448
890.454000	4980999.000000	-2.228827	0.942154	0.467880	-1.066746	-2.361038	2.652541
890.504000	4981005.000000	-2.228863	0.942238	0.467875	-1.204410	-2.320387	2.619631
890.554000	4981011.000000	-2.228861	0.942193	0.467887	-1.210875	-2.343420	2.608195
890.604000	4981017.000000	-2.228817	0.942118	0.467887	-1.026312	-2.295653	2.655370
890.654000	4981023.000000	-2.228831	0.942168	0.467882	-1.050058	-2.304165	2.645496
890.704000	4981029.000000	-2.228791	0.942150	0.467872	-1.056150	-2.261079	2.646076
890.754000	4981035.000000	-2.228814	0.942201	0.467867	-1.177825	-2.250665	2.644378
890.804000	4981041.000000	-2.228788	0.942098	0.467898	-0.977787	-2.249758	2.639829
890.854000	4981047.000000	-2.228808	0.942149	0.467874	-1.101545	-2.242542	2.653456
890.904000	4981053.000000	-2.228811	0.942172	0.467886	-1.160240	-2.273387	2.640700
890.954000	4981059.000000	-2.228790	0.942163	0.467878	-1.100078	-2.345894	2.632128
891.004000	4981065.000000	-2.228740	0.942174	0.467888	-0.990023	-2.399830	2.654543
891.054000	4981071.000000	-2.228766	0.942134	0.467862	-0.958854	-2.249395	2.634486
891.104000	4981077.000000	-2.228848	0.942135	0.467914	-1.011033	-2.362834	2.618823
891.154000	4981083.000000	-2.228862	0.942294	0.467779	-0.861517	-2.283680	2.707529
891.204000	4981089.000000	-2.228813	0.942152	0.467893	-1.143650	-2.386555	2.648571
891.254000	4981095.000000	-2.228807	0.942159	0.467875	-1.136960	-2.271228	2.654421
891.304000	4981101.000000	-2.228832	0.942185	0.467864	-1.182205	-2.421325	2.639251
891.354000	4981107.000000	-2.228774	0.942244	0.467807	-0.858553	-2.400921	2.688472
891.404000	4981113.000000	-2.228825	0.942124	0.467905	-0.908177	-2.330886	2.640434
891.454000	4981119.000000	-2.228884	0.942150	0.467866	-1.102690	-2.210424	2.651675
891.504000	4981125.000000	-2.228843	0.942119	0.467865	-1.051716	-2.164923	2.654020
891.554000	4981131.000000	-2.228806	0.942192	0.467831	-1.148229	-2.104375	2.648488
891.604000	4981137.000000	-2.228789	0.942127	0.467882	-1.198022	-2.276068	2.661541
891.654000	4981143.000000	-2.228874	0.942183	0.467893	-1.086447	-2.290789	2.619427
891.704000	4981149.000000	-2.228914	0.942097	0.467888	-1.135189	-2.285363	2.640712
891.754000	4981155.000000	-2.228876	0.942154	0.467904	-1.062795	-2.330310	2.645329
891.804000	4981161.000000	-2.228878	0.942145	0.467896	-1.193056	-2.344510	2.621319
891.854000	4981167.000000	-2.228796	0.942147	0.467894	-1.100210	-2.239995	2.650978
891.904000	4981173.000000	-2.228853	0.942206	0.467869	-1.220325	-2.279953	2.619982
891.954000	4981179.000000	-2.228819	0.942317	0.467766	-0.911626	-2.344096	2.694444
892.004000	4981185.000000	-2.228807	0.942151	0.467887	-1.138544	-2.537267	2.620936
892.054000	4981191.000000	-2.228782	0.942229	0.467865	-1.087761	-2.197868	2.660845
892.104000	4981197.000000	-2.228755	0.942276	0.467779	-0.827433	-2.449862	2.707887
892.154000	4981203.000000	-2.228808	0.942192	0.467847	-1.125832	-2.229067	2.652973
892.204000	4981209.000000	-2.228811	0.942221	0.467888	-1.065251	-2.312544	2.639599
892.254000	4981215.000000	-2.228790	0.942138	0.467892	-0.990947	-2.175557	2.647423
892.304000	4981221.000000	-2.228779	0.942205	0.467887	-1.172964	-2.286127	2.635389
892.354000	4981227.000000	-2.228788	0.942131	0.467878	-1.095091	-2.195734	2.643495
892.404000	4981233.000000	-2.228816	0.942154	0.467835	-1.170823	-2.133183	2.661071
892.454000	4981239.000000	-2.228811	0.942129	0.467882	-1.057503	-2.320666	2.657639
892.504000	4981245.000000	-2.228809	0.942107	0.467898	-0.993616	-2.355493	2.632321
892.554000	4981251.000000	-2.228775	0.942157	0.467886	-1.057458	-2.322098	2.655277
892.604000	4981257.000000	-2.228802	0.942176	0.467869	-1.101887	-2.237737	2.659733
892.654000	4981263.000000	-2.228809	0.942204	0.467884	-1.154598	-2.290131	2.663683
892.704000	4981269.000000	-2.228858	0.942189	0.467890	-1.047217	-2.192284	2.649619
892.754000	4981275.000000	-2.228889	0.942199	0.467831	-1.182587	-2.094610	2.661801
892.804000	4981281.000000	-2.228787	0.942325	0.467763	-0.861748	-2.316657	2.692364
892.854000	4981287.000000	-2.228781	0.942218	0.467887	-1.053100	-2.407893	2.625780
892.904000	4981293.000000	-2.228766	0.942162	0.467904	-0.948780	-2.282396	2.655686
892.954000	4981299.000000	-2.228778	0.942231	0.467881	-1.050370	-2.241474	2.646995
893.004000	4981305.000000	-2.228806	0.942158	0.467858	-1.157640	-2.209367	2.662799
893.054000	4981311.000000	-2.228784	0.942192	0.467865	-0.981677	-2.234535	2.634251
893.104000	4981317.000000	-2.228752	0.942210	0.467842	-1.074956	-2.176368	2.656188
893.154000	4981323.000000	-2.228743	0.942208	0.467872	-1.115445	-2.306642	2.624413
893.204000	4981329.000000	-2.228810	0.942231	0.467866	-1.137408	-2.325401	2.623972
893.254000	4981335.000000	-2.228857	0.942211	0.467828	-1.162418	-2.023504	2.656827
893.304000	4981341.000000	-2.228786	0.942214	0.467882	-0.965086	-2.246975	2.644065
893.354000	4981347.000000	-2.228742	0.942317	0.467750	-0.744638	-2.233824	2.711243
893.404000	4981353.000000	-2.228801	0.942216	0.467821	-1.261719	-2.025897	2.656055
893.454000	4981359.000000	-2.228748	0.942276	0.467771	-0.853580	-2.307064	2.722217
893.504000	4981365.000000	-2.228859	0.942112	0.467859	-1.035720	-2.277059	2.644510
893.554000	4981371.000000	-2.228905	0.942122	0.467924	-1.136522	-2.533757	2.614269
893.604000	4981377.000000	-2.228839	0.942165	0.467909	-1.151505	-2.381101	2.604836
893.654000	4981383.000000	-2.228826	0.942187	0.467835	-1.136325	-2.185630	2.669404
893.704000	4981389.000000	-2.228823	0.942196	0.467782	-1.345262	-1.941153	2.705520
893.754000	4981395.000000	-2.228750	0.942232	0.467844	-1.043398	-2.244220	2.649683
893.804000	4981401.000000	-2.228761	0.942125	0.467883	-1.052021	-2.272095	2.675052
893.854000	4981407.000000	-2.228880	0.942189	0.467846	-1.192401	-2.309280	2.601831
893.904000	4981413.000000	-2.228804	0.942296	0.467798	-0.930162	-2.317696	2.709059
893.954000	4981419.000000	-2.228826	0.942178	0.467883	-1.090675	-2.315821	2.634756
894.004000	4981425.000000	-2.228831	0.942150	0.467862	-1.083450	-2.270325	2.642657
894.054000	4981431.000000	-2.228799	0.942204	0.467856	-1.062611	-2.304026	2.658905
894.104000	4981437.000000	-2.228842	0.942177	0.467895	-1.173743	-2.405105	2.625169
894.154000	4981443.000000	-2.228836	0.942324	0.467762	-1.012841	-2.254525	2.699103
894.204000	4981449.000000	-2.228805	0.942186	0.467873	-1.140192	-2.314677	2.655257
894.254000	4981455.000000	-2.228814	0.942140	0.467863	-1.072037	-2.289184	2.657041
894.304000	4981461.000000	-2.228818	0.942209	0.467888	-1.184826	-2.380320	2.623251
894.354000	4981467.000000	-2.228833	0.942306	0.467748	-0.894612	-2.321295	2.686882
894.404000	4981473.000000	-2.228875	0.942205	0.467894	-1.212872	-2.385390	2.606218
894.454000	4981479.000000	-2.228916	0.942157	0.467906	-1.182502	-2.309153	2.608117
894.504000	4981485.000000	-2.228942	0.942192	0.467849	-1.190004	-2.229509	2.617127
894.554000	4981491.000000	-2.228852	0.942234	0.467849	-1.270406	-2.359972	2.633082
894.604000	4981497.000000	-2.228788	0.942219	0.467856	-0.995092	-2.209709	2.655012
894.654000	4981503.000000	-2.228874	0.942212	0.467836	-1.332704	-2.244140	2.618469
894.704000	4981509.000000	-2.228834	0.942216	0.467867	-1.107814	-2.370411	2.649204
894.754000	4981515.000000	-2.228858	0.942152	0.467904	-1.075658	-2.477253	2.632811
894.804000	4981521.000000	-2.228826	0.942290	0.467783	-0.924406	-2.326853	2.703259
894.854000	4981527.000000	-2.228818	0.942199	0.467855	-1.175249	-2.254135	2.616195
894.904000	4981533.000000	-2.228708	0.942341	0.467742	-1.128565	-1.967260	2.693016
894.954000	4981539.000000	-2.228610	0.942279	0.467771	-0.991635	-2.240687	2.646321
895.004000	4981545.000000	-2.228715	0.942245	0.467772	-1.144200	-2.221208	2.672735
895.054000	4981551.000000	-2.228848	0.942252	0.467841	-1.173803	-2.134773	2.665408
895.104000	4981557.000000	-2.228968	0.942174	0.467925	-1.170995	-2.293309	2.596408
895.154000	4981563.000000	-2.228948	0.942153	0.467896	-1.152822	-2.191950	2.639062
895.204000	4981569.000000	-2.228804	0.942158	0.467859	-1.074216	-2.158556	2.645673
895.254000	4981575.000000	-2.228681	0.942169	0.467812	-0.996403	-2.237379	2.658462
895.304000	4981581.000000	-2.228742	0.942236	0.467818	-1.036723	-2.322104	2.656634
895.354000	4981587.000000	-2.228801	0.942151	0.467880	-1.029162	-2.233366	2.632400
895.404000	4981593.000000	-2.228898	0.942081	0.467925	-1.228641	-2.396757	2.615938
895.454000	4981599.000000	-2.228945	0.942189	0.467892	-1.378163	-2.254205	2.630353
895.504000	4981605.000000	-2.228826	0.942213	0.467866	-1.061088	-2.276771	2.676265
895.554000	4981611.000000	-2.228839	0.942202	0.467826	-1.083248	-2.215158	2.626400
895.604000	4981617.000000	-2.228738	0.942195	0.467843	-1.114009	-2.196199	2.666623
895.654000	4981623.000000	-2.228771	0.942248	0.467797	-1.154507	-2.345391	2.654482
895.704000	4981629.000000	-2.228672	0.942263	0.467757	-0.976126	-2.207453	2.660335
895.754000	4981635.000000	-2.228682	0.942265	0.467792	-1.002185	-2.189613	2.674959
895.804000	4981641.000000	-2.228810	0.942157	0.467929	-0.931115	-2.387378	2.642598
895.854000	4981647.000000	-2.228883	0.942171	0.467866	-1.153522	-2.091716	2.657828
895.904000	4981653.000000	-2.228858	0.942197	0.467870	-1.110006	-2.256105	2.633412
895.954000	4981659.000000	-2.228734	0.942236	0.467849	-1.024207	-2.355407	2.661129
896.004000	4981665.000000	-2.228720	0.942270	0.467708	-0.742755	-2.262294	2.703729
896.054000	4981671.000000	-2.228786	0.942152	0.467832	-1.056532	-2.054365	2.672249
896.104000	4981677.000000	-2.228829	0.942385	0.467767	-1.105963	-2.310924	2.703691
896.154000	4981683.000000	-2.228802	0.942210	0.467825	-1.172164	-2.188113	2.649169
896.204000	4981689.000000	-2.228731	0.942223	0.467829	-1.035358	-2.255371	2.651072
896.254000	4981695.000000	-2.228746	0.942223	0.467819	-1.120775	-2.388440	2.662156
896.304000	4981701.000000	-2.228821	0.942228	0.467835	-1.048893	-2.154967	2.655965
896.354000	4981707.000000	-2.228863	0.942170	0.467864	-1.121750	-2.181241	2.667155
896.405000	4981713.000000	-2.228811	0.942249	0.467872	-1.069647	-2.175560	2.656281
896.454000	4981719.000000	-2.228784	0.942150	0.467860	-1.122296	-2.215909	2.650087
896.504000	4981725.000000	-2.228830	0.942362	0.467700	-0.925291	-2.217169	2.702134
896.554000	4981731.000000	-2.228783	0.942291	0.467776	-1.137364	-2.029903	2.692712
896.604000	4981737.000000	-2.228747	0.942243	0.467824	-0.946639	-2.086762	2.649610
896.654000	4981743.000000	-2.228746	0.942170	0.467822	-1.026982	-2.257031	2.663980
896.704000	4981749.000000	-2.228763	0.942341	0.467766	-0.878612	-2.251146	2.706270
896.754000	4981755.000000	-2.228810	0.942192	0.467882	-1.022077	-2.369651	2.625890
896.804000	4981761.000000	-2.228746	0.942195	0.467863	-1.083727	-2.386221	2.639748
896.854000	4981767.000000	-2.228721	0.942282	0.467781	-1.007833	-2.208412	2.655339
896.904000	4981773.000000	-2.228658	0.942374	0.467645	-1.006248	-2.175280	2.739640
896.954000	4981779.000000	-2.228743	0.942172	0.467843	-1.001356	-2.231560	2.643680
897.004000	4981785.000000	-2.228838	0.942180	0.467837	-1.048557	-2.141720	2.664901
897.054000	4981791.000000	-2.228846	0.942100	0.467890	-1.188799	-2.368206	2.629313
897.104000	4981797.000000	-2.228823	0.942182	0.467879	-1.067890	-2.371002	2.631348
897.154000	4981803.000000	-2.228745	0.942168	0.467827	-1.027645	-2.371446	2.659670
897.204000	4981809.000000	-2.228729	0.942219	0.467858	-0.949682	-2.243233	2.653691
897.254000	4981815.000000	-2.228769	0.942201	0.467821	-1.125733	-2.252391	2.637581
897.304000	4981821.000000	-2.228782	0.942196	0.467837	-1.152367	-2.213545	2.652502
897.354000	4981827.000000	-2.228746	0.942181	0.467866	-1.049243	-2.242277	2.623282
897.404000	4981833.000000	-2.228831	0.942173	0.467839	-1.167247	-2.489784	2.605387
897.454000	4981839.000000	-2.228793	0.942182	0.467845	-1.115657	-2.385302	2.643063
897.504000	4981845.000000	-2.228804	0.942187	0.467849	-1.095482	-2.292301	2.624935
897.554000	4981851.000000	-2.228752	0.942195	0.467865	-1.013869	-2.353906	2.647507
897.604000	4981857.000000	-2.228650	0.942353	0.467765	-0.750567	-2.390220	2.713872
897.654000	4981863.000000	-2.228689	0.942215	0.467819	-0.988078	-2.481288	2.656789
897.704000	4981869.000000	-2.228734	0.942269	0.467830	-1.201319	-2.205256	2.640726
897.754000	4981875.000000	-2.228754	0.942168	0.467811	-1.052953	-2.156426	2.652054
897.804000	4981881.000000	-2.228783	0.942255	0.467798	-1.002400	-2.218624	2.650354
897.854000	4981887.000000	-2.228848	0.942179	0.467850	-1.171863	-2.272102	2.612919
897.904000	4981893.000000	-2.228758	0.942142	0.467831	-0.996103	-2.175711	2.669662
897.954000	4981899.000000	-2.228806	0.942092	0.467796	-0.987479	-2.159377	2.645181
898.004000	4981905.000000	-2.228729	0.942281	0.467737	-0.759834	-2.261916	2.705274
898.054000	4981911.000000	-2.228805	0.942156	0.467843	-1.073609	-2.301867	2.623989
898.104000	4981917.000000	-2.228812	0.942221	0.467878	-1.041698	-2.217021	2.639383
898.154000	4981923.000000	-2.228828	0.942176	0.467875	-1.117128	-2.274870	2.642147
898.204000	4981929.000000	-2.228853	0.942253	0.467766	-1.118495	-2.198367	2.657775
898.254000	4981935.000000	-2.228668	0.942260	0.467835	-1.078460	-2.345484	2.669717
898.304000	4981941.000000	-2.228627	0.942263	0.467783	-1.045086	-2.283556	2.648031
898.354000	4981947.000000	-2.228680	0.942255	0.467779	-1.099688	-2.238254	2.663187
898.404000	4981953.000000	-2.228747	0.942173	0.467825	-1.139363	-2.329543	2.661349
898.454000	4981959.000000	-2.228767	0.942183	0.467861	-0.980637	-2.348330	2.648344
898.504000	4981965.000000	-2.228749	0.942186	0.467844	-1.178861	-2.191579	2.676274
898.554000	4981971.000000	-2.228724	0.942244	0.467797	-1.130393	-2.175977	2.661530
898.604000	4981977.000000	-2.228707	0.942360	0.467705	-0.952949	-2.454084	2.706694
898.654000	4981983.000000	-2.228695	0.942186	0.467844	-1.032750	-2.433414	2.645731
898.704000	4981989.000000	-2.228743	0.942196	0.467832	-1.062293	-2.215259	2.649197
898.754000	4981995.000000	-2.228752	0.942189	0.467885	-1.023264	-2.396162	2.645144
898.804000	4982001.000000	-2.228803	0.942213	0.467877	-1.068855	-2.352102	2.621458
898.854000	4982007.000000	-2.228827	0.942166	0.467849	-0.921358	-2.213851	2.656558
898.904000	4982013.000000	-2.228817	0.942290	0.467843	-1.174317	-2.263479	2.630332
898.954000	4982019.000000	-2.228764	0.942275	0.467826	-1.060363	-2.170218	2.657231
899.004000	4982025.000000	-2.228793	0.942258	0.467879	-0.971055	-2.440594	2.604410
899.054000	4982031.000000	-2.228757	0.942218	0.467858	-1.083935	-2.315207	2.643685
899.104000	4982037.000000	-2.228848	0.942233	0.467857	-1.014455	-2.158392	2.641968
899.154000	4982043.000000	-2.228847	0.942179	0.467840	-1.161408	-2.203010	2.643402
899.204000	4982049.000000	-2.228792	0.942212	0.467874	-1.145400	-2.563393	2.629292
899.254000	4982055.000000	-2.228751	0.942174	0.467840	-1.071838	-2.210006	2.678245
899.304000	4982061.000000	-2.228776	0.942173	0.467850	-1.105498	-2.375665	2.661239
899.354000	4982067.000000	-2.228780	0.942211	0.467836	-1.030548	-2.241796	2.668960
899.404000	4982073.000000	-2.228846	0.942198	0.467819	-1.204158	-2.061430	2.674040
899.454000	4982079.000000	-2.228809	0.942180	0.467875	-1.198158	-2.331598	2.630722
899.504000	4982085.000000	-2.228820	0.942237	0.467827	-1.105828	-2.277555	2.637403
899.554000	4982091.000000	-2.228811	0.942196	0.467852	-1.025178	-2.528466	2.623856
899.604000	4982097.000000	-2.228861	0.942190	0.467785	-1.066821	-2.251543	2.651425
899.654000	4982103.000000	-2.228871	0.942312	0.467723	-0.976295	-2.376512	2.696546
899.704000	4982109.000000	-2.228798	0.942195	0.467905	-1.110457	-2.272789	2.606112
899.754000	4982115.000000	-2.228775	0.942221	0.467822	-1.250462	-2.340762	2.649396
899.804000	4982121.000000	-2.228841	0.942137	0.467782	-0.912744	-2.156117	2.641196
899.854000	4982127.000000	-2.229033	0.942189	0.467801	-1.206280	-2.210304	2.611832
899.904000	4982133.000000	-2.229407	0.942019	0.467955	-1.337469	-2.575557	2.512395
899.954000	4982139.000000	-2.229632	0.941993	0.468041	-1.401256	-2.597437	2.570029
900.004000	4982145.000000	-2.229668	0.942018	0.467810	-0.953535	-2.330763	2.649040
900.054000	4982151.000000	-2.229393	0.942078	0.468018	-1.437971	-2.536277	2.531182
900.104000	4982157.000000	-2.229365	0.942187	0.467961	-1.550566	-2.169026	2.580042
900.154000	4982163.000000	-2.229484	0.941901	0.467874	-1.254373	-2.562618	2.575457
900.204000	4982169.000000	-2.229651	0.941878	0.467996	-1.256669	-2.295013	2.612144
900.254000	4982175.000000	-2.229706	0.941679	0.468109	-1.132421	-2.168728	2.622849
900.304000	4982181.000000	-2.229905	0.941803	0.468068	-1.527833	-2.232101	2.605447
900.354000	4982187.000000	-2.230242	0.941939	0.467855	-0.978868	-2.364443	2.682088
900.404000	4982193.000000	-2.230331	0.941694	0.468258	-1.204689	-2.227730	2.654316
900.454000	4982199.000000	-2.230899	0.941833	0.467994	-0.982721	-2.057467	2.761989
900.504000	4982205.000000	-2.231426	0.941667	0.467906	-0.801568	-2.589470	2.746804
900.554000	4982211.000000	-2.231852	0.941691	0.468088	-0.850907	-2.520029	2.741282
900.604000	4982217.000000	-2.232523	0.941601	0.468267	-0.950276	-2.569510	2.681893
900.654000	4982223.000000	-2.233223	0.941777	0.468286	-0.848297	-1.799492	2.712124
900.704000	4982229.000000	-2.234306	0.941485	0.468548	-0.987650	-1.886350	2.656028
900.754000	4982235.000000	-2.236030	0.941408	0.468568	-1.642655	-1.739535	2.605081
900.804000	4982241.000000	-2.237272	0.941552	0.468888	-0.891128	-1.590696	2.628007
900.854000	4982247.000000	-2.239508	0.941635	0.468919	-0.840981	-1.793778	2.625015
900.904000	4982253.000000	-2.241872	0.941640	0.469075	-0.826721	-1.337325	2.714632
900.954000	4982259.000000	-2.245181	0.941752	0.469292	-0.618554	-1.882461	2.598396
901.004000	4982265.000000	-2.248914	0.941466	0.469771	-0.992686	-1.888653	2.469927
901.054000	4982271.000000	-2.252726	0.941312	0.470301	-0.359314	-0.736967	2.603584
901.104000	4982277.000000	-2.256285	0.941371	0.471412	-0.442344	-1.271330	2.619629
901.154000	4982283.000000	-2.260269	0.941661	0.471795	0.048081	-1.642852	2.534794
901.204000	4982289.000000	-2.264690	0.941870	0.471988	-0.512191	-1.391593	2.434142
901.254000	4982295.000000	-2.268578	0.941670	0.472474	-0.976538	-0.839010	2.626633
901.304000	4982301.000000	-2.272764	0.941957	0.472947	-0.627585	-1.196472	2.458935
901.354000	4982307.000000	-2.277186	0.941589	0.473547	-0.959871	-1.915748	2.315824
901.404000	4982313.000000	-2.281837	0.941361	0.474207	-0.321663	-2.686647	2.399127
901.454000	4982319.000000	-2.286437	0.941592	0.474922	-0.717959	-2.252107	2.388686
901.504000	4982325.000000	-2.291135	0.941677	0.475572	-1.239358	-1.850075	2.347547
901.554000	4982331.000000	-2.295726	0.941522	0.476402	-1.079356	-1.647879	2.429571
901.604000	4982337.000000	-2.300552	0.941568	0.477038	-0.509616	-1.877745	2.408795
901.654000	4982343.000000	-2.305347	0.941403	0.477776	0.090150	-1.536530	2.503969
901.704000	4982349.000000	-2.310122	0.941480	0.478745	-0.012211	-1.669006	2.500367
901.754000	4982355.000000	-2.314562	0.941529	0.479931	-0.177795	-1.294185	2.442136
901.804000	4982361.000000	-2.319164	0.941469	0.480977	-1.077700	-1.498976	2.310334
901.854000	4982367.000000	-2.323951	0.941413	0.481764	-0.916751	-1.785105	2.373644
901.904000	4982373.000000	-2.328380	0.941441	0.482524	-0.723827	-2.257138	2.506080
901.954000	4982379.000000	-2.332922	0.941511	0.483107	-0.799824	-2.292417	2.409195
902.004000	4982385.000000	-2.337121	0.941755	0.483781	-1.146932	-1.498125	2.362961
902.054000	4982391.000000	-2.341589	0.941816	0.484060	-0.838324	-1.202575	2.337211
902.104000	4982397.000000	-2.345901	0.941968	0.484419	-0.682383	-1.245007	2.296809
902.154000	4982403.000000	-2.349971	0.941985	0.484827	-0.848400	-1.506722	2.256927
902.204000	4982409.000000	-2.354169	0.941930	0.485131	0.253228	-0.463130	2.369570
902.254000	4982415.000000	-2.358061	0.942030	0.486043	0.032940	-0.839583	2.362772
902.304000	4982421.000000	-2.361912	0.941995	0.487121	-0.511886	-1.119391	2.318327
902.354000	4982427.000000	-2.365672	0.941783	0.488164	-0.439532	-2.165653	2.132765
902.404000	4982433.000000	-2.369444	0.941959	0.488623	-0.834721	-1.120146	2.269145
902.454000	4982439.000000	-2.373159	0.942249	0.489179	-1.144819	-1.281354	2.192504
902.504000	4982445.000000	-2.376797	0.942300	0.489701	-0.783310	-1.521699	2.201468
902.554000	4982451.000000	-2.380554	0.942500	0.490201	-0.481445	-1.372609	2.245582
902.604000	4982457.000000	-2.384254	0.942618	0.490862	-0.833037	-1.530815	2.155643
902.654000	4982463.000000	-2.388208	0.942728	0.491487	-0.891775	-1.938301	2.052403
902.704000	4982469.000000	-2.392534	0.942672	0.492179	-0.488504	-2.194032	2.028131
902.754000	4982475.000000	-2.396943	0.942921	0.492882	-0.302110	-1.909821	1.994522
902.804000	4982481.000000	-2.401600	0.942864	0.493660	0.008816	-2.191588	2.023345
902.854000	4982487.000000	-2.406538	0.942801	0.494322	0.484689	-1.708754	2.047546
902.904000	4982493.000000	-2.411443	0.943006	0.494820	-0.024656	-0.800662	2.167680
902.954000	4982499.000000	-2.416436	0.943073	0.495492	0.046039	-1.270957	2.082220
903.004000	4982505.000000	-2.421544	0.943075	0.496038	-0.296483	-1.851376	1.934752
903.054000	4982511.000000	-2.426706	0.942863	0.496487	-0.983475	-1.725366	1.909344
903.104000	4982517.000000	-2.431821	0.942944	0.497010	-0.794542	-1.654337	1.963576
903.154000	4982523.000000	-2.437227	0.942898	0.497302	-1.038347	-1.497408	1.925274
903.204000	4982529.000000	-2.443216	0.942429	0.497104	-0.895476	-1.815455	1.956718
903.254000	4982535.000000	-2.449028	0.942276	0.496826	-0.827745	-2.092757	1.904979
903.304000	4982541.000000	-2.454180	0.942215	0.497182	-0.966725	-1.671341	2.034695
903.354000	4982547.000000	-2.459435	0.942067	0.497895	-0.609582	-2.244815	2.126697
903.404000	4982553.000000	-2.464430	0.942117	0.499110	-1.065195	-1.617123	2.233631
903.454000	4982559.000000	-2.468694	0.941780	0.501246	0.491035	-1.914484	2.516115
903.504000	4982565.000000	-2.472379	0.941699	0.503474	-0.951867	-0.806947	2.813316
903.554000	4982571.000000	-2.476098	0.941828	0.505737	-0.494446	-1.990115	2.943705
903.604000	4982577.000000	-2.479607	0.941322	0.507061	-0.127787	-1.061442	3.176925
903.654000	4982583.000000	-2.483300	0.941266	0.507475	-0.149418	-1.100519	3.179141
903.704000	4982589.000000	-2.487288	0.940801	0.506603	0.322681	-1.650903	3.100310
903.754000	4982595.000000	-2.492123	0.941029	0.504109	-0.995039	-1.812491	2.933919
903.804000	4982601.000000	-2.497730	0.940792	0.500324	0.355107	-1.429419	2.738276
903.854000	4982607.000000	-2.504034	0.940552	0.496745	-0.488444	-1.916982	2.526458
903.904000	4982613.000000	-2.510169	0.940509	0.493270	0.271086	-1.629662	2.337501
903.954000	4982619.000000	-2.516641	0.940497	0.489730	-0.956890	-1.642481	2.141904
904.004000	4982625.000000	-2.523152	0.940260	0.485849	-0.253208	-1.533805	2.045364
904.054000	4982631.000000	-2.529733	0.940620	0.482142	-0.865034	-1.424071	2.026625
904.104000	4982637.000000	-2.535826	0.940234	0.478882	-0.180595	-1.455755	2.082334
904.154000	4982643.000000	-2.542274	0.940816	0.475809	-0.174724	-2.138911	2.018812
904.204000	4982649.000000	-2.548616	0.940850	0.472592	-0.650885	-1.663209	2.114291
904.254000	4982655.000000	-2.555005	0.941049	0.470041	0.278250	-1.243696	2.347573
904.304000	4982661.000000	-2.562488	0.941443	0.467507	-0.273634	-2.323509	2.427684
904.354000	4982667.000000	-2.570894	0.941161	0.464929	-0.740842	-1.711414	2.642760
904.404000	4982673.000000	-2.579997	0.941371	0.462069	-0.045374	-1.211411	2.837571
904.454000	4982679.000000	-2.589718	0.941344	0.459589	-0.708065	-1.523116	2.886692
904.504000	4982685.000000	-2.599473	0.941333	0.457400	-0.171074	-1.593245	3.040930
904.554000	4982691.000000	-2.610162	0.941457	0.454949	-0.093313	-1.515079	3.118863
904.604000	4982697.000000	-2.620975	0.941499	0.452533	0.091514	-0.948123	3.318109
904.654000	4982703.000000	-2.631761	0.941654	0.450397	-0.532528	-2.270921	3.329427
904.704000	4982709.000000	-2.643123	0.942181	0.447731	-0.150441	-0.930273	3.410299
904.754000	4982715.000000	-2.654387	0.942409	0.445431	0.049857	-1.279146	3.438999
904.804000	4982721.000000	-2.665833	0.942666	0.443296	-1.054517	-1.562094	3.263644
904.854000	4982727.000000	-2.677587	0.942628	0.441298	-0.725477	-1.797896	3.309544
904.904000	4982733.000000	-2.689439	0.943030	0.439601	0.091641	-1.015450	3.352868
904.954000	4982739.000000	-2.701357	0.943156	0.438363	-0.298641	-0.866248	3.456781
905.004000	4982745.000000	-2.713125	0.943235	0.437384	-0.916908	-2.315300	3.416554
905.054000	4982751.000000	-2.725514	0.943246	0.436177	-0.480458	-2.106956	3.542673
905.104000	4982757.000000	-2.737080	0.943620	0.435243	-0.965194	-1.400497	3.535717
905.154000	4982763.000000	-2.748946	0.943942	0.434227	-0.972436	-0.970388	3.510127
905.204000	4982769.000000	-2.760808	0.943964	0.433220	-0.364441	-1.345587	3.677878
905.254000	4982775.000000	-2.771751	0.943871	0.432460	0.011662	-1.386441	3.724415
905.304000	4982781.000000	-2.783074	0.943893	0.431557	-0.014290	-0.726115	3.746248
905.354000	4982787.000000	-2.793677	0.943974	0.431251	0.186705	-1.134145	3.927212
905.404000	4982793.000000	-2.803999	0.943872	0.430836	0.045707	-0.730456	3.982578
905.454000	4982799.000000	-2.813910	0.943920	0.430231	0.346561	-0.552934	4.021880
905.504000	4982805.000000	-2.823837	0.944470	0.429899	-0.661127	-1.350440	3.982156
905.554000	4982811.000000	-2.833657	0.944499	0.429537	-0.774774	-1.990699	4.049308
905.604000	4982817.000000	-2.843468	0.944889	0.428899	-0.894746	-1.876281	4.045966
905.654000	4982823.000000	-2.853273	0.944894	0.428073	-0.901648	-1.924357	4.099341
905.704000	4982829.000000	-2.863532	0.944680	0.427768	-0.611118	-1.743832	4.134429
905.754000	4982835.000000	-2.874585	0.944792	0.428009	-0.446685	-2.066764	4.211069
905.804000	4982841.000000	-2.885911	0.944793	0.428142	-0.501030	-1.988293	4.275434
905.854000	4982847.000000	-2.897846	0.944946	0.427408	-0.666921	-1.566351	4.311408
905.904000	4982853.000000	-2.910147	0.945032	0.427051	-1.032963	-1.021269	4.315389
905.954000	4982859.000000	-2.922938	0.945065	0.427139	-0.965497	-1.030444	4.496426
906.004000	4982865.000000	-2.935689	0.945096	0.427183	-0.577983	-1.827363	4.551061
906.054000	4982871.000000	-2.948287	0.945363	0.426398	-0.859013	-1.373965	4.589282
906.104000	4982877.000000	-2.961012	0.945640	0.425477	-0.675182	-1.202035	4.597342
906.154000	4982883.000000	-2.973597	0.945849	0.425566	-0.390528	-2.020713	4.615360
906.204000	4982889.000000	-2.986044	0.945798	0.425588	-0.639125	-1.705729	4.694624
906.254000	4982895.000000	-2.998617	0.945802	0.424199	-0.143702	-1.079849	4.748470
906.304000	4982901.000000	-3.010962	0.945989	0.422965	-0.591225	-0.688138	4.786467
906.354000	4982907.000000	-3.022771	0.946017	0.423254	0.028772	-0.782570	4.725546
906.405000	4982913.000000	-3.034889	0.945974	0.423181	-0.218201	-0.884073	4.836393
906.454000	4982919.000000	-3.046911	0.945954	0.422205	-0.272425	-0.971573	4.834418
906.504000	4982925.000000	-3.059036	0.945969	0.421708	-0.221249	-1.532374	4.865004
906.554000	4982931.000000	-3.071253	0.945896	0.421236	0.025267	-1.359353	4.871284
906.604000	4982937.000000	-3.083529	0.946247	0.420220	-0.824007	-1.407288	4.858429
906.654000	4982943.000000	-3.095784	0.946292	0.419761	-0.563915	-1.401145	4.989435
906.704000	4982949.000000	-3.108171	0.946430	0.419401	-0.665667	-1.313272	5.024673
906.754000	4982955.000000	-3.120373	0.946491	0.418752	-0.603017	-1.151866	4.999053
906.804000	4982961.000000	-3.132595	0.946683	0.418081	-0.573984	-1.742164	5.049406
906.854000	4982967.000000	-3.144650	0.947272	0.417169	0.247317	-1.352071	4.995475
906.904000	4982973.000000	-3.156585	0.947364	0.416304	0.067573	-1.155901	5.038481
906.954000	4982979.000000	-3.169083	0.947207	0.416265	0.021750	-0.884906	5.008211
907.004000	4982985.000000	-3.181538	0.947267	0.416968	0.055265	-1.724558	5.182862
907.054000	4982991.000000	-3.194308	0.946961	0.416967	-0.071758	-1.424030	5.262444
907.104000	4982997.000000	-3.207448	0.947460	0.416215	-0.136696	-0.686714	5.363139
907.154000	4983003.000000	-3.220227	0.947356	0.416576	0.303951	-0.711547	5.337861
907.204000	4983009.000000	-3.233443	0.947319	0.416918	0.097633	-1.231454	5.319565
907.254000	4983015.000000	-3.246513	0.947817	0.416435	-0.394689	-0.984270	5.346492
907.304000	4983021.000000	-3.259434	0.948131	0.415963	-0.272096	-1.339402	5.431314
907.354000	4983027.000000	-3.272005	0.948508	0.415982	-0.640433	-1.103146	5.456112
907.404000	4983033.000000	-3.284495	0.948241	0.416045	0.022845	-0.623847	5.519557
907.454000	4983039.000000	-3.297180	0.948106	0.415045	-0.046420	-1.436157	5.589375
907.504000	4983045.000000	-3.309900	0.948170	0.413796	0.082154	-1.634609	5.551161
907.554000	4983051.000000	-3.322396	0.948063	0.413767	0.239280	-0.993857	5.599083
907.604000	4983057.000000	-3.334596	0.948293	0.414025	-0.040608	-1.491786	5.600389
907.654000	4983063.000000	-3.346746	0.948514	0.413233	-0.124449	-1.243071	5.639751
907.704000	4983069.000000	-3.359072	0.948574	0.412607	-0.112035	-0.626361	5.799286
907.754000	4983075.000000	-3.370739	0.948694	0.412470	-0.324666	-0.441745	5.802855
907.804000	4983081.000000	-3.382247	0.948596	0.412169	0.320853	-0.723491	5.777746
907.854000	4983087.000000	-3.393740	0.948657	0.411571	-0.586028	-0.715612	5.982467
907.904000	4983093.000000	-3.404227	0.948914	0.411353	-0.285579	-0.258547	5.824910
907.954000	4983099.000000	-3.414590	0.948976	0.410897	0.282973	-0.687446	5.675972
908.004000	4983105.000000	-3.424629	0.949176	0.410405	0.027271	-0.910740	5.588006
908.054000	4983111.000000	-3.434808	0.949436	0.409829	-0.471126	-0.470051	5.961456
908.104000	4983117.000000	-3.444388	0.949655	0.409055	-0.625287	-0.580206	5.945267
908.154000	4983123.000000	-3.453697	0.950022	0.408160	-0.595168	-0.801632	5.950553
908.204000	4983129.000000	-3.463018	0.950318	0.407982	-0.631634	-0.783594	6.022689
908.254000	4983135.000000	-3.472718	0.949713	0.408304	-0.808158	-0.820603	6.040622
908.304000	4983141.000000	-3.482301	0.950155	0.408473	-0.371016	-1.070488	5.986364
908.354000	4983147.000000	-3.492598	0.950184	0.408083	-0.597914	-0.733933	5.936275
908.404000	4983153.000000	-3.503152	0.950091	0.408152	-0.288094	-0.890586	5.951571
908.454000	4983159.000000	-3.514144	0.949996	0.408048	-0.559306	-1.169509	6.177727
908.504000	4983165.000000	-3.524950	0.950125	0.407836	-0.651164	-0.529623	6.101593
908.554000	4983171.000000	-3.535746	0.950446	0.407604	-0.228639	-0.930790	5.910295
908.604000	4983177.000000	-3.547328	0.950388	0.406979	-0.112563	0.149809	6.060589
908.654000	4983183.000000	-3.558411	0.950654	0.406735	-0.391809	0.403557	6.069580
908.704000	4983189.000000	-3.569356	0.950929	0.406844	-0.391468	0.356716	5.926327
908.754000	4983195.000000	-3.580515	0.950606	0.406360	-0.700910	0.494741	6.062242
908.804000	4983201.000000	-3.591293	0.950544	0.405854	-0.314458	-0.901674	5.948619
908.854000	4983207.000000	-3.602375	0.950501	0.404686	-0.411699	-0.500310	6.166852
908.904000	4983213.000000	-3.613068	0.950455	0.404173	-0.762161	0.101461	6.113101
908.954000	4983219.000000	-3.623072	0.950522	0.404600	-0.261275	-0.084861	5.976899
909.004000	4983225.000000	-3.633237	0.950491	0.404192	-0.882428	0.324573	6.129636
909.054000	4983231.000000	-3.642864	0.951125	0.403762	-0.219659	-0.049010	5.929766
909.104000	4983237.000000	-3.652418	0.951276	0.403651	-0.181609	0.222319	5.914998
909.154000	4983243.000000	-3.662099	0.951160	0.403800	-0.323959	0.406748	5.951090
909.204000	4983249.000000	-3.671997	0.950873	0.403001	-0.719522	0.032126	6.144637
909.254000	4983255.000000	-3.681411	0.951411	0.402529	-0.529963	0.173829	6.202163
909.304000	4983261.000000	-3.691081	0.951551	0.402714	-1.156004	-0.999945	6.167945
909.356000	4983267.000000	-3.701181	0.951420	0.402660	-1.082537	-0.868146	6.227912
909.404000	4983273.000000	-3.711905	0.951054	0.401698	-1.513510	0.640040	6.425366
909.454000	4983279.000000	-3.722031	0.951810	0.401730	-1.002647	-0.214709	6.151759
909.504000	4983285.000000	-3.733238	0.951918	0.401126	-1.551097	0.524330	6.236648
909.554000	4983291.000000	-3.743609	0.952632	0.401091	-1.074323	0.551166	6.079594
909.604000	4983297.000000	-3.754722	0.951846	0.400248	-2.856496	0.297573	6.115214
909.654000	4983303.000000	-3.765002	0.952497	0.399803	-1.290664	-1.082567	6.100389
909.704000	4983309.000000	-3.775813	0.952870	0.399979	-0.669237	-0.957627	6.185893
909.754000	4983315.000000	-3.786621	0.952457	0.400426	-0.503205	-1.352847	6.284376
909.804000	4983321.000000	-3.797373	0.952342	0.400352	-1.002202	-1.108357	6.180006
909.854000	4983327.000000	-3.808369	0.951282	0.399778	-1.998981	-0.153356	6.242861
909.904000	4983333.000000	-3.818474	0.951467	0.399782	-1.887791	-0.347234	6.242421
909.954000	4983339.000000	-3.827865	0.952397	0.400249	-1.175363	-0.830509	6.177475
910.004000	4983345.000000	-3.837554	0.952307	0.400183	-1.062004	-0.526252	6.203106
910.054000	4983351.000000	-3.847264	0.951762	0.399560	-2.313639	0.423340	6.314320
910.104000	4983357.000000	-3.856180	0.951791	0.399578	-2.559087	0.346423	6.333189
910.154000	4983363.000000	-3.864827	0.951950	0.399767	-2.524244	0.581091	6.335321
910.204000	4983369.000000	-3.872690	0.952649	0.400091	-1.431229	0.549245	6.170461
910.254000	4983375.000000	-3.880185	0.952765	0.399883	-1.122833	0.804160	6.106535
910.304000	4983381.000000	-3.886989	0.952774	0.399873	-1.504516	0.323078	6.092527
910.354000	4983387.000000	-3.892778	0.952977	0.399503	-0.944617	0.338220	6.203813
910.404000	4983393.000000	-3.897531	0.952779	0.399366	-1.072253	0.293492	6.110519
910.454000	4983399.000000	-3.900913	0.953011	0.399079	-1.155884	-0.396546	6.128922
910.504000	4983405.000000	-3.902943	0.952868	0.398911	-1.042066	-0.362090	6.144146
910.554000	4983411.000000	-3.903255	0.952940	0.398858	-0.926055	-0.341392	6.182452
910.604000	4983417.000000	-3.901988	0.952961	0.398863	-1.387461	-0.773360	6.178704
910.654000	4983423.000000	-3.900383	0.952322	0.398508	-2.400049	-0.542134	6.337720
910.704000	4983429.000000	-3.897130	0.953006	0.398858	-1.403105	-0.777944	6.121453
910.754000	4983435.000000	-3.893478	0.953316	0.398907	-1.542930	0.030504	6.129536
910.804000	4983441.000000	-3.889400	0.953218	0.399223	-1.534612	0.006797	6.072338
910.854000	4983447.000000	-3.884681	0.953017	0.399484	-1.010440	0.172262	6.047688
910.904000	4983453.000000	-3.879438	0.953131	0.399539	-1.051017	0.413569	6.000750
910.954000	4983459.000000	-3.874090	0.952326	0.399174	-2.909089	0.600170	6.270389
911.004000	4983465.000000	-3.867738	0.952961	0.399454	-1.433510	0.790881	6.100495
911.054000	4983471.000000	-3.861070	0.953302	0.399305	-1.287074	0.083278	6.137997
911.104000	4983477.000000	-3.854212	0.952832	0.399299	-1.063221	0.210773	6.086561
911.154000	4983483.000000	-3.846886	0.953101	0.399279	-1.594996	0.255279	6.105170
911.204000	4983489.000000	-3.839192	0.953150	0.399289	-1.393577	0.247845	5.990864
911.254000	4983495.000000	-3.831374	0.952895	0.399003	-1.116371	0.192443	5.888407
911.304000	4983501.000000	-3.823208	0.952872	0.398632	-1.276732	0.360952	5.849672
911.354000	4983507.000000	-3.814706	0.953007	0.398540	-1.208315	0.121547	5.696794
911.404000	4983513.000000	-3.805944	0.952814	0.398214	-1.026525	0.365320	5.708242
911.454000	4983519.000000	-3.796858	0.953007	0.397945	-1.065459	-0.019854	5.706707
911.504000	4983525.000000	-3.787375	0.953150	0.398365	-1.337178	0.497410	5.676210
911.554000	4983531.000000	-3.777829	0.952588	0.399042	-1.294496	-0.298808	5.952879
911.604000	4983537.000000	-3.768380	0.952367	0.399050	-2.369323	-0.671794	6.132976
911.654000	4983543.000000	-3.757741	0.953112	0.400279	-1.532703	-0.821275	6.005340
911.704000	4983549.000000	-3.747534	0.953309	0.401161	-1.066000	0.732978	6.158927
911.754000	4983555.000000	-3.737141	0.952233	0.402869	-1.258482	-0.683321	6.365317
911.804000	4983561.000000	-3.726290	0.952589	0.404440	-0.945217	0.003919	6.373513
911.854000	4983567.000000	-3.715980	0.952144	0.405097	-1.409165	0.704604	6.539896
911.904000	4983573.000000	-3.706394	0.951367	0.404956	-2.035975	1.250100	6.648805
911.954000	4983579.000000	-3.697159	0.951941	0.404635	-1.616438	0.986339	6.372564
912.004000	4983585.000000	-3.689944	0.951543	0.402497	-1.859954	-0.789482	6.350035
912.054000	4983591.000000	-3.683092	0.952262	0.399699	-1.320773	0.327627	5.643234
912.104000	4983597.000000	-3.677583	0.951707	0.396451	-0.833869	1.347941	5.445586
912.154000	4983603.000000	-3.672327	0.951062	0.393888	-0.408173	-0.443084	5.111611
912.204000	4983609.000000	-3.666562	0.951754	0.392088	-0.523871	0.216717	4.714296
912.254000	4983615.000000	-3.661173	0.951773	0.391065	-0.171887	-0.565494	4.644664
912.304000	4983621.000000	-3.655598	0.951512	0.390398	-0.431329	-0.412881	4.545938
912.354000	4983627.000000	-3.649334	0.951654	0.389802	-0.348247	-1.011081	4.495995
912.404000	4983633.000000	-3.642402	0.952416	0.388735	-0.167695	-0.335068	4.001685
912.454000	4983639.000000	-3.635832	0.952305	0.386921	-0.988766	0.109954	4.107533
912.504000	4983645.000000	-3.628195	0.952294	0.386128	-0.132737	-0.875057	3.710997
912.554000	4983651.000000	-3.619920	0.952122	0.385761	0.029302	-0.999467	3.532197
912.604000	4983657.000000	-3.610845	0.952016	0.386136	-0.923762	-0.553959	3.611611
912.654000	4983663.000000	-3.600630	0.952084	0.388032	-0.714332	0.416178	3.564831
912.704000	4983669.000000	-3.589739	0.952342	0.390135	-0.574671	-0.568218	3.522555
912.754000	4983675.000000	-3.578548	0.952305	0.391383	-0.180225	0.071460	3.811778
912.804000	4983681.000000	-3.566494	0.952268	0.392942	-0.498029	-0.864658	3.847282
912.854000	4983687.000000	-3.554565	0.952070	0.393935	-0.259409	-0.287715	3.807566
912.904000	4983693.000000	-3.542258	0.951974	0.395219	-0.098773	-0.273458	3.706181
912.954000	4983699.000000	-3.529857	0.951939	0.396600	-0.467826	-1.277252	4.026663
913.004000	4983705.000000	-3.517629	0.951392	0.397844	-0.518822	-0.052239	3.924707
913.054000	4983711.000000	-3.505401	0.951220	0.399028	-0.555808	-0.801667	3.987215
913.104000	4983717.000000	-3.493433	0.951288	0.400255	-0.654227	-1.019237	4.061097
913.154000	4983723.000000	-3.481464	0.951521	0.401495	-0.487833	-0.541899	3.810964
913.204000	4983729.000000	-3.470556	0.951431	0.401734	-0.941685	0.075979	3.899310
913.254000	4983735.000000	-3.459409	0.951684	0.401856	-0.800818	0.305914	3.824774
913.304000	4983741.000000	-3.448546	0.952126	0.401834	-0.335466	-0.366245	3.869977
913.354000	4983747.000000	-3.437554	0.952233	0.402582	-0.162598	-1.499637	3.557015
913.404000	4983753.000000	-3.426692	0.952765	0.403108	-0.359204	-1.508688	3.568429
913.454000	4983759.000000	-3.416097	0.952916	0.403530	-0.474102	-1.135448	3.805660
913.504000	4983765.000000	-3.404860	0.953193	0.404632	-0.480353	-1.006118	3.568363
913.554000	4983771.000000	-3.393652	0.953041	0.406444	-0.064061	-1.914329	3.766611
913.604000	4983777.000000	-3.382223	0.952545	0.408095	-0.406033	-1.386982	3.752164
913.654000	4983783.000000	-3.370606	0.952531	0.409271	-0.521371	-0.572904	3.984876
913.704000	4983789.000000	-3.358121	0.952488	0.410992	-0.482329	-2.201516	3.980850
913.754000	4983795.000000	-3.346213	0.951999	0.412061	-0.701424	-1.296435	3.968855
913.804000	4983801.000000	-3.333624	0.951614	0.413482	0.034541	-1.076390	3.820717
913.854000	4983807.000000	-3.321173	0.951517	0.414626	-0.320018	-1.564907	3.877646
913.904000	4983813.000000	-3.308347	0.951461	0.415885	-0.427219	-1.401405	3.925646
913.954000	4983819.000000	-3.295604	0.951616	0.417429	0.080629	-0.823395	3.934576
914.004000	4983825.000000	-3.283292	0.951556	0.418981	-0.050188	-1.244051	4.132097
914.054000	4983831.000000	-3.270030	0.951328	0.420841	-0.337835	-1.313217	4.054004
914.104000	4983837.000000	-3.256732	0.951256	0.421712	-0.566322	-1.884339	4.126248
914.154000	4983843.000000	-3.242884	0.951127	0.422595	-0.438272	-1.832600	4.257686
914.204000	4983849.000000	-3.228068	0.950889	0.424209	-0.376066	-1.196478	4.183955
914.254000	4983855.000000	-3.213701	0.950657	0.425631	0.255267	-1.541624	4.212135
914.304000	4983861.000000	-3.199055	0.950525	0.426829	-0.002608	-1.966244	4.333220
914.354000	4983867.000000	-3.184430	0.950270	0.428577	-0.352185	-1.628187	4.233278
914.404000	4983873.000000	-3.169933	0.950246	0.430102	-0.546045	-1.779799	4.250270
914.454000	4983879.000000	-3.155703	0.950186	0.431093	-0.555784	-2.699605	4.372865
914.504000	4983885.000000	-3.141774	0.950510	0.431455	-1.074849	-2.004298	4.212629
914.554000	4983891.000000	-3.128554	0.950628	0.431275	-1.184296	-1.904627	4.094680
914.604000	4983897.000000	-3.115936	0.950205	0.430974	-0.878241	-2.484735	4.052185
914.654000	4983903.000000	-3.103450	0.949767	0.431222	-1.020326	-1.982758	3.981322
914.704000	4983909.000000	-3.090265	0.949846	0.432264	-0.596984	-1.248552	3.800548
914.754000	4983915.000000	-3.077912	0.949413	0.432877	-0.177613	-1.295644	3.812302
914.804000	4983921.000000	-3.065352	0.949272	0.434168	-0.021454	-2.202080	3.798584
914.854000	4983927.000000	-3.053153	0.949086	0.435061	0.224102	-1.704832	3.703484
914.904000	4983933.000000	-3.041537	0.949047	0.435473	-0.345426	-0.980531	3.662942
914.954000	4983939.000000	-3.029660	0.949221	0.435859	-0.066662	-0.966088	3.490272
915.004000	4983945.000000	-3.018298	0.949734	0.435187	0.164013	-1.205981	3.413469
915.054000	4983951.000000	-3.006892	0.950091	0.434519	-0.573600	-1.961426	3.172532
915.104000	4983957.000000	-2.996584	0.949860	0.432284	-0.912429	-1.786672	2.777292
915.154000	4983963.000000	-2.986799	0.949713	0.427902	-0.445247	-0.858234	2.466225
915.204000	4983969.000000	-2.977091	0.949606	0.421533	-0.314447	-2.076540	1.949156
915.254000	4983975.000000	-2.967860	0.949530	0.413448	-0.533076	-1.697206	1.387970
915.304000	4983981.000000	-2.957421	0.949673	0.404900	-0.311783	-1.380124	0.784959
915.354000	4983987.000000	-2.946908	0.949539	0.396839	-0.215904	-1.258212	0.387919
915.404000	4983993.000000	-2.935529	0.949804	0.390262	-0.812405	-1.398293	0.034531
915.454000	4983999.000000	-2.923420	0.949597	0.385834	-0.390539	-1.673227	-0.217072
915.504000	4984005.000000	-2.910484	0.949591	0.382794	-0.352833	-1.190243	-0.053897
915.554000	4984011.000000	-2.897732	0.949730	0.380732	-0.502267	-1.894632	0.163449
915.604000	4984017.000000	-2.884677	0.949658	0.378524	-0.830059	-1.753019	0.339442
915.654000	4984023.000000	-2.871836	0.949110	0.376332	-0.448884	-1.179116	0.676549
915.704000	4984029.000000	-2.858855	0.949605	0.374205	-0.804158	-1.349441	0.911854
915.754000	4984035.000000	-2.845835	0.949835	0.372338	-0.628260	-1.562488	1.118726
915.804000	4984041.000000	-2.833050	0.949930	0.370105	-1.045653	-1.234976	1.354366
915.854000	4984047.000000	-2.819945	0.949860	0.367950	-0.181954	-1.408330	1.643237
915.904000	4984053.000000	-2.806383	0.949888	0.366578	-0.452798	-0.617996	1.978000
915.954000	4984059.000000	-2.792541	0.949723	0.365584	-0.518727	-0.605720	2.342360
916.004000	4984065.000000	-2.778646	0.949525	0.364363	-1.053256	-1.934110	2.660591
916.054000	4984071.000000	-2.764085	0.949191	0.362752	-0.902598	-1.897237	2.981083
916.105000	4984077.000000	-2.749157	0.948817	0.360861	-1.099495	-1.154633	3.359575
916.154000	4984083.000000	-2.734114	0.948728	0.359130	-0.064720	-2.013182	3.692549
916.204000	4984089.000000	-2.719296	0.948500	0.356648	-0.289184	-0.969677	4.031421
916.254000	4984095.000000	-2.705255	0.948500	0.353290	-1.254083	-1.626516	4.203958
916.304000	4984101.000000	-2.692005	0.948026	0.349275	0.039235	-1.305898	4.428363
916.354000	4984107.000000	-2.678821	0.947971	0.345602	-1.306479	-1.550638	4.356481
916.405000	4984113.000000	-2.666142	0.947826	0.341621	-0.659258	-1.309769	4.302759
916.454000	4984119.000000	-2.653784	0.947704	0.337615	-1.153157	-1.672281	4.241921
916.504000	4984125.000000	-2.641626	0.947660	0.333630	-0.805363	-0.647127	4.212104
916.554000	4984131.000000	-2.629602	0.947477	0.330124	-1.214853	-1.123324	4.236917
916.604000	4984137.000000	-2.617420	0.947094	0.326798	-0.470026	-1.474313	4.253472
916.654000	4984143.000000	-2.605222	0.947223	0.323532	-0.801609	-2.834232	4.110178
916.704000	4984149.000000	-2.592419	0.947072	0.320221	-0.716357	-1.396442	4.066025
916.754000	4984155.000000	-2.579651	0.946724	0.316897	-0.200789	-1.052208	4.169504
916.804000	4984161.000000	-2.566468	0.946942	0.313658	-0.926658	-1.178932	3.960488
916.854000	4984167.000000	-2.553038	0.946939	0.310261	-0.074524	-1.178235	4.023936
916.904000	4984173.000000	-2.539140	0.947208	0.307435	-0.821687	-2.295812	3.929416
916.954000	4984179.000000	-2.525358	0.946868	0.304222	-0.601232	-1.236489	3.928214
917.004000	4984185.000000	-2.510642	0.946766	0.301855	-0.917729	-1.218046	3.959490
917.054000	4984191.000000	-2.496079	0.946636	0.299879	-1.354017	-2.091717	3.893177
917.104000	4984197.000000	-2.481564	0.946240	0.297876	-1.232735	-2.014150	3.840905
917.154000	4984203.000000	-2.467093	0.945565	0.295435	-0.565349	-1.652090	3.950029
917.204000	4984209.000000	-2.452744	0.945001	0.292793	0.279170	-1.251474	4.056297
917.254000	4984215.000000	-2.438590	0.945319	0.290746	-1.372510	-1.417379	4.035183
917.304000	4984221.000000	-2.425393	0.944903	0.289003	-1.204067	-2.112289	4.040462
917.354000	4984227.000000	-2.412152	0.944467	0.286955	-0.628413	-0.865432	4.106712
917.404000	4984233.000000	-2.400299	0.944439	0.284639	0.220775	-1.536995	4.084665
917.454000	4984239.000000	-2.388892	0.944573	0.283019	-1.291686	-1.341662	4.132272
917.504000	4984245.000000	-2.378207	0.944317	0.281762	-1.083887	-1.941454	4.080623
917.554000	4984251.000000	-2.368747	0.944146	0.280460	-0.808569	-2.035166	4.222717
917.604000	4984257.000000	-2.360018	0.944285	0.279158	-0.605523	-1.023255	4.134484
917.654000	4984263.000000	-2.352805	0.944291	0.277810	-0.495835	-1.058548	4.264019
917.704000	4984269.000000	-2.346062	0.944082	0.276916	-0.407975	-1.253126	4.288937
917.754000	4984275.000000	-2.340272	0.944070	0.276453	-0.014270	-1.511478	4.242293
917.804000	4984281.000000	-2.335225	0.943763	0.276024	0.451559	-1.759384	4.310441
917.854000	4984287.000000	-2.331714	0.943822	0.275542	-0.037739	-1.371635	4.372029
917.904000	4984293.000000	-2.329451	0.944126	0.275360	-1.019748	-1.875547	4.371700
917.954000	4984299.000000	-2.328869	0.943895	0.275368	-0.657787	-1.855240	4.292274
918.004000	4984305.000000	-2.329701	0.943696	0.275624	-0.779014	-2.335924	4.399676
918.054000	4984311.000000	-2.331668	0.943405	0.275760	0.168259	-2.010120	4.439629
918.104000	4984317.000000	-2.333967	0.943291	0.276181	0.527078	-1.662701	4.375078
918.154000	4984323.000000	-2.338076	0.943446	0.276993	-0.545342	-1.726794	4.362170
918.204000	4984329.000000	-2.343556	0.943649	0.277653	-0.522098	-1.116715	4.279307
918.254000	4984335.000000	-2.350594	0.943866	0.278508	-0.665922	-0.885074	4.341695
918.304000	4984341.000000	-2.358868	0.943732	0.279791	-0.467080	-1.934884	4.308635
918.368000	4984349.000000	-2.372281	0.943939	0.281847	-1.316554	-1.814705	4.241409
918.404000	4984353.000000	-2.379840	0.943898	0.282799	-0.839334	-0.970235	4.311034
918.454000	4984359.000000	-2.391971	0.943901	0.284603	0.238112	-1.666039	4.151843
918.504000	4984365.000000	-2.405074	0.944094	0.286593	-0.683964	-1.287972	4.035101
918.554000	4984371.000000	-2.418756	0.944333	0.288702	-0.596976	-1.865423	3.994536
918.604000	4984377.000000	-2.433171	0.944703	0.290604	-1.174456	-1.519904	4.046161
918.654000	4984383.000000	-2.447796	0.944866	0.292390	0.350810	-1.140768	4.156336
918.704000	4984389.000000	-2.462210	0.945331	0.294349	-0.232377	-0.900791	3.873583
918.754000	4984395.000000	-2.477228	0.945582	0.296014	-0.772994	-1.092858	3.855710
918.804000	4984401.000000	-2.491300	0.946394	0.298457	-1.278139	-1.884376	3.598386
918.854000	4984407.000000	-2.505018	0.946590	0.300725	-1.193631	-1.543515	3.728474
918.904000	4984413.000000	-2.518965	0.946868	0.302137	-0.417304	-1.547361	3.655837
918.954000	4984419.000000	-2.532947	0.947097	0.303346	-0.645575	-1.574535	3.695936
919.004000	4984425.000000	-2.546110	0.947219	0.305356	-0.826074	-1.369436	3.483922
919.054000	4984431.000000	-2.558705	0.947213	0.308381	-1.677542	-0.859976	3.743945
919.104000	4984437.000000	-2.570862	0.946262	0.311365	-0.521718	-1.520942	3.645188
919.154000	4984443.000000	-2.582761	0.945938	0.313919	-0.888428	-1.344763	3.677758
919.204000	4984449.000000	-2.594467	0.945333	0.316673	-0.348339	-1.214339	3.617820
919.254000	4984455.000000	-2.605901	0.944917	0.319391	-0.491465	-1.871072	3.702464
919.304000	4984461.000000	-2.617666	0.945305	0.321439	-1.384125	-0.851546	3.619563
919.354000	4984467.000000	-2.629998	0.945237	0.322735	-0.924393	-1.938327	3.632198
919.404000	4984473.000000	-2.642749	0.945293	0.323921	-0.046444	-0.809226	3.403491
919.454000	4984479.000000	-2.655823	0.945187	0.325894	-0.681510	-1.238992	3.394223
919.504000	4984485.000000	-2.669691	0.944948	0.327891	-0.713299	-1.710506	3.344211
919.554000	4984491.000000	-2.683703	0.944789	0.330514	-0.322160	-0.906643	3.320106
919.604000	4984497.000000	-2.698128	0.944495	0.333101	-0.060074	-0.973682	3.136154
919.654000	4984503.000000	-2.713067	0.944322	0.335431	-0.723365	-1.389299	3.127581
919.704000	4984509.000000	-2.728181	0.944738	0.337460	-0.439844	-1.443773	3.034924
919.754000	4984515.000000	-2.743998	0.945192	0.338583	-0.626010	-2.125308	2.898403
919.804000	4984521.000000	-2.760148	0.945745	0.339319	-0.170776	-1.144511	2.728903
919.854000	4984527.000000	-2.776681	0.946454	0.339860	-0.355907	-0.745318	2.479877
919.904000	4984533.000000	-2.793097	0.947734	0.340225	-0.802235	-0.752748	2.342599
919.954000	4984539.000000	-2.809398	0.948229	0.341134	-0.024925	-0.989010	2.190004
920.004000	4984545.000000	-2.825859	0.947136	0.343871	-0.910152	-1.549473	2.009665
920.054000	4984551.000000	-2.841386	0.946093	0.348158	-0.025667	-1.172731	2.207296
920.104000	4984557.000000	-2.856228	0.946456	0.352958	-0.815830	-1.895284	2.321727
920.154000	4984563.000000	-2.870440	0.946743	0.356964	-0.280596	-1.435713	2.607499
920.204000	4984569.000000	-2.885023	0.946891	0.360581	-0.915720	-1.274175	2.641667
920.254000	4984575.000000	-2.898781	0.946658	0.365057	-0.726374	-1.340558	2.886399
920.304000	4984581.000000	-2.911641	0.947189	0.369657	-0.517465	-1.681845	3.073832
920.354000	4984587.000000	-2.924568	0.947232	0.373870	-0.682082	-1.440801	3.293409
920.404000	4984593.000000	-2.937316	0.947153	0.378254	0.023842	-1.144380	3.573656
920.454000	4984599.000000	-2.950372	0.947076	0.382907	-0.866389	-1.431307	3.786329
920.504000	4984605.000000	-2.963414	0.947137	0.387225	-0.226879	-0.966409	3.995113
920.554000	4984611.000000	-2.977116	0.946861	0.391193	-0.937730	-1.233826	4.037066
920.604000	4984617.000000	-2.991217	0.946672	0.394564	-0.421412	-1.080876	4.110808
920.654000	4984623.000000	-3.006099	0.946872	0.397218	-0.679539	-1.245014	4.194027
920.704000	4984629.000000	-3.020995	0.946889	0.399202	-0.135018	-0.763087	4.078414
920.754000	4984635.000000	-3.036577	0.946722	0.400137	0.325541	-0.587738	3.775927
920.804000	4984641.000000	-3.052531	0.947068	0.400375	-0.365554	-1.173143	3.594673
920.854000	4984647.000000	-3.068697	0.946710	0.400127	0.105300	-1.686545	3.341638
920.904000	4984653.000000	-3.084142	0.946511	0.400156	0.624589	-1.436493	3.166660
920.954000	4984659.000000	-3.098574	0.946374	0.401187	0.363802	-1.002210	2.822317
921.004000	4984665.000000	-3.112045	0.946575	0.402245	-0.262008	-0.797049	2.686870
921.054000	4984671.000000	-3.125107	0.946495	0.403028	-0.060567	-1.310165	2.624404
921.104000	4984677.000000	-3.137935	0.946816	0.403382	-0.695115	-0.726631	2.418933
921.154000	4984683.000000	-3.150581	0.947037	0.403671	-0.783576	-0.659390	2.255510
921.204000	4984689.000000	-3.163412	0.946881	0.403919	-0.680252	-1.091139	1.964988
921.254000	4984695.000000	-3.176022	0.947308	0.403947	-1.025852	-0.754065	1.821443
921.304000	4984701.000000	-3.188951	0.947340	0.403609	-0.370396	-1.019424	1.815040
921.354000	4984707.000000	-3.201868	0.947397	0.403182	0.088708	-0.683041	1.727891
921.404000	4984713.000000	-3.214769	0.947530	0.402639	0.168771	-1.108272	1.646317
921.454000	4984719.000000	-3.227766	0.947938	0.401916	0.163126	-1.065686	1.691369
921.504000	4984725.000000	-3.240626	0.947915	0.402240	0.236955	-1.443461	1.460247
921.554000	4984731.000000	-3.254214	0.947634	0.403006	0.243737	-1.501086	1.414988
921.604000	4984737.000000	-3.267402	0.947965	0.404182	-0.186355	-1.576065	1.450864
921.654000	4984743.000000	-3.281614	0.947801	0.404843	0.181462	-1.036636	1.409873
921.704000	4984749.000000	-3.296283	0.947874	0.405987	-0.220939	-0.983238	1.355867
921.754000	4984755.000000	-3.311896	0.947989	0.407102	-0.439317	0.000931	1.621215
921.804000	4984761.000000	-3.327476	0.948129	0.408800	-0.370487	-1.783622	1.522920
921.854000	4984767.000000	-3.344034	0.948393	0.409641	-0.104390	-0.618704	1.433444
921.904000	4984773.000000	-3.360890	0.948842	0.410694	-1.003671	-0.512547	1.613108
921.954000	4984779.000000	-3.378167	0.948816	0.412250	-0.119543	-1.657004	1.536080
922.004000	4984785.000000	-3.395953	0.948684	0.412894	0.230992	-1.401136	1.562738
922.054000	4984791.000000	-3.413498	0.949352	0.413501	-0.185634	-0.998829	1.438904
922.104000	4984797.000000	-3.430966	0.949243	0.415096	-0.029521	-1.144453	1.472080
922.154000	4984803.000000	-3.448445	0.949571	0.416107	0.073059	-0.636245	1.415498
922.204000	4984809.000000	-3.466338	0.949769	0.416032	-0.972563	0.008903	1.829161
922.254000	4984815.000000	-3.483676	0.949868	0.416682	-1.024705	0.076293	1.777707
922.304000	4984821.000000	-3.500235	0.950284	0.417808	-0.601294	-0.483708	1.681232
922.354000	4984827.000000	-3.517212	0.950334	0.418286	-0.443565	-0.586303	1.839523
922.404000	4984833.000000	-3.533266	0.951079	0.418819	-0.801104	-0.506132	1.904950
922.454000	4984839.000000	-3.549311	0.950649	0.420273	0.097861	-0.686624	1.826829
922.504000	4984845.000000	-3.565243	0.950354	0.421598	-0.400441	0.528830	1.905083
922.554000	4984851.000000	-3.580497	0.950535	0.422781	-0.207041	0.092751	1.860623
922.604000	4984857.000000	-3.595873	0.950225	0.423596	-0.461118	0.486152	1.750650
922.654000	4984863.000000	-3.610898	0.950143	0.424868	-0.529318	-0.011194	1.932776
922.704000	4984869.000000	-3.625815	0.950272	0.426109	-0.206436	-0.508168	2.122281
922.754000	4984875.000000	-3.640285	0.950764	0.427007	-0.203894	-0.266833	2.025077
922.804000	4984881.000000	-3.654782	0.951008	0.427944	-0.370095	-0.267251	1.926203
922.854000	4984887.000000	-3.669145	0.951297	0.429187	-0.201699	-0.217986	1.941154
922.904000	4984893.000000	-3.683778	0.950430	0.430901	0.658888	-5.874991	2.153246
922.954000	4984899.000000	-3.698660	0.951653	0.430753	-1.276835	-0.760469	2.128533
923.004000	4984905.000000	-3.713584	0.951583	0.431731	-1.158413	-0.856077	2.258795
923.054000	4984911.000000	-3.728150	0.952276	0.433393	-0.895705	0.273789	2.116877
923.104000	4984917.000000	-3.743502	0.951663	0.434528	-1.643612	0.376982	2.004991
923.154000	4984923.000000	-3.758946	0.951774	0.434989	-1.346189	0.088307	2.140753
923.204000	4984929.000000	-3.774909	0.951753	0.435487	-1.470594	0.101958	2.158744
923.254000	4984935.000000	-3.790451	0.951996	0.436514	-1.327812	-0.478765	2.154767
923.304000	4984941.000000	-3.806386	0.952185	0.437556	-1.271643	-1.045491	2.245612
923.354000	4984947.000000	-3.822460	0.952273	0.438394	-0.849908	-0.730922	2.369497
923.404000	4984953.000000	-3.837835	0.952988	0.438869	-1.271316	0.500764	2.215090
923.454000	4984959.000000	-3.854118	0.951913	0.439324	-2.395180	-0.148910	2.477271
923.504000	4984965.000000	-3.869478	0.951906	0.441362	-1.316090	0.007488	2.287573
923.554000	4984971.000000	-3.884816	0.950577	0.443881	1.055238	-6.395037	2.524532
923.604000	4984977.000000	-3.900225	0.950489	0.445161	1.123987	-5.221136	2.575950
923.654000	4984983.000000	-3.914836	0.950713	0.445994	0.563051	-5.162154	2.636924
923.704000	4984989.000000	-3.929100	0.950232	0.447244	1.155443	-5.795671	2.658947
923.754000	4984995.000000	-3.942652	0.950206	0.448524	1.499016	-6.811544	2.576991
923.804000	4985001.000000	-3.955276	0.950566	0.449706	0.983067	-6.541335	2.650475
923.854000	4985007.000000	-3.967278	0.950269	0.450711	1.231578	-6.608758	2.775932
923.904000	4985013.000000	-3.978327	0.950362	0.451333	1.391164	-6.136821	2.815211
923.954000	4985019.000000	-3.988790	0.950198	0.452050	0.896051	-5.551086	2.794048
924.004000	4985025.000000	-3.998347	0.950237	0.452180	0.939081	-5.662687	2.809932
924.054000	4985031.000000	-4.007630	0.949730	0.452856	1.338492	-6.553087	2.798353
924.104000	4985037.000000	-4.015791	0.949813	0.453957	1.468347	-7.054227	2.754921
924.154000	4985043.000000	-4.024411	0.949235	0.454538	1.022146	-8.027383	3.082891
924.204000	4985049.000000	-4.032002	0.949231	0.454513	1.106416	-7.625702	3.104106
924.254000	4985055.000000	-4.038438	0.950042	0.454876	1.405424	-6.262503	2.744519
924.304000	4985061.000000	-4.045894	0.949428	0.455669	0.742234	-7.315792	3.071498
924.354000	4985067.000000	-4.051788	0.949512	0.455984	1.199903	-6.919155	2.708002
924.404000	4985073.000000	-4.058502	0.949133	0.455617	0.931557	-7.784869	3.138388
924.454000	4985079.000000	-4.063762	0.949473	0.455679	0.577629	-6.866915	2.979144
924.504000	4985085.000000	-4.068431	0.949564	0.455922	0.351066	-6.854916	2.925606
924.554000	4985091.000000	-4.072043	0.949582	0.455861	0.957988	-7.429938	2.967258
924.604000	4985097.000000	-4.073596	0.949933	0.455947	0.706399	-6.310049	2.581222
924.654000	4985103.000000	-4.074248	0.949672	0.456026	0.827845	-7.681562	2.947653
924.704000	4985109.000000	-4.072452	0.950120	0.455980	0.620174	-7.043911	2.914159
924.754000	4985115.000000	-4.070023	0.949800	0.456178	0.730839	-7.215746	2.919263
924.804000	4985121.000000	-4.066450	0.949845	0.455991	0.612106	-6.826529	2.951513
924.854000	4985127.000000	-4.062041	0.949787	0.455720	1.165519	-7.367928	3.015224
924.904000	4985133.000000	-4.056100	0.950192	0.455780	0.783345	-6.306847	2.723827
924.954000	4985139.000000	-4.049861	0.950103	0.455683	1.012479	-6.901653	2.756390
925.004000	4985145.000000	-4.042856	0.950135	0.455443	1.334658	-6.450628	2.660125
925.054000	4985151.000000	-4.035542	0.950012	0.455096	1.269855	-7.108722	3.065856
925.104000	4985157.000000	-4.027047	0.949900	0.454829	1.395437	-7.682340	3.087345
925.154000	4985163.000000	-4.017756	0.949842	0.454274	1.036088	-8.173505	3.111861
925.204000	4985169.000000	-4.007226	0.949839	0.453801	0.667950	-6.844744	3.103140
925.254000	4985175.000000	-3.996062	0.949864	0.453296	0.894907	-7.789873	3.154644
925.304000	4985181.000000	-3.984017	0.950345	0.452289	0.380884	-6.213147	3.095572
925.354000	4985187.000000	-3.971565	0.950214	0.451709	0.158044	-4.723545	3.036456
925.404000	4985193.000000	-3.958680	0.950661	0.451144	-0.143128	-5.073346	2.995704
925.454000	4985199.000000	-3.945871	0.950627	0.449232	1.296862	-6.413565	3.044013
925.529000	4985208.000000	-3.926220	0.950634	0.446283	0.834741	-5.201363	2.828332
925.562000	4985212.000000	-3.917315	0.950662	0.445157	0.837036	-4.928320	2.763386
925.604000	4985217.000000	-3.906150	0.950440	0.443983	-0.252808	-5.225891	2.584547
925.654000	4985223.000000	-3.892229	0.950988	0.441954	0.659850	-4.973225	2.596176
925.704000	4985229.000000	-3.878386	0.951646	0.439679	0.476657	-4.383579	2.486857
925.754000	4985235.000000	-3.864659	0.951475	0.438040	0.640413	-6.057506	2.521658
925.804000	4985241.000000	-3.850891	0.950968	0.437210	-0.103629	-5.704629	2.435149
925.854000	4985247.000000	-3.836381	0.951924	0.436107	0.624920	-5.255776	2.662619
925.904000	4985253.000000	-3.821645	0.951750	0.436321	0.738889	-6.827617	2.842248
925.954000	4985259.000000	-3.806004	0.951466	0.437956	-0.400235	-5.789300	2.944936
926.004000	4985265.000000	-3.789500	0.951685	0.439551	0.318119	-4.803475	3.377816
926.054000	4985271.000000	-3.772312	0.951796	0.441804	0.069856	-4.016493	3.535031
926.104000	4985277.000000	-3.755678	0.952016	0.442761	-2.434624	-0.183629	3.917069
926.154000	4985283.000000	-3.738562	0.950894	0.443909	0.312467	-6.464331	4.107213
926.204000	4985289.000000	-3.722008	0.951334	0.442875	0.613323	-4.914606	4.179821
926.254000	4985295.000000	-3.706387	0.950956	0.441369	0.423206	-3.755632	3.990324
926.304000	4985301.000000	-3.691356	0.950425	0.439572	0.764897	-5.594348	3.975502
926.354000	4985307.000000	-3.676251	0.950214	0.437625	1.602591	-4.100087	3.807215
926.405000	4985313.000000	-3.661443	0.951364	0.435475	-0.481596	-0.123418	3.795973
926.454000	4985319.000000	-3.646667	0.951587	0.434857	-0.374893	-0.478661	3.702578
926.504000	4985325.000000	-3.632659	0.950581	0.433444	-0.255443	-0.611810	3.520174
926.554000	4985331.000000	-3.618850	0.950127	0.431171	-0.577618	0.276753	3.497322
926.604000	4985337.000000	-3.604566	0.950408	0.429076	-0.238383	-0.833240	3.309524
926.654000	4985343.000000	-3.590986	0.950787	0.425940	-0.863990	0.052336	3.193324
926.704000	4985349.000000	-3.577256	0.951030	0.423056	0.411670	-0.388143	2.936918
926.754000	4985355.000000	-3.563868	0.951215	0.420114	0.051953	-0.606245	2.831787
926.804000	4985361.000000	-3.550103	0.951663	0.417138	-0.515049	-0.005162	2.629402
926.854000	4985367.000000	-3.536222	0.952392	0.413443	-0.632440	-0.612032	2.486422
926.904000	4985373.000000	-3.522089	0.952843	0.409645	-0.663482	-1.265551	2.234245
926.954000	4985379.000000	-3.507285	0.952751	0.406617	0.119383	-1.377279	1.928732
927.004000	4985385.000000	-3.492031	0.953154	0.403059	-1.057059	-0.322590	1.631076
927.054000	4985391.000000	-3.475581	0.953028	0.400692	-0.135161	-0.916452	1.381650
927.104000	4985397.000000	-3.458167	0.953293	0.398380	-1.059144	-0.273139	1.173154
927.154000	4985403.000000	-3.440292	0.952943	0.396362	-0.177178	-1.200803	0.982188
927.204000	4985409.000000	-3.421554	0.953032	0.394640	-0.225220	-1.883727	0.797456
927.254000	4985415.000000	-3.402841	0.952872	0.392738	-0.243040	-1.044830	0.607694
927.304000	4985421.000000	-3.384005	0.952465	0.391059	0.003185	-1.583999	0.573461
927.354000	4985427.000000	-3.364639	0.953035	0.390086	-0.780325	-0.598169	0.625415
927.404000	4985433.000000	-3.345848	0.952157	0.389338	-0.024807	-0.959719	0.417333
927.454000	4985439.000000	-3.327212	0.952027	0.387652	-0.582566	-1.679402	0.425854
927.504000	4985445.000000	-3.308820	0.952015	0.386461	-0.119905	-1.345073	0.421424
927.554000	4985451.000000	-3.290745	0.951661	0.385938	-0.126435	-1.517381	0.480992
927.604000	4985457.000000	-3.272840	0.952045	0.385060	-0.115018	-1.497958	0.587311
927.654000	4985463.000000	-3.255443	0.952045	0.384268	-0.350033	-1.566070	0.713785
927.704000	4985469.000000	-3.237805	0.951387	0.384253	-0.358646	-1.802787	0.872006
927.754000	4985475.000000	-3.219668	0.951055	0.385044	-0.049621	-1.495962	1.081951
927.804000	4985481.000000	-3.201099	0.951048	0.385896	-0.391074	-2.008950	1.320065
927.854000	4985487.000000	-3.182198	0.950841	0.386589	-0.212000	-1.196109	1.401969
927.904000	4985493.000000	-3.162757	0.950368	0.387476	0.077409	-1.547457	1.690814
927.954000	4985499.000000	-3.142742	0.950410	0.388442	-0.524029	-2.223536	1.813650
928.004000	4985505.000000	-3.122624	0.950434	0.388904	-0.163032	-1.352874	2.065724
928.054000	4985511.000000	-3.102721	0.950418	0.389075	-0.682436	-1.728842	2.115323
928.104000	4985517.000000	-3.083121	0.949549	0.389246	-0.373295	-1.124811	2.278568
928.154000	4985523.000000	-3.063356	0.949927	0.389354	-0.470529	-1.143635	2.464523
928.204000	4985529.000000	-3.043822	0.949827	0.389924	-0.377222	-1.405115	2.627546
928.254000	4985535.000000	-3.024923	0.949309	0.389112	-0.252867	-1.132223	2.704491
928.304000	4985541.000000	-3.006489	0.949647	0.387455	-0.240891	-2.085586	2.739936
928.354000	4985547.000000	-2.988486	0.949743	0.386205	-0.501220	-1.959816	2.857164
928.404000	4985553.000000	-2.970985	0.949451	0.384966	-0.872699	-2.385485	2.790555
928.454000	4985559.000000	-2.954450	0.949548	0.382387	-0.476202	-1.204455	2.739735
928.504000	4985565.000000	-2.938110	0.949359	0.380563	-0.073014	-1.798296	2.670204
928.554000	4985571.000000	-2.921612	0.949005	0.380057	-0.481820	-1.537967	2.563454
928.604000	4985577.000000	-2.905180	0.949356	0.378969	-0.879310	-2.003302	2.595338
928.658000	4985583.000000	-2.888623	0.948742	0.377645	-0.965847	-2.046708	2.535516
928.704000	4985589.000000	-2.871591	0.948629	0.376050	-0.599821	-1.474548	2.446887
928.754000	4985595.000000	-2.853962	0.948178	0.375132	-0.741636	-1.599599	2.461217
928.804000	4985601.000000	-2.836138	0.948343	0.373482	-0.244253	-1.454008	2.381229
928.854000	4985607.000000	-2.817871	0.948185	0.371934	0.042180	-1.306467	2.369247
928.904000	4985613.000000	-2.799114	0.948644	0.370708	-0.757327	-1.850130	2.101971
928.954000	4985619.000000	-2.780413	0.947972	0.369474	-0.569400	-1.574422	2.117911
929.004000	4985625.000000	-2.761564	0.947753	0.367688	-0.314541	-1.894882	2.128631
929.054000	4985631.000000	-2.743051	0.947788	0.365902	-0.161320	-1.157475	2.068475
929.104000	4985637.000000	-2.724612	0.947898	0.363928	-0.911435	-2.208074	1.867909
929.154000	4985643.000000	-2.706775	0.947495	0.361831	-0.778982	-1.896641	1.801016
929.204000	4985649.000000	-2.689181	0.947217	0.360044	-0.748955	-1.841540	1.736345
929.254000	4985655.000000	-2.671946	0.946900	0.359059	-0.374074	-1.125890	1.717067
929.304000	4985661.000000	-2.655291	0.947414	0.357270	-0.192643	-1.377663	1.722188
929.354000	4985667.000000	-2.639232	0.947123	0.355525	-1.039055	-2.508634	1.530336
929.404000	4985673.000000	-2.623274	0.946445	0.354880	-0.677531	-2.042177	1.618775
929.454000	4985679.000000	-2.606717	0.946485	0.354719	-0.728666	-1.924653	1.643636
929.504000	4985685.000000	-2.590311	0.946030	0.354100	-0.744740	-1.711920	1.654706
929.554000	4985691.000000	-2.574068	0.945845	0.353244	-0.859300	-1.812928	1.567576
929.604000	4985697.000000	-2.557958	0.945532	0.353080	-1.273669	-0.927198	1.722709
929.654000	4985703.000000	-2.541447	0.945416	0.353062	-0.841759	-1.651283	1.620186
929.704000	4985709.000000	-2.525098	0.945003	0.352704	-0.734956	-1.776964	1.696336
929.754000	4985715.000000	-2.508818	0.944961	0.352040	-0.886739	-1.840083	1.640164
929.804000	4985721.000000	-2.492865	0.944546	0.351704	-1.158933	-1.731288	1.674797
929.854000	4985727.000000	-2.477224	0.944250	0.351469	-0.627854	-2.035414	1.762799
929.904000	4985733.000000	-2.461564	0.944466	0.351365	-1.182347	-1.570285	1.680858
929.954000	4985739.000000	-2.446531	0.944315	0.351035	-0.991753	-1.336876	1.779114
930.004000	4985745.000000	-2.431665	0.944109	0.350656	-1.091358	-1.419685	1.793705
930.054000	4985751.000000	-2.417624	0.943575	0.349802	-0.308789	-1.507961	1.740557
930.104000	4985757.000000	-2.404021	0.943205	0.349093	-0.077598	-1.267976	1.826961
930.154000	4985763.000000	-2.391346	0.943459	0.348487	-0.010927	-1.233230	1.823689
930.204000	4985769.000000	-2.379335	0.943173	0.348253	-0.064179	-1.149232	1.944529
930.254000	4985775.000000	-2.368561	0.943183	0.347368	-0.012286	-1.464641	1.872944
930.304000	4985781.000000	-2.358572	0.943285	0.346384	-0.632171	-1.818220	1.960676
930.354000	4985787.000000	-2.349550	0.943491	0.345768	-0.684568	-2.366565	1.891092
930.404000	4985793.000000	-2.340853	0.943080	0.345966	-0.324256	-2.213013	2.064213
930.454000	4985799.000000	-2.332721	0.942857	0.346355	-0.150350	-2.553365	2.045679
930.504000	4985805.000000	-2.325270	0.942735	0.346154	-0.305123	-2.285155	2.060860
930.554000	4985811.000000	-2.318371	0.942774	0.345939	-0.591981	-2.696606	2.054828
930.604000	4985817.000000	-2.312070	0.942410	0.345965	-0.542127	-2.308588	2.205305
930.654000	4985823.000000	-2.306570	0.942531	0.345786	-0.483431	-2.734950	2.202267
930.704000	4985829.000000	-2.301420	0.942577	0.345641	-0.529574	-2.283659	2.213501
930.754000	4985835.000000	-2.296293	0.942495	0.345573	-0.798644	-1.618994	2.257402
930.804000	4985841.000000	-2.291639	0.942249	0.345451	-0.458812	-2.145974	2.310694
930.854000	4985847.000000	-2.287208	0.942297	0.345438	-0.807244	-2.039592	2.284442
930.904000	4985853.000000	-2.283017	0.942491	0.345646	-0.681990	-2.291150	2.271605
930.954000	4985859.000000	-2.279038	0.942326	0.345560	-0.776515	-1.841239	2.479461
931.004000	4985865.000000	-2.275359	0.942226	0.345313	-0.549578	-1.811926	2.496765
931.054000	4985871.000000	-2.271666	0.942458	0.345470	-0.948548	-1.321178	2.549068
931.104000	4985877.000000	-2.268908	0.942219	0.345612	-0.808837	-2.423352	2.456553
931.154000	4985883.000000	-2.266687	0.942335	0.345337	-1.175066	-1.478622	2.620815
931.204000	4985889.000000	-2.264898	0.942278	0.345432	-0.616033	-2.000665	2.446452
931.254000	4985895.000000	-2.263174	0.942164	0.345603	-0.991908	-1.646663	2.602188
931.304000	4985901.000000	-2.262349	0.942409	0.345501	-0.897600	-1.967702	2.549751
931.354000	4985907.000000	-2.261589	0.942211	0.345471	-0.884553	-2.146733	2.526814
931.404000	4985913.000000	-2.261113	0.942267	0.345453	-0.491952	-1.972737	2.551310
931.454000	4985919.000000	-2.261085	0.942279	0.345476	-0.732407	-1.817916	2.504125
931.504000	4985925.000000	-2.261327	0.942243	0.345408	-0.737294	-2.137447	2.541857
931.554000	4985931.000000	-2.261513	0.942165	0.345426	-0.803880	-2.001230	2.497595
931.604000	4985937.000000	-2.261528	0.942184	0.345482	-0.604158	-2.286334	2.519113
931.654000	4985943.000000	-2.261320	0.942169	0.345475	-0.751103	-1.972924	2.526740
931.704000	4985949.000000	-2.261179	0.942258	0.345449	-0.765423	-1.939157	2.560153
931.754000	4985955.000000	-2.261313	0.942171	0.345460	-0.764823	-2.174420	2.537159
931.804000	4985961.000000	-2.261516	0.942171	0.345466	-0.681994	-2.134865	2.538211
931.854000	4985967.000000	-2.261605	0.941964	0.345392	-0.528275	-2.015759	2.591674
931.904000	4985973.000000	-2.261501	0.942109	0.345470	-0.666944	-2.363631	2.522297
931.954000	4985979.000000	-2.261236	0.942207	0.345469	-0.914376	-1.972777	2.557831
932.004000	4985985.000000	-2.261124	0.942238	0.345413	-0.565632	-1.757478	2.543660
932.054000	4985991.000000	-2.261284	0.942075	0.345442	-0.731111	-1.664622	2.560294
932.104000	4985997.000000	-2.261477	0.942141	0.345445	-0.610382	-1.985635	2.537891
932.154000	4986003.000000	-2.261519	0.942162	0.345367	-0.764446	-1.883278	2.535031
932.204000	4986009.000000	-2.261444	0.942138	0.345486	-0.770923	-2.040374	2.532507
932.254000	4986015.000000	-2.261278	0.942143	0.345416	-0.507514	-1.868802	2.552742
932.304000	4986021.000000	-2.261193	0.942268	0.345408	-0.686151	-1.959653	2.525441
932.354000	4986027.000000	-2.261233	0.942221	0.345468	-0.788550	-1.854772	2.550245
932.404000	4986033.000000	-2.261394	0.942140	0.345376	-0.662431	-1.874800	2.563387
932.454000	4986039.000000	-2.261425	0.942122	0.345432	-0.553186	-2.186421	2.520838
932.504000	4986045.000000	-2.261292	0.942077	0.345450	-0.555330	-2.007848	2.547446
932.554000	4986051.000000	-2.261269	0.942174	0.345395	-0.460996	-1.871550	2.554035
932.604000	4986057.000000	-2.261295	0.942098	0.345388	-0.569228	-1.808055	2.554801
932.654000	4986063.000000	-2.261419	0.942085	0.345447	-0.805991	-2.217075	2.548248
932.704000	4986069.000000	-2.261385	0.941994	0.345385	-0.572317	-1.856567	2.554198
932.754000	4986075.000000	-2.261334	0.942148	0.345426	-0.879967	-1.966356	2.539734
932.804000	4986081.000000	-2.261277	0.942238	0.345446	-0.712986	-2.106130	2.531808
932.854000	4986087.000000	-2.261322	0.942122	0.345411	-0.981108	-2.075169	2.532820
932.904000	4986093.000000	-2.261324	0.941960	0.345430	-0.709666	-1.896750	2.554132
932.954000	4986099.000000	-2.261356	0.942093	0.345385	-0.753434	-1.709584	2.569130
933.004000	4986105.000000	-2.261350	0.942053	0.345407	-0.622941	-1.978165	2.565328
933.054000	4986111.000000	-2.261354	0.942188	0.345411	-0.817092	-1.818571	2.559847
933.104000	4986117.000000	-2.261328	0.942060	0.345413	-0.540175	-2.005807	2.538607
933.154000	4986123.000000	-2.261407	0.942163	0.345393	-0.656164	-1.955488	2.539855
933.204000	4986129.000000	-2.261429	0.942094	0.345405	-0.624417	-1.879932	2.584310
933.254000	4986135.000000	-2.261425	0.942112	0.345416	-0.922457	-1.998770	2.528323
933.304000	4986141.000000	-2.261388	0.942028	0.345432	-0.584072	-2.019456	2.584291
933.354000	4986147.000000	-2.261384	0.942077	0.345375	-0.617427	-1.815089	2.546787
933.404000	4986153.000000	-2.261358	0.942139	0.345411	-0.956237	-2.005047	2.543054
933.454000	4986159.000000	-2.261412	0.942183	0.345400	-0.689053	-1.835873	2.522996
933.504000	4986165.000000	-2.261477	0.942066	0.345363	-0.829132	-1.563035	2.576547
933.554000	4986171.000000	-2.261429	0.942102	0.345375	-0.420007	-1.778577	2.539489
933.604000	4986177.000000	-2.261406	0.942169	0.345396	-0.514446	-1.929027	2.560655
933.654000	4986183.000000	-2.261446	0.942159	0.345419	-0.619692	-2.284015	2.525504
933.704000	4986189.000000	-2.261433	0.942172	0.345374	-0.920871	-1.930285	2.555960
933.754000	4986195.000000	-2.261466	0.942029	0.345384	-0.712687	-1.674533	2.570108
933.804000	4986201.000000	-2.261545	0.942105	0.345268	-0.888862	-1.405862	2.641427
933.854000	4986207.000000	-2.261481	0.942053	0.345350	-0.462177	-1.720704	2.551748
