2.355000	-431602080.000000	-431602080.000000	-431602080.000000	-431602080.000000	135.000000	-0.000000	135.000000
2.355000	-431602080.000000	-431602080.000000	-431602080.000000	-431602080.000000	135.000000	-0.000000	135.000000
2.387000	89746632.000000	2.571710	0.655261	0.317976	-3.173827	7.836188	6.382935
2.402000	89746632.000000	2.571710	0.655261	0.317976	-3.173827	7.836188	6.382935
2.433000	89746632.000000	2.571728	0.655284	0.318042	-3.168015	7.854358	6.374425
2.465000	89746640.000000	2.571735	0.655255	0.318016	-3.217961	7.856708	6.398358
2.480000	89746640.000000	2.571752	0.655229	0.318011	-3.151175	7.868161	6.380204
2.511000	89746648.000000	2.571731	0.655252	0.317993	-3.066529	7.842558	6.383518
2.527000	89746648.000000	2.571687	0.655204	0.317970	-3.236213	7.853559	6.392744
2.558000	89746656.000000	2.571640	0.655211	0.317957	-2.944066	7.853480	6.356525
2.589000	89746656.000000	2.571697	0.655272	0.318001	-3.141584	7.834705	6.376288
2.605000	89746656.000000	2.571661	0.655290	0.318047	-3.399429	7.824363	6.404357
2.636000	89746664.000000	2.571728	0.655253	0.318048	-3.175945	7.862827	6.374954
2.652000	89746664.000000	2.571605	0.654341	0.318128	-2.271802	7.948344	6.212913
2.683000	89746672.000000	2.571698	0.655315	0.317995	-3.022445	7.824774	6.384536
2.714000	89746672.000000	2.571707	0.655266	0.317992	-3.140259	7.864174	6.397307
2.730000	89746672.000000	2.571698	0.655276	0.318012	-3.094222	7.844855	6.382746
2.761000	89746680.000000	2.571716	0.655278	0.318045	-3.196535	7.879267	6.374616
2.776000	89746680.000000	2.572416	0.654062	0.318238	4.070556	9.289114	6.361808
2.808000	89746680.000000	2.571724	0.655285	0.318002	-2.988172	7.842368	6.383558
2.839000	89746688.000000	2.571626	0.655263	0.317971	-3.006958	7.827529	6.364036
2.854000	89746688.000000	2.571694	0.655272	0.317993	-3.214144	7.845294	6.379427
2.886000	89746696.000000	2.571730	0.655313	0.318080	-3.196276	7.840589	6.376527
2.901000	89746696.000000	2.571738	0.655262	0.318055	-3.223568	7.855072	6.377042
2.932000	89746696.000000	2.571731	0.655223	0.318000	-3.115701	7.873472	6.373690
2.964000	89746704.000000	2.571682	0.655222	0.318019	-3.463483	7.848024	6.389517
2.979000	89746704.000000	2.571726	0.655294	0.317988	-3.116326	7.821983	6.388477
3.010000	89746704.000000	2.571723	0.655257	0.318023	-3.196966	7.845132	6.395357
3.026000	89746704.000000	2.571723	0.655257	0.318023	-3.196966	7.845132	6.395357
3.057000	89746712.000000	2.571704	0.655310	0.318015	-3.138559	7.817003	6.386218
3.088000	89746720.000000	2.572349	0.654038	0.318223	4.331670	9.318045	6.317079
3.104000	89746720.000000	2.572533	0.654072	0.318200	4.639415	9.313774	6.319563
3.135000	89746720.000000	2.571698	0.655257	0.317999	-3.237387	7.815668	6.409732
3.151000	89746720.000000	2.571698	0.655257	0.317999	-3.237387	7.815668	6.409732
3.182000	89746728.000000	2.571721	0.655264	0.318000	-3.121619	7.834993	6.385582
3.213000	89746728.000000	2.571723	0.655281	0.318056	-3.275822	7.845548	6.379859
3.229000	89746736.000000	2.571726	0.655281	0.318019	-3.101405	7.839163	6.382187
3.260000	89746736.000000	2.571734	0.655290	0.318009	-3.034415	7.832123	6.382010
3.276000	89746736.000000	2.571734	0.655290	0.318009	-3.034415	7.832123	6.382010
3.307000	89746736.000000	2.571704	0.655295	0.318036	-3.231633	7.817280	6.393221
3.338000	89746744.000000	2.571712	0.655291	0.318029	-3.102841	7.843949	6.389686
3.354000	89746752.000000	2.572468	0.654036	0.318244	4.032751	9.295815	6.390582
3.385000	89746752.000000	2.571687	0.655271	0.318051	-3.279671	7.817273	6.407829
3.400000	89746752.000000	2.571687	0.655271	0.318051	-3.279671	7.817273	6.407829
3.432000	89746752.000000	2.571736	0.655268	0.318014	-3.024292	7.836351	6.381481
3.463000	89746760.000000	2.571609	0.655268	0.317995	-2.931714	7.843028	6.356197
3.478000	89746768.000000	2.571731	0.655281	0.318059	-3.127383	7.857656	6.375943
3.510000	89746768.000000	2.571690	0.655273	0.318067	-3.328704	7.829195	6.397683
3.525000	89746768.000000	2.571690	0.655273	0.318067	-3.328704	7.829195	6.397683
3.556000	89746768.000000	2.571673	0.655281	0.318042	-3.263706	7.828335	6.363631
3.588000	89746776.000000	2.571716	0.655279	0.318005	-3.061778	7.815784	6.388692
3.603000	89746776.000000	2.571680	0.655275	0.318003	-3.267015	7.834312	6.379361
3.634000	89746784.000000	2.571714	0.655280	0.317999	-3.113076	7.849864	6.387649
3.650000	89746784.000000	2.571714	0.655280	0.317999	-3.113076	7.849864	6.387649
3.681000	89746784.000000	2.571720	0.655254	0.318039	-3.290655	7.839920	6.381469
3.712000	89746792.000000	2.571690	0.655223	0.318018	-3.338226	7.841825	6.390727
3.728000	89746792.000000	2.571690	0.655223	0.318018	-3.338226	7.841825	6.390727
3.759000	89746792.000000	2.571670	0.655325	0.318044	-3.238878	7.798861	6.361754
3.775000	89746792.000000	2.571670	0.655325	0.318044	-3.238878	7.798861	6.361754
3.806000	89746800.000000	2.571712	0.655251	0.318036	-3.230616	7.847619	6.391686
3.837000	89746808.000000	2.571733	0.655278	0.318009	-3.025216	7.835723	6.384016
3.853000	89746808.000000	2.571724	0.655301	0.318023	-3.059878	7.823713	6.380151
3.884000	89746816.000000	2.571644	0.655241	0.317960	-2.993447	7.910231	6.337753
3.900000	89746816.000000	2.571644	0.655241	0.317960	-2.993447	7.910231	6.337753
3.931000	89746816.000000	2.571697	0.655264	0.318009	-3.258141	7.846735	6.375226
3.962000	89746824.000000	2.571718	0.655283	0.318034	-3.078858	7.845844	6.380954
3.978000	89746824.000000	2.571724	0.655290	0.318035	-3.101241	7.824689	6.381841
4.009000	89746824.000000	2.571701	0.655301	0.318000	-3.212976	7.840481	6.374090
4.024000	89746824.000000	2.571701	0.655301	0.318000	-3.212976	7.840481	6.374090
4.056000	89746832.000000	2.571694	0.655253	0.318033	-3.365878	7.839975	6.394138
4.087000	89746832.000000	2.571651	0.655267	0.318042	-3.520406	7.821214	6.414924
4.102000	89746840.000000	2.571704	0.655226	0.317981	-3.278361	7.851311	6.396953
4.134000	89746840.000000	2.571687	0.655173	0.317916	-3.105465	7.839811	6.390071
4.149000	89746840.000000	2.571687	0.655173	0.317916	-3.105465	7.839811	6.390071
4.180000	89746848.000000	2.571683	0.655220	0.317981	-3.301147	7.810688	6.402277
4.212000	89746848.000000	2.571696	0.655210	0.318004	-3.178226	7.854831	6.353322
4.227000	89746856.000000	2.572464	0.654019	0.318164	5.068401	9.372789	6.201703
4.258000	89746856.000000	2.571765	0.655127	0.318106	-3.075929	7.668159	6.442679
4.274000	89746856.000000	2.571765	0.655127	0.318106	-3.075929	7.668159	6.442679
4.305000	89746864.000000	2.571796	0.655084	0.318084	-3.155738	7.690561	6.432122
4.336000	89746864.000000	2.572789	0.653299	0.318316	4.884560	9.001342	6.206238
4.352000	89746872.000000	2.571853	0.654977	0.318178	-3.298113	7.613128	6.412406
4.383000	89746872.000000	2.571876	0.654915	0.318363	-3.649981	7.519571	6.444391
4.399000	89746872.000000	2.571876	0.654915	0.318363	-3.649981	7.519571	6.444391
4.430000	89746872.000000	2.571983	0.654558	0.318361	-1.937021	7.758120	6.374221
4.461000	89746880.000000	2.572552	0.653287	0.318416	4.383438	9.200166	6.367155
4.477000	89746880.000000	2.572690	0.653220	0.318475	4.208910	9.183536	6.469319
4.508000	89746888.000000	2.572312	0.653183	0.318409	4.920405	9.255889	6.264217
4.524000	89746888.000000	2.572312	0.653183	0.318409	4.920405	9.255889	6.264217
4.555000	89746888.000000	2.573792	0.652506	0.318533	7.526887	9.021990	5.689857
4.586000	89746896.000000	2.571661	0.654446	0.318344	-3.758807	8.042283	6.328053
4.602000	89746896.000000	2.572493	0.653110	0.318467	5.398191	9.186920	6.014699
4.633000	89746904.000000	2.571690	0.654440	0.318442	-3.910640	7.986699	6.327500
4.648000	89746904.000000	2.571690	0.654440	0.318442	-3.910640	7.986699	6.327500
4.680000	89746904.000000	2.571695	0.654403	0.318447	-3.972233	8.028849	6.335272
4.711000	89746912.000000	2.571713	0.654387	0.318396	-3.678660	8.029425	6.308881
4.726000	89746912.000000	2.571757	0.654338	0.318336	-3.563468	8.035173	6.275901
4.758000	89746920.000000	2.571739	0.654374	0.318324	-3.596897	8.059119	6.290395
4.773000	89746920.000000	2.571739	0.654374	0.318324	-3.596897	8.059119	6.290395
4.804000	89746920.000000	2.571683	0.654488	0.318349	-3.917524	7.964334	6.285775
4.836000	89746928.000000	2.571710	0.654550	0.318337	-3.725161	8.092044	6.309422
4.851000	89746928.000000	2.571711	0.654495	0.318348	-3.875119	8.105698	6.292800
4.882000	89746928.000000	2.571677	0.654474	0.318311	-3.579208	8.098755	6.283273
4.914000	89746936.000000	2.571728	0.654484	0.318334	-3.762881	8.093381	6.293456
4.929000	89746936.000000	2.571692	0.654656	0.318206	-3.321128	8.152019	6.340683
4.960000	89746944.000000	2.571747	0.654649	0.318315	-3.208725	8.205254	6.329338
4.976000	89746944.000000	2.571558	0.654939	0.318110	-3.863740	8.056744	6.309655
5.007000	89746944.000000	2.571656	0.654688	0.318098	-3.092664	8.234236	6.306743
5.038000	89746952.000000	2.571659	0.654713	0.318133	-3.132395	8.201167	6.307197
5.054000	89746952.000000	2.571492	0.654888	0.318195	-3.830615	8.080545	6.281744
5.085000	89746960.000000	2.571633	0.654802	0.318146	-3.462641	8.162341	6.314626
5.101000	89746960.000000	2.571633	0.654802	0.318146	-3.462641	8.162341	6.314626
5.132000	89746960.000000	2.572192	0.653888	0.318031	2.888993	9.274746	6.387754
5.163000	89746968.000000	2.571593	0.655050	0.318160	-4.288282	7.946780	6.327200
5.179000	89746968.000000	2.571538	0.655028	0.318232	-4.202621	8.008984	6.319499
5.210000	89746968.000000	2.571401	0.655224	0.318310	-5.062124	7.832538	6.370989
5.226000	89746968.000000	2.571401	0.655224	0.318310	-5.062124	7.832538	6.370989
5.257000	89746976.000000	2.571523	0.655085	0.318199	-4.454852	7.992538	6.349942
5.288000	89746976.000000	2.571599	0.655026	0.318276	-4.468174	7.979246	6.336054
5.304000	89746984.000000	2.571440	0.654254	0.318399	-3.873521	7.941807	6.186366
5.335000	89746984.000000	2.572383	0.653441	0.318330	4.742227	9.277358	6.344686
5.350000	89746984.000000	2.572383	0.653441	0.318330	4.742227	9.277358	6.344686
5.382000	89746992.000000	2.572173	0.653557	0.318352	4.700310	9.207791	6.240165
5.413000	89746992.000000	2.571594	0.655060	0.318189	-4.293792	7.982227	6.348455
5.428000	89747000.000000	2.572172	0.653797	0.318081	4.157645	9.395070	6.282670
5.460000	89747000.000000	2.571411	0.654946	0.318036	-4.195684	7.983871	6.291878
5.475000	89747000.000000	2.571411	0.654946	0.318036	-4.195684	7.983871	6.291878
5.506000	89747008.000000	2.572185	0.653569	0.318078	3.154859	9.460350	6.515879
5.538000	89747008.000000	2.571438	0.654791	0.318157	-3.389328	8.155098	6.306465
5.553000	89747016.000000	2.572303	0.653916	0.318283	4.213688	9.365265	6.347678
5.584000	89747016.000000	2.571985	0.653779	0.318206	3.587586	9.436152	6.274483
5.600000	89747016.000000	2.571985	0.653779	0.318206	3.587586	9.436152	6.274483
5.631000	89747016.000000	2.571360	0.654626	0.318070	-3.096878	8.226551	6.251358
5.662000	89747024.000000	2.572299	0.652961	0.318058	2.867851	9.557272	6.321638
5.678000	89747024.000000	2.572257	0.652834	0.317850	2.222936	9.564967	6.287853
5.709000	89747032.000000	2.572703	0.652583	0.317270	3.283606	9.781713	6.333352
5.725000	89747032.000000	2.572703	0.652583	0.317270	3.283606	9.781713	6.333352
5.756000	89747032.000000	2.573060	0.652880	0.316587	4.213650	9.630983	6.282310
5.787000	89747040.000000	2.572987	0.653711	0.314331	0.470413	8.688067	6.428355
5.803000	89747040.000000	2.573364	0.653333	0.313675	4.234984	9.354574	6.207100
5.834000	89747048.000000	2.572985	0.654721	0.312135	-3.366812	8.143740	6.160811
5.850000	89747048.000000	2.572985	0.654721	0.312135	-3.366812	8.143740	6.160811
5.881000	89747048.000000	2.573971	0.653844	0.310723	-0.698898	8.568377	6.268660
5.912000	89747056.000000	2.574144	0.653631	0.307143	-3.368276	8.005461	5.795310
5.928000	89747056.000000	2.575965	0.652514	0.305137	4.345439	9.258640	5.939420
5.959000	89747064.000000	2.576641	0.652209	0.303129	6.225003	9.470208	5.475199
5.974000	89747064.000000	2.576641	0.652209	0.303129	6.225003	9.470208	5.475199
6.006000	89747064.000000	2.575705	0.654929	0.300960	-4.386577	8.126557	5.827553
6.037000	89747072.000000	2.577035	0.654346	0.295699	-3.308668	8.177444	5.611166
6.052000	89747072.000000	2.578715	0.653802	0.292646	3.777775	8.890220	5.645463
6.084000	89747072.000000	2.579556	0.653006	0.289752	4.332108	9.242323	5.646364
6.099000	89747072.000000	2.579556	0.653006	0.289752	4.332108	9.242323	5.646364
6.130000	89747080.000000	2.578981	0.653774	0.286629	-1.959899	8.551501	5.621972
6.162000	89747088.000000	2.581370	0.652554	0.280534	4.341012	9.733336	5.615528
6.177000	89747088.000000	2.581370	0.652554	0.280534	4.341012	9.733336	5.615528
6.208000	89747088.000000	2.581522	0.652831	0.276769	1.878188	9.216588	5.951717
6.240000	89747096.000000	2.583758	0.652688	0.269496	3.779853	9.149173	5.425404
6.255000	89747096.000000	2.583758	0.652688	0.269496	3.779853	9.149173	5.425404
6.286000	89747096.000000	2.583758	0.652688	0.269496	3.779853	9.149173	5.425404
6.302000	89747096.000000	2.583758	0.652688	0.269496	3.779853	9.149173	5.425404
6.333000	89747096.000000	2.584607	0.653044	0.265710	5.728170	9.423862	5.111415
6.364000	89747104.000000	2.586350	0.652156	0.258273	2.813241	9.487749	5.174020
6.380000	89747112.000000	2.588261	0.653586	0.249456	4.387668	9.809478	4.985068
6.411000	89747112.000000	2.590253	0.651242	0.241013	10.606227	10.036658	3.852115
6.427000	89747112.000000	2.590253	0.651242	0.241013	10.606227	10.036658	3.852115
6.458000	89747120.000000	2.588886	0.653773	0.236652	0.402352	8.999405	5.078326
6.489000	89747120.000000	2.589184	0.652817	0.228191	2.460091	9.292320	5.161537
6.505000	89747128.000000	2.591180	0.651911	0.222874	14.768037	9.877228	3.271759
6.536000	89747128.000000	2.588328	0.653790	0.219470	-2.239039	8.561108	4.934902
6.551000	89747136.000000	2.588864	0.651839	0.215273	5.457288	9.645540	4.736398
6.583000	89747136.000000	2.587958	0.652043	0.211305	5.049515	9.981840	4.701716
6.614000	89747136.000000	2.586751	0.653154	0.206137	0.889042	9.268456	5.111431
6.629000	89747144.000000	2.585415	0.652951	0.201802	-0.471972	8.947618	5.072099
6.661000	89747144.000000	2.583924	0.653282	0.197153	-0.202462	8.891880	4.953187
6.676000	89747152.000000	2.584320	0.650919	0.192179	10.527045	9.211046	3.908233
6.707000	89747152.000000	2.580685	0.653259	0.187825	0.334617	8.601070	4.886322
6.739000	89747152.000000	2.578551	0.653067	0.182564	-1.345631	8.754120	4.879628
6.754000	89747160.000000	2.577443	0.652115	0.176909	6.590498	9.034393	4.226939
6.785000	89747160.000000	2.574557	0.651895	0.172047	2.567289	9.027207	4.751501
6.801000	89747160.000000	2.573871	0.650943	0.165696	5.801770	9.532808	4.456467
6.832000	89747168.000000	2.570959	0.650807	0.159984	5.350424	9.530631	4.556756
6.863000	89747168.000000	2.569154	0.650555	0.153948	5.644303	9.818534	4.303029
6.879000	89747168.000000	2.566806	0.651783	0.147838	0.647075	8.733285	5.176816
6.910000	89747176.000000	2.565195	0.653140	0.141003	1.337215	8.097128	4.487923
6.926000	89747176.000000	2.565195	0.653140	0.141003	1.337215	8.097128	4.487923
6.957000	89747176.000000	2.564398	0.650740	0.134760	5.459142	9.396261	4.204908
6.988000	89747184.000000	2.561123	0.652360	0.121023	-0.246137	8.729920	4.970063
7.004000	89747184.000000	2.561381	0.650845	0.114496	7.460141	9.069839	4.551932
7.035000	89747192.000000	2.559781	0.650919	0.108227	6.058545	9.094511	4.876160
7.051000	89747192.000000	2.558319	0.652775	0.101087	-1.878867	8.549804	5.124172
7.082000	89747200.000000	2.558256	0.652546	0.094421	0.687204	8.779026	5.094941
7.113000	89747200.000000	2.558059	0.652565	0.088174	1.268105	8.492861	4.925261
7.129000	89747200.000000	2.557988	0.652518	0.081616	1.099150	8.521967	4.824217
7.160000	89747208.000000	2.557868	0.652807	0.075426	-0.456273	8.439251	4.890031
7.175000	89747208.000000	2.557868	0.652807	0.075426	-0.456273	8.439251	4.890031
7.207000	89747208.000000	2.559950	0.648989	0.069835	7.270843	9.010162	4.103433
7.238000	89747216.000000	2.558433	0.652580	0.056074	-0.982328	8.215496	4.599920
7.253000	89747216.000000	2.558694	0.652364	0.049283	-0.632220	8.283953	4.502185
7.285000	89747216.000000	2.558559	0.651801	0.042803	-1.044668	8.744638	4.787152
7.300000	89747224.000000	2.558801	0.649501	0.037249	6.054938	9.278885	3.995754
7.331000	89747224.000000	2.557309	0.649537	0.030922	4.653401	9.577022	4.509336
7.363000	89747232.000000	2.556920	0.650697	0.023839	3.607324	9.059371	5.074866
7.378000	89747232.000000	2.556019	0.652429	0.016278	0.068867	8.865150	5.341936
7.409000	89747232.000000	2.555381	0.652264	0.008761	-0.048906	8.805131	5.437428
7.425000	89747232.000000	2.555381	0.652264	0.008761	-0.048906	8.805131	5.437428
7.456000	89747240.000000	2.555330	0.652166	0.001458	-0.332940	8.498459	5.666062
7.487000	89747248.000000	2.554520	0.652060	-0.013246	1.935771	8.017654	5.181923
7.503000	89747248.000000	2.555103	0.652499	-0.020844	-0.756357	8.422432	5.669666
7.534000	89747248.000000	2.555541	0.650761	-0.027990	3.452393	8.533127	5.183504
7.550000	89747248.000000	2.555541	0.650761	-0.027990	3.452393	8.533127	5.183504
7.581000	89747256.000000	2.556144	0.650144	-0.035163	0.304597	10.185364	5.655452
7.612000	89747256.000000	2.556748	0.651943	-0.051743	-1.592292	8.867238	5.475162
7.628000	89747264.000000	2.557772	0.651956	-0.059846	0.000493	8.752474	5.554021
7.659000	89747264.000000	2.558655	0.651567	-0.068322	0.655300	8.598989	5.478226
7.675000	89747264.000000	2.558655	0.651567	-0.068322	0.655300	8.598989	5.478226
7.706000	89747264.000000	2.559469	0.649068	-0.076010	4.749782	9.861999	5.324586
7.737000	89747272.000000	2.561005	0.649250	-0.093092	3.884585	8.982152	5.504532
7.753000	89747280.000000	2.561233	0.651337	-0.103049	-0.289481	8.614464	5.729774
7.784000	89747280.000000	2.561522	0.649151	-0.111005	2.411354	9.769526	6.271432
7.799000	89747280.000000	2.561522	0.649151	-0.111005	2.411354	9.769526	6.271432
7.831000	89747280.000000	2.561767	0.649762	-0.120988	2.256315	8.696948	6.501193
7.862000	89747288.000000	2.564918	0.648147	-0.139463	9.831134	9.410920	5.259042
7.877000	89747296.000000	2.564637	0.648803	-0.147781	6.542008	9.271540	5.738428
7.909000	89747296.000000	2.565121	0.648560	-0.157140	6.662279	9.767579	5.858781
7.924000	89747296.000000	2.565121	0.648560	-0.157140	6.662279	9.767579	5.858781
7.955000	89747296.000000	2.565404	0.648806	-0.166317	2.354435	9.847967	6.327777
7.987000	89747304.000000	2.567242	0.650802	-0.185131	1.386806	8.827080	5.841805
8.002000	89747304.000000	2.568032	0.650562	-0.194585	0.123402	8.986777	5.860121
8.033000	89747312.000000	2.568678	0.648254	-0.202916	5.653866	9.491301	5.830158
8.065000	89747312.000000	2.569665	0.648404	-0.212052	6.325170	9.516115	5.673550
8.080000	89747312.000000	2.570056	0.650993	-0.221695	-1.142893	9.113447	5.955122
8.111000	89747320.000000	2.571120	0.650661	-0.230769	-0.450884	9.056036	6.149189
8.127000	89747320.000000	2.571609	0.650136	-0.239655	0.926308	8.956388	5.919886
8.174000	89747328.000000	2.572709	0.648183	-0.248163	9.363894	9.771676	4.931978
8.205000	89747328.000000	2.572782	0.650956	-0.257131	-0.778546	8.672610	5.855324
8.205000	89747328.000000	2.572782	0.650956	-0.257131	-0.778546	8.672610	5.855324
8.236000	89747336.000000	2.577032	0.646929	-0.275920	21.745771	11.115273	3.514283
8.252000	89747336.000000	2.575009	0.648564	-0.283557	4.739727	9.493988	5.609868
8.283000	89747344.000000	2.576340	0.648132	-0.292401	7.216405	10.054036	5.527095
8.314000	89747344.000000	2.576600	0.650313	-0.301433	-0.808255	9.227642	6.105672
8.330000	89747344.000000	2.576600	0.650313	-0.301433	-0.808255	9.227642	6.105672
8.361000	89747344.000000	2.576929	0.648343	-0.309859	3.973201	9.840508	5.568698
8.377000	89747352.000000	2.578237	0.648471	-0.327742	3.915210	9.459155	5.461380
8.408000	89747352.000000	2.579185	0.649072	-0.336453	3.394236	9.006246	5.418191
8.439000	89747360.000000	2.579813	0.649505	-0.345798	1.298932	9.520317	5.556211
8.455000	89747360.000000	2.580040	0.648469	-0.354285	3.682485	9.851509	5.559603
8.486000	89747360.000000	2.580476	0.648164	-0.363219	2.715529	9.386464	5.361639
8.501000	89747360.000000	2.580476	0.648164	-0.363219	2.715529	9.386464	5.361639
8.533000	89747368.000000	2.581921	0.647619	-0.372566	6.023046	10.217824	4.616887
8.564000	89747376.000000	2.582311	0.648790	-0.390750	2.595236	9.554884	5.400975
8.579000	89747376.000000	2.583440	0.649980	-0.399992	-1.464921	9.467420	5.492373
8.611000	89747376.000000	2.583710	0.647750	-0.408953	5.359710	9.538764	5.079568
8.626000	89747384.000000	2.584340	0.647524	-0.418234	7.047569	9.679599	4.680670
8.657000	89747384.000000	2.584424	0.649657	-0.428410	-1.769155	9.433027	5.414658
8.689000	89747392.000000	2.585169	0.647623	-0.437068	5.370425	10.132129	5.019895
8.704000	89747392.000000	2.585229	0.649880	-0.446654	-0.841225	9.417044	5.350421
8.735000	89747392.000000	2.585195	0.649511	-0.455811	0.427856	9.069294	5.021756
8.751000	89747400.000000	2.585728	0.649903	-0.465516	-1.693293	9.375090	5.543041
8.782000	89747400.000000	2.585993	0.650380	-0.474826	-1.564986	9.339436	5.381456
8.813000	89747400.000000	2.585905	0.649662	-0.484705	0.074075	8.954976	5.322423
8.829000	89747408.000000	2.586057	0.649788	-0.493937	-1.218697	8.907995	5.491147
8.860000	89747408.000000	2.586065	0.649675	-0.504122	-0.292864	8.848064	5.458212
8.876000	89747408.000000	2.586151	0.649814	-0.513492	-1.862727	9.198632	5.709719
8.907000	89747416.000000	2.586619	0.647336	-0.521886	6.521347	9.755447	5.219285
8.938000	89747416.000000	2.587484	0.646121	-0.531275	12.987714	9.918454	4.328627
8.954000	89747424.000000	2.585832	0.647785	-0.539964	4.444722	9.599280	5.422840
8.985000	89747424.000000	2.586278	0.649515	-0.549912	0.658635	9.156464	5.704329
9.001000	89747424.000000	2.585274	0.649134	-0.558219	-1.657322	8.056487	5.157315
9.032000	89747432.000000	2.586203	0.649134	-0.567222	-0.463778	9.396844	5.593787
9.063000	89747432.000000	2.585569	0.649328	-0.575704	-0.201503	8.759261	5.313509
9.079000	89747440.000000	2.586255	0.649346	-0.585197	-0.271099	9.201613	5.725448
9.110000	89747440.000000	2.586340	0.649018	-0.593811	-0.737540	9.379384	5.711462
9.125000	89747440.000000	2.586457	0.648959	-0.602512	0.081769	8.947630	5.605831
9.157000	89747448.000000	2.586113	0.649016	-0.611523	-0.846635	9.144653	5.579235
9.188000	89747448.000000	2.586278	0.648702	-0.620306	-0.613953	9.463619	5.645467
9.203000	89747448.000000	2.586586	0.648526	-0.628899	-0.921762	9.346433	5.797257
9.235000	89747456.000000	2.586125	0.649091	-0.637427	-2.602746	9.171726	5.635643
9.250000	89747456.000000	2.586118	0.648973	-0.645934	1.166129	8.854647	5.364342
9.281000	89747456.000000	2.586320	0.649045	-0.654989	-0.864967	9.248484	5.638590
9.313000	89747464.000000	2.586325	0.649561	-0.663713	-1.138800	9.350381	5.517569
9.328000	89747464.000000	2.586251	0.648983	-0.672099	2.217925	8.906331	5.299612
9.359000	89747472.000000	2.586191	0.648866	-0.680746	2.319652	9.131945	5.236813
9.375000	89747472.000000	2.586191	0.648866	-0.680746	2.319652	9.131945	5.236813
9.406000	89747472.000000	2.586362	0.649874	-0.690073	-1.072706	9.444052	5.509201
9.437000	89747480.000000	2.586343	0.648107	-0.707035	0.260125	9.237613	5.287405
9.453000	89747480.000000	2.586343	0.648107	-0.707035	0.260125	9.237613	5.287405
9.484000	89747480.000000	2.586343	0.648107	-0.707035	0.260125	9.237613	5.287405
9.500000	89747480.000000	2.586343	0.648107	-0.707035	0.260125	9.237613	5.287405
9.531000	89747480.000000	2.586480	0.648296	-0.715261	2.339491	9.233733	5.199406
9.562000	89747488.000000	2.586395	0.648488	-0.732778	-0.321759	9.256766	5.106045
9.578000	89747496.000000	2.586300	0.647418	-0.749578	2.532890	10.307089	5.226902
9.609000	89747496.000000	2.586630	0.647905	-0.758523	-0.442629	9.397125	5.014309
9.625000	89747496.000000	2.586780	0.648245	-0.767761	1.205422	9.476715	4.955930
9.656000	89747504.000000	2.586622	0.648146	-0.785044	-2.476399	9.875785	5.151402
9.687000	89747504.000000	2.586931	0.648305	-0.794374	-0.151982	9.478013	4.986954
9.703000	89747512.000000	2.586840	0.648265	-0.803307	-0.021459	9.577936	4.914438
9.734000	89747512.000000	2.586831	0.647742	-0.811969	-1.110126	9.678016	4.947391
9.749000	89747512.000000	2.586831	0.647742	-0.811969	-1.110126	9.678016	4.947391
9.781000	89747520.000000	2.587172	0.647797	-0.820916	-1.965088	9.899987	5.006791
9.812000	89747520.000000	2.586817	0.646588	-0.830046	-1.127057	9.480886	4.848549
9.827000	89747528.000000	2.587482	0.647837	-0.848577	-0.800213	9.418675	4.795594
9.859000	89747528.000000	2.587704	0.647137	-0.858214	0.380914	9.822473	4.828956
9.874000	89747528.000000	2.587704	0.647137	-0.858214	0.380914	9.822473	4.828956
9.905000	89747536.000000	2.587586	0.647227	-0.867521	1.379313	9.415277	4.655908
9.937000	89747536.000000	2.587434	0.647532	-0.886311	-2.551342	9.598055	4.875051
9.952000	89747544.000000	2.587794	0.647396	-0.895950	1.522761	9.658607	4.768761
9.983000	89747544.000000	2.587745	0.646875	-0.905333	0.935181	9.156965	4.773517
10.015000	89747544.000000	2.587603	0.647886	-0.915276	0.131926	9.383769	4.808032
10.030000	89747552.000000	2.587011	0.646930	-0.924542	-0.427540	9.484017	4.731131
10.061000	89747552.000000	2.586862	0.646609	-0.934083	-2.386569	9.348489	4.853700
10.077000	89747552.000000	2.587363	0.647182	-0.943577	-0.064234	9.476542	4.789845
10.108000	89747560.000000	2.587015	0.647795	-0.953980	-1.152768	9.439386	4.981005
10.139000	89747560.000000	2.586711	0.647654	-0.963164	-1.278897	9.239842	4.876905
10.155000	89747568.000000	2.586239	0.646483	-0.972565	0.604878	9.527742	4.837082
10.186000	89747568.000000	2.586605	0.647667	-0.982512	0.350926	9.409772	4.799197
10.202000	89747568.000000	2.586411	0.646747	-0.992316	0.405229	9.362621	4.783277
10.233000	89747576.000000	2.586136	0.647496	-1.001913	-1.612857	9.163050	4.890516
10.264000	89747576.000000	2.586434	0.646375	-1.010980	0.273832	9.397844	4.889142
10.280000	89747584.000000	2.585443	0.646833	-1.020660	0.566596	9.666477	4.900613
10.311000	89747584.000000	2.586150	0.647763	-1.030913	-0.959285	9.556991	5.031056
10.327000	89747584.000000	2.585810	0.646753	-1.040571	-1.605975	9.560379	4.979272
10.358000	89747592.000000	2.586063	0.646081	-1.050143	0.886576	9.981510	4.762395
10.389000	89747592.000000	2.585692	0.645827	-1.060042	-0.400524	9.901433	4.826047
10.404000	89747592.000000	2.585847	0.646067	-1.069718	1.439648	9.663965	4.840930
10.436000	89747600.000000	2.585690	0.646554	-1.079604	2.493470	9.500168	4.885075
10.451000	89747600.000000	2.585821	0.645996	-1.089568	2.829957	9.482208	4.784468
10.482000	89747600.000000	2.584689	0.646091	-1.100055	1.854640	9.300088	4.794111
10.514000	89747608.000000	2.584623	0.646124	-1.110357	-0.371510	9.193754	4.816095
10.529000	89747608.000000	2.584166	0.645657	-1.120608	0.679417	9.717345	4.854058
10.560000	89747616.000000	2.583848	0.645809	-1.130833	-0.742781	10.053488	4.952626
10.576000	89747616.000000	2.583880	0.644379	-1.141548	-1.382522	10.140141	5.172553
10.607000	89747616.000000	2.584156	0.645560	-1.152199	0.126434	10.387670	5.164762
10.638000	89747624.000000	2.583526	0.644967	-1.163252	-0.799100	10.348505	5.153162
10.654000	89747624.000000	2.583108	0.645249	-1.174139	-1.294726	10.654677	5.267633
10.685000	89747632.000000	2.582750	0.644423	-1.184997	-2.816828	10.559285	5.197056
10.701000	89747632.000000	2.582723	0.646378	-1.195799	0.918138	10.057989	4.982399
10.732000	89747632.000000	2.582790	0.645173	-1.206982	-0.955100	10.269959	5.025517
10.763000	89747640.000000	2.582377	0.645960	-1.218182	1.313366	9.945922	4.904044
10.779000	89747640.000000	2.582486	0.646146	-1.229341	0.173194	9.728503	5.012870
10.810000	89747640.000000	2.582653	0.645990	-1.240731	1.718823	9.845163	4.832205
10.826000	89747640.000000	2.582653	0.645990	-1.240731	1.718823	9.845163	4.832205
10.857000	89747648.000000	2.582272	0.646737	-1.251918	0.897999	9.425037	4.747214
10.888000	89747648.000000	2.581033	0.646034	-1.273636	-2.260156	9.629429	4.464499
10.904000	89747656.000000	2.581769	0.645871	-1.284473	1.903328	9.817044	4.642465
10.935000	89747656.000000	2.581596	0.645456	-1.295552	0.547170	10.366762	4.631541
10.950000	89747656.000000	2.581596	0.645456	-1.295552	0.547170	10.366762	4.631541
10.982000	89747664.000000	2.580938	0.646021	-1.306184	1.098439	9.552186	4.318982
11.013000	89747664.000000	2.581307	0.645775	-1.327952	-0.265204	9.986262	4.481702
11.028000	89747672.000000	2.580539	0.646634	-1.337948	-0.687166	9.066620	3.962054
11.060000	89747672.000000	2.580466	0.646546	-1.348675	-1.611100	9.120885	4.191299
11.075000	89747680.000000	2.581065	0.645427	-1.359383	0.939248	10.373608	4.216897
11.106000	89747680.000000	2.580729	0.645858	-1.370070	0.903129	10.007822	4.103722
11.138000	89747680.000000	2.581198	0.644579	-1.380690	7.132766	10.744365	3.664926
11.153000	89747688.000000	2.580148	0.646370	-1.391057	0.465019	9.082670	3.911219
11.184000	89747688.000000	2.580241	0.646463	-1.401540	0.888732	9.302933	3.984092
11.200000	89747688.000000	2.580241	0.646463	-1.401540	0.888732	9.302933	3.984092
11.231000	89747688.000000	2.580239	0.645864	-1.412437	1.920031	9.440721	3.836742
11.262000	89747696.000000	2.580641	0.645382	-1.433454	2.704415	10.414028	4.008501
11.278000	89747696.000000	2.580238	0.645293	-1.444260	1.336168	9.856678	3.828015
11.309000	89747704.000000	2.580072	0.645624	-1.454959	0.758058	9.326251	3.647011
11.325000	89747704.000000	2.580072	0.645624	-1.454959	0.758058	9.326251	3.647011
11.356000	89747704.000000	2.579924	0.645651	-1.465847	-0.046418	9.107418	3.674910
11.387000	89747712.000000	2.580551	0.645837	-1.488144	1.728193	8.049157	3.073634
11.403000	89747712.000000	2.580001	0.645631	-1.499947	-2.649225	8.825573	3.698847
11.434000	89747720.000000	2.580014	0.645276	-1.511141	-0.216633	9.063751	3.612953
11.450000	89747720.000000	2.580014	0.645276	-1.511141	-0.216633	9.063751	3.612953
11.481000	89747720.000000	2.580313	0.644629	-1.522953	0.203774	9.349697	3.791809
11.512000	89747728.000000	2.580152	0.645238	-1.547416	-1.375585	8.604472	3.665300
11.528000	89747728.000000	2.580693	0.644673	-1.559747	2.773784	9.149112	3.720311
11.559000	89747736.000000	2.580418	0.644349	-1.572114	1.263240	8.661529	3.595805
11.574000	89747736.000000	2.580418	0.644349	-1.572114	1.263240	8.661529	3.595805
11.606000	89747736.000000	2.580045	0.645334	-1.585057	-3.131094	8.927171	3.688920
11.637000	89747744.000000	2.581326	0.644688	-1.610942	1.392760	8.892075	3.620896
11.652000	89747744.000000	2.580812	0.644012	-1.623195	3.098757	9.296279	3.759873
11.684000	89747744.000000	2.580308	0.644746	-1.635725	0.944651	8.859613	3.434795
11.699000	89747744.000000	2.580308	0.644746	-1.635725	0.944651	8.859613	3.434795
11.730000	89747752.000000	2.580337	0.643832	-1.649228	-2.262619	9.170160	3.278157
11.762000	89747760.000000	2.580595	0.644212	-1.673707	-0.474605	8.484754	3.588436
11.777000	89747760.000000	2.580321	0.644464	-1.686458	0.606942	9.132893	3.509749
11.808000	89747760.000000	2.581099	0.644422	-1.698745	3.261854	9.545312	4.185931
11.840000	89747768.000000	2.580209	0.644802	-1.711077	-0.948969	9.420909	3.897846
11.855000	89747768.000000	2.580540	0.643883	-1.723164	2.149081	9.193053	3.908888
11.886000	89747776.000000	2.579800	0.644286	-1.735291	-1.726043	8.790802	3.840765
11.902000	89747776.000000	2.579570	0.644543	-1.747204	-1.534754	9.135642	4.002968
11.933000	89747776.000000	2.580196	0.643039	-1.758926	5.296787	10.444442	4.109521
11.964000	89747784.000000	2.579990	0.643587	-1.771063	2.964006	9.721413	4.284896
11.980000	89747784.000000	2.579913	0.644117	-1.782916	3.017170	8.865184	4.017574
12.011000	89747784.000000	2.579652	0.643328	-1.794427	1.450632	10.319180	4.281806
12.027000	89747792.000000	2.578351	0.643475	-1.805874	0.228419	8.679731	4.233375
12.058000	89747792.000000	2.578311	0.643802	-1.817277	2.424175	8.978893	4.195550
12.089000	89747792.000000	2.579039	0.643243	-1.828667	4.695381	9.746639	4.303386
12.105000	89747792.000000	2.579039	0.643243	-1.828667	4.695381	9.746639	4.303386
12.136000	89747800.000000	2.578156	0.643585	-1.839930	4.100190	9.645721	4.442812
12.152000	89747808.000000	2.577989	0.643742	-1.862354	3.433716	9.212672	4.230320
12.183000	89747808.000000	2.577583	0.643329	-1.873411	3.073051	9.785914	4.516238
12.214000	89747808.000000	2.577363	0.643073	-1.884452	4.960997	9.971635	4.281384
12.230000	89747816.000000	2.576560	0.642509	-1.895568	4.109663	9.789183	4.562863
12.261000	89747816.000000	2.576118	0.642915	-1.906507	3.849200	8.975065	4.590575
12.276000	89747824.000000	2.575642	0.641955	-1.917708	5.961331	10.211146	4.641670
12.308000	89747824.000000	2.575373	0.642264	-1.928544	4.587702	10.497313	4.587496
12.339000	89747824.000000	2.574169	0.642597	-1.939857	2.703288	9.836787	4.915992
12.354000	89747824.000000	2.574169	0.642597	-1.939857	2.703288	9.836787	4.915992
12.386000	89747832.000000	2.573685	0.642922	-1.951341	2.812972	9.127247	4.819815
12.401000	89747832.000000	2.572565	0.642133	-1.973728	4.022918	9.587862	4.635494
12.432000	89747840.000000	2.571665	0.641931	-1.985582	2.446122	9.506270	4.883663
12.464000	89747840.000000	2.571295	0.642305	-1.997262	4.371130	9.640519	4.828268
12.479000	89747840.000000	2.571525	0.641597	-2.008910	4.240607	10.264466	4.743999
12.510000	89747848.000000	2.569817	0.641791	-2.020583	0.886507	9.408001	4.926038
12.526000	89747848.000000	2.570307	0.640977	-2.032803	5.306787	9.673354	4.793024
12.557000	89747856.000000	2.568701	0.641003	-2.044549	1.646367	9.359504	5.056088
12.588000	89747856.000000	2.568298	0.641350	-2.056964	2.612678	10.106368	4.841076
12.604000	89747856.000000	2.567652	0.641156	-2.068763	2.555163	9.942500	4.865847
12.635000	89747864.000000	2.567123	0.641056	-2.080947	5.389338	9.357595	4.531508
12.651000	89747864.000000	2.567316	0.641083	-2.093441	2.716533	10.052786	4.834487
12.682000	89747872.000000	2.566611	0.641738	-2.104960	5.766090	9.728046	4.727360
12.713000	89747872.000000	2.566037	0.641007	-2.116611	4.936807	9.635532	4.823322
12.729000	89747872.000000	2.565426	0.640893	-2.128376	4.018209	9.879577	4.730585
12.760000	89747880.000000	2.565370	0.640561	-2.139947	3.811851	9.985129	4.809063
12.776000	89747880.000000	2.564440	0.641700	-2.151776	3.540994	9.459608	4.801945
12.807000	89747880.000000	2.562790	0.640501	-2.162838	0.789416	9.999295	4.882172
12.838000	89747888.000000	2.563391	0.640796	-2.174455	4.149772	9.925016	4.587725
12.854000	89747888.000000	2.562719	0.640233	-2.185877	5.577076	10.236587	4.635082
12.885000	89747888.000000	2.561872	0.640178	-2.197357	3.053042	9.840481	4.694911
12.900000	89747896.000000	2.561510	0.639955	-2.209369	2.901050	9.952512	4.819369
12.932000	89747896.000000	2.561124	0.640207	-2.221283	1.836000	9.672753	4.955587
12.963000	89747904.000000	2.560426	0.640566	-2.232590	2.495302	9.732516	4.881857
12.978000	89747904.000000	2.560202	0.640164	-2.244663	4.083148	9.785823	4.812749
13.010000	89747904.000000	2.559987	0.640050	-2.256314	2.901585	9.943331	4.964963
13.025000	89747904.000000	2.559987	0.640050	-2.256314	2.901585	9.943331	4.964963
13.056000	89747912.000000	2.558916	0.639726	-2.268236	3.829400	9.680807	4.707847
13.088000	89747920.000000	2.558031	0.640235	-2.291266	0.906727	9.695586	4.822036
13.103000	89747920.000000	2.558275	0.640050	-2.303007	1.813793	9.646973	4.894063
13.134000	89747920.000000	2.557621	0.639286	-2.314615	2.345751	9.735587	4.589416
13.150000	89747920.000000	2.557621	0.639286	-2.314615	2.345751	9.735587	4.589416
13.181000	89747928.000000	2.557626	0.639163	-2.326216	4.376894	9.369789	4.445444
13.212000	89747928.000000	2.557048	0.639196	-2.349360	2.435802	9.750172	4.649234
13.228000	89747936.000000	2.556811	0.639359	-2.360789	3.067212	9.636251	4.545249
13.259000	89747936.000000	2.557046	0.639763	-2.372332	2.638676	9.523053	4.603691
13.275000	89747936.000000	2.556419	0.639786	-2.383958	2.907526	9.882669	4.637583
13.306000	89747944.000000	2.555720	0.639081	-2.395502	0.008380	9.300309	4.748718
13.337000	89747944.000000	2.556151	0.639931	-2.407073	1.936014	9.660975	4.612620
13.353000	89747952.000000	2.556228	0.639241	-2.418921	5.793522	9.558249	4.453609
13.384000	89747952.000000	2.556145	0.638935	-2.430768	5.909158	9.707071	4.260326
13.400000	89747952.000000	2.556145	0.638935	-2.430768	5.909158	9.707071	4.260326
13.431000	89747952.000000	2.555764	0.639209	-2.443606	0.641422	9.776784	4.611176
13.462000	89747960.000000	2.555820	0.639349	-2.467003	6.554764	9.715381	4.081489
13.478000	89747968.000000	2.555254	0.639477	-2.479295	3.842538	9.571991	4.300757
13.509000	89747968.000000	2.555084	0.639286	-2.491756	3.597791	9.558247	4.066724
13.524000	89747968.000000	2.555258	0.639437	-2.504094	1.541695	9.521194	4.325116
13.556000	89747976.000000	2.555684	0.639501	-2.516300	2.100899	9.821473	4.278637
13.587000	89747976.000000	2.555706	0.639144	-2.528818	7.195791	9.539739	3.785402
13.602000	89747976.000000	2.555555	0.639047	-2.541002	4.306663	10.061133	4.119594
13.634000	89747984.000000	2.555879	0.639248	-2.552946	3.536128	10.190640	4.179557
13.649000	89747984.000000	2.555879	0.639248	-2.552946	3.536128	10.190640	4.179557
13.680000	89747984.000000	2.555691	0.639861	-2.564815	5.838108	9.556224	3.906279
13.712000	89747992.000000	2.555428	0.639130	-2.588130	4.474747	9.594899	4.149819
13.727000	89747992.000000	2.555310	0.639937	-2.599310	3.025511	9.535364	4.264249
13.758000	89748000.000000	2.555101	0.640361	-2.610849	1.998259	9.545412	4.357784
13.774000	89748000.000000	2.555101	0.640361	-2.610849	1.998259	9.545412	4.357784
13.805000	89748000.000000	2.554958	0.639422	-2.633470	1.639354	9.622221	4.309026
13.836000	89748008.000000	2.555129	0.639612	-2.644999	3.134260	9.860326	4.351697
13.852000	89748008.000000	2.555676	0.639249	-2.656136	7.149187	9.906027	4.015855
13.883000	89748016.000000	2.555749	0.639890	-2.667276	8.267870	9.671330	3.947164
13.899000	89748016.000000	2.555749	0.639890	-2.667276	8.267870	9.671330	3.947164
13.930000	89748016.000000	2.554940	0.639882	-2.678195	6.259826	9.560474	3.995476
13.961000	89748024.000000	2.554985	0.639814	-2.700782	6.530482	9.397130	4.048489
13.977000	89748024.000000	2.555255	0.640488	-2.711806	7.785699	9.510803	4.024693
14.008000	89748024.000000	2.554598	0.638785	-2.722778	8.912449	10.190009	4.130141
14.024000	89748024.000000	2.554598	0.638785	-2.722778	8.912449	10.190009	4.130141
14.055000	89748032.000000	2.554575	0.640825	-2.734180	3.905910	9.578112	4.505872
14.086000	89748032.000000	2.554477	0.641339	-2.756533	3.815631	8.734158	4.468663
14.102000	89748040.000000	2.555107	0.640855	-2.767727	9.213343	9.411329	4.298901
14.133000	89748040.000000	2.554239	0.640403	-2.778579	5.990654	9.739923	4.152266
14.148000	89748040.000000	2.554239	0.640403	-2.778579	5.990654	9.739923	4.152266
14.180000	89748048.000000	2.554330	0.639596	-2.790331	8.030084	9.859764	4.294462
14.211000	89748048.000000	2.553817	0.639441	-2.813106	12.595873	9.553482	3.903887
14.226000	89748056.000000	2.553074	0.640828	-2.824430	1.433122	9.381437	4.524646
14.257000	89748056.000000	2.553207	0.639338	-2.836526	7.634092	9.995752	4.189957
14.289000	89748064.000000	2.552940	0.637919	-2.848473	7.114301	10.005100	4.390052
14.304000	89748064.000000	2.552716	0.638920	-2.860084	4.957944	10.011441	4.505637
14.335000	89748064.000000	2.552782	0.638150	-2.872195	-2.136513	9.685593	4.702947
14.351000	89748072.000000	2.551744	0.637713	-2.884577	3.421526	11.195910	4.595129
14.382000	89748072.000000	2.552154	0.638466	-2.895822	5.832410	10.876443	4.386658
14.413000	89748072.000000	2.552047	0.638793	-2.907802	1.582062	10.195593	4.599395
14.429000	89748080.000000	2.551530	0.639028	-2.919490	6.402731	9.652477	4.169418
14.460000	89748080.000000	2.551778	0.638974	-2.931764	6.590911	10.884403	4.012473
14.476000	89748080.000000	2.550688	0.639243	-2.943717	0.167851	9.777059	4.344301
14.507000	89748088.000000	2.551409	0.637876	-2.955900	8.251696	11.812387	4.020156
14.538000	89748088.000000	2.550802	0.637918	-2.968298	5.427276	11.264647	4.137597
14.554000	89748096.000000	2.551320	0.638047	-2.980021	9.195158	11.478456	4.090955
14.585000	89748096.000000	2.550451	0.639284	-2.991549	7.614256	10.034745	3.955954
14.601000	89748096.000000	2.550557	0.639777	-3.003622	5.033472	10.830181	4.034462
14.632000	89748104.000000	2.550342	0.639810	-3.015463	5.191022	10.016573	3.858774
14.663000	89748104.000000	2.550015	0.640719	-3.027105	4.864661	9.961722	3.709360
14.679000	89748112.000000	2.550474	0.639480	-3.039204	10.022080	10.355459	3.446731
14.710000	89748112.000000	2.550474	0.639480	-3.039204	10.022080	10.355459	3.446731
14.725000	89748112.000000	2.550070	0.640261	-3.051490	6.462917	11.208035	3.833671
14.757000	89748112.000000	2.549652	0.639043	-3.063189	6.399058	11.083624	3.891324
14.788000	89748120.000000	2.549422	0.639689	-3.087417	6.299692	10.740072	3.697817
14.803000	89748120.000000	2.548874	0.640167	-3.099550	5.207200	10.823057	3.750347
14.835000	89748128.000000	2.548395	0.639138	-3.112293	1.430590	10.452064	3.783417
14.850000	89748128.000000	2.548354	0.639822	-3.124075	3.019519	10.645124	3.698555
14.881000	89748128.000000	2.548593	0.639657	-3.136168	1.253878	10.454929	3.790760
14.913000	89748136.000000	2.548717	0.639294	-3.148580	4.901505	10.439265	3.475605
14.928000	89748136.000000	2.548714	0.639875	-3.160610	6.505886	10.561217	3.484782
14.959000	89748144.000000	2.548751	0.640190	-3.172668	8.545210	10.666140	3.306200
14.975000	89748144.000000	2.548751	0.640190	-3.172668	8.545210	10.666140	3.306200
15.006000	89748144.000000	2.547696	0.638336	-3.185432	6.916126	10.689869	2.981295
15.037000	89748152.000000	2.547346	0.639978	-3.209176	4.953375	9.538676	3.358482
15.053000	89748152.000000	2.548067	0.640124	-3.221429	5.941535	9.881380	3.401341
15.084000	89748160.000000	2.547803	0.639792	-3.234200	9.094624	10.508337	2.926705
15.100000	89748160.000000	2.548494	0.639311	-3.247074	12.340099	10.787536	2.870456
15.131000	89748160.000000	2.548090	0.639195	-3.259315	13.031222	11.103807	3.127835
15.162000	89748168.000000	2.547522	0.639522	-3.272449	11.397664	11.077157	3.162258
15.178000	89748168.000000	2.547592	0.639071	-3.285377	11.012082	10.290842	3.211494
15.209000	89748168.000000	2.546846	0.639546	-3.297999	6.471858	11.017760	3.632935
15.225000	89748176.000000	2.546328	0.639633	-3.311223	1.475948	9.498855	3.692084
15.256000	89748176.000000	2.545632	0.639304	-3.324083	1.521079	10.001287	3.939726
15.287000	89748176.000000	2.545702	0.639354	-3.337551	6.409725	10.908427	3.745603
15.303000	89748184.000000	2.545265	0.640151	-3.350349	5.861232	10.926641	3.735069
15.334000	89748184.000000	2.545068	0.639265	-3.363860	8.274857	9.834538	3.235899
15.349000	89748184.000000	2.545068	0.639265	-3.363860	8.274857	9.834538	3.235899
15.381000	89748192.000000	2.543870	0.639995	-3.376640	2.489520	9.236274	3.590357
15.412000	89748192.000000	2.543870	0.639995	-3.376640	2.489520	9.236274	3.590357
15.427000	89748192.000000	2.543870	0.639995	-3.376640	2.489520	9.236274	3.590357
15.459000	89748192.000000	2.543798	0.639823	-3.389808	3.849638	10.431576	3.634854
15.474000	89748200.000000	2.544348	0.639881	-3.415987	14.198178	9.704153	3.086203
15.505000	89748208.000000	2.542953	0.639764	-3.441148	8.940873	9.678649	3.893240
15.537000	89748208.000000	2.542938	0.639864	-3.454272	9.470400	11.017774	3.743268
15.552000	89748216.000000	2.541174	0.639611	-3.478569	2.302561	9.517315	4.031530
15.583000	89748216.000000	2.540902	0.639113	-3.490680	6.612245	9.789848	3.930001
15.615000	89748216.000000	2.541021	0.639517	-3.502663	7.222429	10.644518	3.761005
15.630000	89748224.000000	2.540351	0.639286	-3.514631	7.489628	9.735163	3.609847
15.661000	89748224.000000	2.540182	0.640291	-3.525509	11.743694	10.555124	3.724917
15.677000	89748224.000000	2.539661	0.638500	-3.536892	6.587865	9.710995	4.054056
15.708000	89748232.000000	2.538967	0.639211	-3.548213	3.244873	8.968717	4.332298
15.739000	89748232.000000	2.538825	0.638584	-3.559527	1.726257	8.915099	4.278954
15.755000	89748240.000000	2.538356	0.641485	-3.570219	5.144781	8.776253	3.982194
15.786000	89748240.000000	2.538164	0.639980	-3.581248	6.887144	9.493093	4.029261
15.802000	89748240.000000	2.537242	0.639826	-3.591705	4.115657	9.617584	4.160901
15.833000	89748248.000000	2.537476	0.639944	-3.602844	6.539868	9.475633	3.891693
15.864000	89748248.000000	2.536110	0.639816	-3.613219	2.189594	9.853538	4.346394
15.880000	89748256.000000	2.536117	0.640051	-3.623726	2.007414	9.836006	4.333423
15.911000	89748256.000000	2.535963	0.639389	-3.634622	5.434957	9.178276	3.908159
15.927000	89748256.000000	2.535469	0.638271	-3.645320	2.963720	9.151911	4.188263
15.958000	89748264.000000	2.535467	0.637870	-3.656206	4.215914	9.269692	4.279369
15.989000	89748264.000000	2.535140	0.639285	-3.666715	7.792989	9.908629	4.033221
16.005000	89748264.000000	2.534315	0.640251	-3.677274	4.709437	9.160246	3.993041
16.036000	89748272.000000	2.533020	0.639585	-3.688203	0.049237	9.467189	4.162786
16.051000	89748272.000000	2.532688	0.638707	-3.699466	0.554346	9.296474	4.019094
16.083000	89748272.000000	2.532306	0.638711	-3.710562	2.228620	9.288456	3.969924
16.114000	89748280.000000	2.532485	0.639108	-3.721772	10.786401	9.888436	3.555479
16.129000	89748280.000000	2.532094	0.637212	-3.733623	5.970348	10.195114	3.987362
16.161000	89748288.000000	2.531990	0.636871	-3.745450	2.382060	9.431083	4.287012
16.176000	89748288.000000	2.530411	0.638441	-3.756642	-1.656477	8.950021	4.046257
16.207000	89748288.000000	2.530243	0.638207	-3.768781	0.847637	9.571829	4.036799
16.239000	89748296.000000	2.529164	0.638910	-3.780623	2.130305	9.439785	3.871654
16.254000	89748296.000000	2.528979	0.639064	-3.792200	1.497788	9.382700	3.906085
16.285000	89748304.000000	2.528599	0.638860	-3.804766	2.659057	9.486107	3.876717
16.301000	89748304.000000	2.528199	0.638867	-3.817008	3.468455	9.464312	3.832043
16.332000	89748304.000000	2.527561	0.638631	-3.829207	4.550975	9.585424	3.619821
16.363000	89748312.000000	2.526920	0.638732	-3.841693	6.104055	8.918565	3.512344
16.379000	89748312.000000	2.526077	0.638803	-3.853677	6.208806	9.159514	3.298853
16.410000	89748312.000000	2.524922	0.638742	-3.865484	2.086379	8.881921	3.473519
16.426000	89748320.000000	2.523736	0.640140	-3.877270	-6.044782	8.752504	4.120051
16.457000	89748320.000000	2.523424	0.639216	-3.889581	-0.830934	8.753269	3.583405
16.488000	89748320.000000	2.523345	0.638847	-3.902151	0.914041	9.102261	3.770792
16.504000	89748328.000000	2.522712	0.638465	-3.914343	4.813452	8.989457	3.159296
16.535000	89748328.000000	2.522506	0.638441	-3.926288	5.112342	9.539883	3.565382
16.551000	89748336.000000	2.520676	0.638803	-3.937895	-1.229509	8.674547	3.326745
16.582000	89748336.000000	2.520142	0.638802	-3.949478	-1.466127	8.541884	3.410672
16.613000	89748336.000000	2.520145	0.639392	-3.960977	4.172229	9.158213	3.226700
16.629000	89748344.000000	2.519740	0.638962	-3.972325	7.233288	9.163701	2.999633
16.660000	89748344.000000	2.518796	0.639401	-3.982837	4.826635	8.797193	3.183124
16.675000	89748352.000000	2.518068	0.639181	-3.993573	1.529588	8.975309	3.390085
16.707000	89748352.000000	2.517539	0.639382	-4.003992	3.554300	8.666146	3.060631
16.738000	89748352.000000	2.516625	0.638616	-4.014310	1.374876	8.937479	3.133057
16.753000	89748360.000000	2.515508	0.638450	-4.024722	-3.543092	8.845565	3.374907
16.785000	89748360.000000	2.514838	0.639048	-4.034681	-3.589749	8.855087	3.228806
16.800000	89748360.000000	2.514388	0.639214	-4.044640	-2.223020	8.832479	3.263807
16.831000	89748368.000000	2.514272	0.638751	-4.055528	0.864610	9.227225	3.107460
16.863000	89748368.000000	2.513802	0.639113	-4.065548	3.157677	9.151717	2.918864
16.878000	89748368.000000	2.513586	0.638990	-4.076003	5.260314	9.133659	3.170896
16.909000	89748376.000000	2.512640	0.639223	-4.085530	2.433214	9.258836	3.290264
16.925000	89748376.000000	2.511642	0.639390	-4.095208	-2.036345	9.197388	3.526927
16.956000	89748384.000000	2.511220	0.638114	-4.105061	-0.668807	8.662285	3.517714
16.987000	89748384.000000	2.510172	0.637659	-4.115283	-1.420925	9.757098	4.121400
17.003000	89748384.000000	2.510556	0.638490	-4.125175	5.178907	9.916758	3.024251
17.034000	89748392.000000	2.509691	0.637297	-4.135594	3.897274	10.691197	3.711557
17.050000	89748392.000000	2.508062	0.639230	-4.144701	-2.590813	9.093562	3.439773
17.081000	89748400.000000	2.507346	0.638955	-4.154919	-5.141377	9.365980	3.395574
17.112000	89748400.000000	2.507180	0.639171	-4.164684	-1.442906	9.271799	3.246327
17.128000	89748400.000000	2.506518	0.638822	-4.174863	-1.755888	9.171582	3.140418
17.159000	89748408.000000	2.506508	0.639026	-4.185098	3.069941	9.369946	3.117103
17.175000	89748408.000000	2.505719	0.639370	-4.195232	1.626786	9.653711	3.123757
17.206000	89748408.000000	2.505096	0.638590	-4.206092	2.448348	9.484335	3.054202
17.237000	89748416.000000	2.503804	0.638368	-4.215986	-2.990858	8.576622	3.188636
17.253000	89748416.000000	2.502286	0.639591	-4.226902	-8.068501	9.471033	3.360115
17.284000	89748416.000000	2.502640	0.638793	-4.236853	-0.515283	9.608393	3.163049
17.299000	89748424.000000	2.501369	0.639740	-4.247113	-4.002850	9.919050	3.293502
17.331000	89748424.000000	2.502120	0.637903	-4.258208	4.890477	9.670842	3.117072
17.362000	89748432.000000	2.501082	0.637864	-4.268739	2.966533	8.982325	3.001006
17.377000	89748432.000000	2.500420	0.638377	-4.279288	1.983873	9.333012	2.821110
17.409000	89748432.000000	2.498859	0.638209	-4.288968	-3.463812	8.359975	2.933012
17.424000	89748440.000000	2.498280	0.639327	-4.300146	-2.893229	8.807787	3.224123
17.455000	89748440.000000	2.498280	0.639327	-4.300146	-2.893229	8.807787	3.224123
17.487000	89748440.000000	2.497659	0.639483	-4.310765	-3.906217	9.290417	3.497637
17.502000	89748448.000000	2.497417	0.638470	-4.332019	4.629367	9.612650	2.933477
17.533000	89748448.000000	2.496207	0.638683	-4.342442	3.738779	9.772842	3.282727
17.565000	89748456.000000	2.495398	0.638957	-4.352550	-1.534758	8.698115	3.345726
17.580000	89748456.000000	2.494235	0.638925	-4.362616	-0.441167	8.722199	3.201039
17.611000	89748456.000000	2.494004	0.639022	-4.372782	0.657853	8.851742	3.268320
17.627000	89748464.000000	2.492983	0.639395	-4.382703	-0.630853	8.691872	3.090140
17.658000	89748464.000000	2.492597	0.638443	-4.392849	2.256568	9.596040	2.966758
17.689000	89748464.000000	2.491840	0.638569	-4.402587	3.281662	9.357432	2.798973
17.705000	89748472.000000	2.491893	0.637903	-4.412225	5.867078	9.500326	2.782160
17.736000	89748472.000000	2.490262	0.638968	-4.421839	-2.582598	8.409998	3.270987
17.752000	89748480.000000	2.490268	0.636981	-4.431592	1.676791	9.842770	3.529452
17.783000	89748480.000000	2.489246	0.638600	-4.440369	0.878315	8.785389	3.129266
17.814000	89748480.000000	2.488715	0.638643	-4.449290	-1.476138	9.006525	3.065524
17.830000	89748488.000000	2.487870	0.638790	-4.458429	0.013430	8.699908	2.890095
17.861000	89748488.000000	2.488310	0.639384	-4.467213	4.121556	9.899192	2.534018
17.877000	89748496.000000	2.488408	0.636556	-4.477140	7.231604	10.449738	2.777462
17.908000	89748496.000000	2.487359	0.638718	-4.484593	6.951920	9.145484	2.417232
17.939000	89748496.000000	2.485778	0.638911	-4.492609	-2.313413	8.729262	3.063796
17.955000	89748504.000000	2.485316	0.638542	-4.501053	-4.390446	8.067785	3.189199
17.986000	89748504.000000	2.484651	0.638700	-4.509202	-1.694315	8.452377	2.919700
18.001000	89748504.000000	2.484773	0.639296	-4.516469	-2.760239	8.490822	3.108624
18.033000	89748504.000000	2.484773	0.639296	-4.516469	-2.760239	8.490822	3.108624
18.064000	89748512.000000	2.483764	0.638682	-4.524274	-4.342799	8.622637	3.025099
18.079000	89748512.000000	2.484105	0.637876	-4.539562	3.383018	8.955043	2.505533
18.111000	89748512.000000	2.484105	0.637876	-4.539562	3.383018	8.955043	2.505533
18.126000	89748520.000000	2.484123	0.637708	-4.546617	5.315406	9.111142	2.421029
18.157000	89748528.000000	2.482610	0.638557	-4.559279	-2.741011	8.657975	2.828681
18.188000	89748528.000000	2.483596	0.638653	-4.565770	0.392176	8.305932	2.136007
18.204000	89748528.000000	2.483596	0.638653	-4.565770	0.392176	8.305932	2.136007
18.235000	89748528.000000	2.482107	0.638301	-4.572221	-4.677751	7.788221	2.518389
18.251000	89748536.000000	2.484096	0.638685	-4.584402	4.186961	8.402097	1.796209
18.282000	89748544.000000	2.482553	0.636454	-4.590103	2.071988	9.195457	1.631139
18.313000	89748544.000000	2.483359	0.636061	-4.595507	5.452302	9.457448	1.439137
18.329000	89748544.000000	2.483359	0.636061	-4.595507	5.452302	9.457448	1.439137
18.360000	89748544.000000	2.482809	0.636235	-4.600746	2.668045	8.763210	1.838887
18.376000	89748552.000000	2.482517	0.637481	-4.610504	0.781356	8.348078	1.691470
18.407000	89748552.000000	2.481451	0.637453	-4.615209	0.864444	8.788109	2.248582
18.438000	89748560.000000	2.482818	0.637631	-4.619766	3.911995	8.343199	1.631305
18.454000	89748560.000000	2.481009	0.636948	-4.624175	-1.071269	8.579840	1.915577
18.485000	89748560.000000	2.481179	0.638234	-4.628057	-5.950263	8.549994	2.245380
18.500000	89748568.000000	2.481681	0.636432	-4.632843	5.357944	8.900245	1.329229
18.532000	89748568.000000	2.480794	0.635513	-4.636791	-2.319439	8.884344	2.407498
18.563000	89748576.000000	2.480712	0.636717	-4.640896	4.339074	8.009965	1.369590
18.578000	89748576.000000	2.479993	0.637104	-4.644175	-2.852431	8.314562	1.796884
18.610000	89748576.000000	2.479824	0.637461	-4.647630	-0.602373	8.333060	1.696497
18.625000	89748584.000000	2.480097	0.638134	-4.650805	2.093407	8.309573	1.562868
18.656000	89748584.000000	2.479610	0.638427	-4.653406	1.986663	8.459618	1.544770
18.688000	89748592.000000	2.479861	0.637193	-4.656402	3.325288	8.268225	1.368785
18.703000	89748592.000000	2.480028	0.637443	-4.658838	1.486114	7.525828	1.574516
18.734000	89748592.000000	2.481728	0.635698	-4.662578	2.883845	8.466484	1.393402
18.750000	89748600.000000	2.480793	0.636256	-4.663938	-1.563724	8.079132	2.133477
18.781000	89748600.000000	2.480018	0.637655	-4.665403	-0.312433	7.896516	1.652240
18.812000	89748600.000000	2.480336	0.637038	-4.667330	2.199476	7.946360	1.450642
18.828000	89748608.000000	2.480304	0.637265	-4.668861	0.313396	7.904802	1.572122
18.859000	89748608.000000	2.480182	0.637348	-4.670278	1.109918	8.102683	1.586539
18.875000	89748608.000000	2.480182	0.637348	-4.670278	1.109918	8.102683	1.586539
18.906000	89748608.000000	2.480290	0.638449	-4.671029	-1.051793	8.178025	1.684722
18.937000	89748616.000000	2.480318	0.637408	-4.672801	3.673532	8.098906	1.319238
18.953000	89748624.000000	2.480337	0.637578	-4.673637	2.344929	7.984985	1.350453
18.984000	89748624.000000	2.480440	0.637255	-4.674260	1.160254	7.894806	1.397039
19.000000	89748624.000000	2.480428	0.637247	-4.674559	1.245248	7.871335	1.435552
19.031000	89748624.000000	2.480428	0.637247	-4.674559	1.245248	7.871335	1.435552
19.062000	89748632.000000	2.480341	0.637302	-4.674563	1.017553	7.866839	1.441726
19.078000	89748632.000000	2.480341	0.637302	-4.674563	1.017553	7.866839	1.441726
19.109000	89748640.000000	2.480204	0.637341	-4.674270	0.508260	7.839505	1.435817
19.124000	89748640.000000	2.480204	0.637341	-4.674270	0.508260	7.839505	1.435817
19.156000	89748640.000000	2.480042	0.636373	-4.673973	-3.390770	8.045438	2.269004
19.187000	89748648.000000	2.480367	0.636262	-4.674225	-2.069061	8.083684	1.937078
19.202000	89748648.000000	2.479518	0.636737	-4.673948	-4.823872	8.186759	2.537589
19.234000	89748656.000000	2.479471	0.637576	-4.673417	-6.021858	7.718526	1.784522
19.249000	89748656.000000	2.479454	0.637657	-4.673295	-6.259739	7.609239	1.774018
19.280000	89748656.000000	2.480252	0.636138	-4.674320	-1.794008	8.905602	1.971858
19.312000	89748664.000000	2.479569	0.636439	-4.673972	-3.642204	8.580165	2.421592
19.327000	89748664.000000	2.480008	0.636235	-4.673945	-2.701129	8.563035	2.285277
19.358000	89748672.000000	2.480140	0.636171	-4.674004	-2.614754	8.532181	2.191082
19.390000	89748672.000000	2.479790	0.636265	-4.674058	-3.145543	8.509939	2.316432
19.405000	89748672.000000	2.479879	0.636390	-4.674283	-2.998827	8.516858	2.319547
19.436000	89748680.000000	2.480134	0.636232	-4.674397	-2.266852	8.561109	2.098282
19.452000	89748680.000000	2.480250	0.636211	-4.674114	-2.482950	8.543760	2.073105
19.483000	89748688.000000	2.479973	0.636248	-4.673985	-2.961887	8.569965	2.323583
19.514000	89748688.000000	2.479722	0.636464	-4.674060	-3.861914	8.560946	2.504416
19.530000	89748688.000000	2.480256	0.636215	-4.674030	-2.129603	8.552061	2.051329
19.561000	89748696.000000	2.479490	0.636617	-4.673870	-4.402108	8.592509	2.566956
19.577000	89748696.000000	2.479490	0.636617	-4.673870	-4.402108	8.592509	2.566956
19.608000	89748696.000000	2.479490	0.636617	-4.673870	-4.402108	8.592509	2.566956
19.639000	89748696.000000	2.479490	0.636617	-4.673870	-4.402108	8.592509	2.566956
19.655000	89748696.000000	2.479490	0.636617	-4.673870	-4.402108	8.592509	2.566956
19.686000	89748696.000000	2.480210	0.636185	-4.674149	-2.326270	8.545897	2.086240
19.702000	89748704.000000	2.479692	0.636325	-4.674162	-3.083038	8.573181	2.204622
19.733000	89748712.000000	2.480166	0.636263	-4.673964	-2.601624	8.554808	2.196805
19.764000	89748720.000000	2.480060	0.636226	-4.674068	-2.817738	8.535218	2.173970
19.780000	89748720.000000	2.480250	0.636216	-4.674027	-2.560580	8.550788	2.146393
19.811000	89748720.000000	2.480435	0.636275	-4.674307	-2.082634	8.552006	1.963928
19.826000	89748728.000000	2.480076	0.636199	-4.674067	-2.578210	8.540202	2.255548
19.858000	89748728.000000	2.480218	0.636183	-4.674143	-2.344634	8.560070	2.085807
19.889000	89748736.000000	2.479984	0.636252	-4.673997	-2.764330	8.600790	2.317700
19.904000	89748736.000000	2.480431	0.636180	-4.674165	-1.989973	8.547768	2.042340
19.936000	89748736.000000	2.479923	0.636356	-4.674337	-3.167210	8.514434	2.334890
19.951000	89748744.000000	2.480003	0.636202	-4.673945	-2.694757	8.527769	2.204614
19.982000	89748744.000000	2.480154	0.636304	-4.674150	-2.540264	8.531059	2.122031
20.014000	89748744.000000	2.479712	0.636452	-4.674104	-3.346012	8.528049	2.400238
20.029000	89748752.000000	2.480411	0.636217	-4.674236	-2.117593	8.565142	2.035243
20.060000	89748752.000000	2.480465	0.636130	-4.674220	-1.775508	8.544068	2.004544
20.076000	89748752.000000	2.480127	0.636301	-4.674215	-2.806147	8.537642	2.231446
20.107000	89748760.000000	2.479755	0.636585	-4.673895	-3.620218	8.638681	2.496668
20.138000	89748760.000000	2.480277	0.636230	-4.674098	-2.408093	8.551547	2.070995
20.154000	89748768.000000	2.479794	0.636328	-4.674228	-2.823421	8.546229	2.243676
20.185000	89748768.000000	2.480529	0.636178	-4.674212	-1.410360	8.540011	1.968664
20.201000	89748768.000000	2.479820	0.636395	-4.673882	-3.563168	8.517981	2.429281
20.232000	89748776.000000	2.479519	0.636504	-4.674093	-3.670773	8.574884	2.415627
20.263000	89748776.000000	2.479825	0.636377	-4.673978	-2.993121	8.484220	2.384054
20.279000	89748784.000000	2.479882	0.636307	-4.674144	-2.540345	8.552566	2.283776
20.310000	89748784.000000	2.480206	0.636256	-4.674258	-1.771041	8.538265	2.002458
20.326000	89748784.000000	2.479995	0.636334	-4.674101	-2.353307	8.492105	2.198801
20.357000	89748792.000000	2.479805	0.636196	-4.674374	-3.037893	8.330716	2.459295
20.388000	89748792.000000	2.479954	0.636332	-4.674419	-2.450988	8.542153	2.241950
20.404000	89748792.000000	2.480047	0.636315	-4.674232	-2.424750	8.529469	2.122825
20.435000	89748792.000000	2.480047	0.636315	-4.674232	-2.424750	8.529469	2.122825
20.450000	89748792.000000	2.480047	0.636315	-4.674232	-2.424750	8.529469	2.122825
20.482000	89748800.000000	2.479687	0.637027	-4.673858	-4.546459	8.742009	2.490005
20.513000	89748800.000000	2.479459	0.636301	-4.674314	-3.553209	8.576130	2.372519
20.528000	89748808.000000	2.480152	0.636304	-4.674197	-3.061995	8.548103	2.238571
20.560000	89748816.000000	2.480262	0.636191	-4.674140	-2.518687	8.576864	2.156505
20.575000	89748816.000000	2.480233	0.636236	-4.674012	-2.347315	8.548470	2.108732
20.606000	89748816.000000	2.480274	0.636172	-4.673874	-1.972669	8.583599	2.180835
20.638000	89748824.000000	2.479852	0.636930	-4.673926	-3.724468	8.774697	2.353340
20.653000	89748824.000000	2.480125	0.636989	-4.674039	-3.172775	8.783453	2.180040
20.684000	89748832.000000	2.480158	0.636978	-4.674088	-2.893118	8.785507	2.170155
20.700000	89748832.000000	2.480077	0.637060	-4.674112	-3.292276	8.795106	2.166351
20.731000	89748832.000000	2.480023	0.636902	-4.673880	-3.290683	8.735062	2.270384
20.762000	89748840.000000	2.479638	0.637060	-4.673515	-4.577420	8.758746	2.552639
20.778000	89748840.000000	2.479923	0.636871	-4.673642	-3.507999	8.784219	2.541548
20.809000	89748840.000000	2.480193	0.636939	-4.674100	-2.816393	8.780597	2.162396
20.825000	89748848.000000	2.479820	0.636959	-4.673770	-3.676502	8.797131	2.470647
20.856000	89748848.000000	2.480222	0.636322	-4.674269	-1.423899	8.604926	2.011799
20.887000	89748848.000000	2.480118	0.637059	-4.673723	-3.157417	8.797134	2.257596
20.903000	89748856.000000	2.479973	0.636352	-4.674216	-1.587054	8.612933	2.106765
20.934000	89748856.000000	2.480059	0.637080	-4.674042	-3.005571	8.790697	2.159311
20.950000	89748864.000000	2.479425	0.637130	-4.673723	-4.704605	8.825604	2.502694
20.981000	89748864.000000	2.479898	0.637028	-4.673529	-4.019386	8.817690	2.434793
21.012000	89748864.000000	2.479500	0.637465	-4.673708	-5.342356	8.910064	2.818540
21.028000	89748872.000000	2.480128	0.636900	-4.673996	-2.781634	8.808249	2.179948
21.059000	89748872.000000	2.480279	0.636363	-4.673875	-0.923560	8.724885	1.972065
21.074000	89748880.000000	2.479786	0.636019	-4.673776	-1.336709	8.598173	1.996442
21.106000	89748880.000000	2.480373	0.635891	-4.674114	0.723073	8.640898	1.716689
21.137000	89748880.000000	2.480075	0.636284	-4.674014	-1.890309	8.636595	2.107258
21.152000	89748888.000000	2.479634	0.636284	-4.674144	-2.777355	8.604720	2.490151
21.184000	89748888.000000	2.480172	0.636965	-4.674051	-3.283153	8.824161	2.269742
21.199000	89748888.000000	2.480172	0.636965	-4.674051	-3.283153	8.824161	2.269742
21.230000	89748896.000000	2.480093	0.636233	-4.674244	-2.581950	8.614329	2.210911
21.262000	89748896.000000	2.480330	0.636116	-4.673972	-1.977664	8.602180	2.104134
21.277000	89748896.000000	2.480164	0.636133	-4.674186	-2.119133	8.525289	2.123952
21.308000	89748904.000000	2.479610	0.636426	-4.674131	-3.552912	8.577592	2.437626
21.340000	89748904.000000	2.479955	0.636245	-4.674266	-2.591420	8.586258	2.254330
21.355000	89748912.000000	2.480310	0.636132	-4.674184	-1.668495	8.580302	2.031192
21.386000	89748912.000000	2.479837	0.636351	-4.674255	-3.376462	8.550449	2.481438
21.402000	89748912.000000	2.480176	0.636140	-4.674038	-2.116951	8.601830	2.099204
21.433000	89748920.000000	2.479945	0.636149	-4.674253	-2.667176	8.585006	2.408571
21.464000	89748920.000000	2.480183	0.636222	-4.674091	-2.287871	8.577303	2.088173
21.480000	89748928.000000	2.480296	0.636166	-4.674207	-1.615417	8.558649	1.987995
21.511000	89748928.000000	2.480342	0.636217	-4.674357	-1.686612	8.573241	1.989331
21.527000	89748928.000000	2.480000	0.636247	-4.673678	-2.982311	8.530968	2.353768
21.558000	89748936.000000	2.479907	0.636285	-4.674131	-2.666349	8.590630	2.383381
21.589000	89748936.000000	2.479658	0.636349	-4.674096	-3.680262	8.510855	2.509047
21.605000	89748936.000000	2.479977	0.636302	-4.673998	-2.725318	8.500980	2.263307
21.636000	89748944.000000	2.479898	0.636326	-4.674352	-2.722264	8.530769	2.314635
21.652000	89748944.000000	2.480287	0.636159	-4.674266	-1.574508	8.549041	2.043361
21.683000	89748944.000000	2.480079	0.636146	-4.674218	-2.070750	8.499065	2.192400
21.714000	89748952.000000	2.479847	0.636286	-4.674373	-3.018319	8.531339	2.324619
21.730000	89748952.000000	2.480330	0.636146	-4.674240	-2.195436	8.592096	2.133713
21.761000	89748960.000000	2.480325	0.635949	-4.674652	-1.664591	8.521198	1.979406
21.776000	89748960.000000	2.480177	0.636077	-4.674299	-3.199838	8.487963	2.460102
21.808000	89748960.000000	2.480008	0.636226	-4.674353	-3.413581	8.497561	2.508960
21.839000	89748968.000000	2.480459	0.636024	-4.674284	-2.273357	8.537149	2.035330
21.854000	89748968.000000	2.479904	0.636351	-4.674178	-3.554345	8.514972	2.428812
21.886000	89748976.000000	2.479545	0.637484	-4.673864	-0.576786	8.397592	1.602369
21.901000	89748976.000000	2.479973	0.638542	-4.673317	-6.880995	8.383941	1.929849
21.932000	89748976.000000	2.479896	0.638688	-4.673053	-6.988105	8.391904	1.928454
21.964000	89748984.000000	2.479422	0.637591	-4.673667	-4.901792	7.676806	1.828011
21.979000	89748984.000000	2.480341	0.636119	-4.674140	-1.770328	8.584603	2.129254
22.010000	89748984.000000	2.479624	0.636335	-4.674163	-3.504352	8.559408	2.246734
22.026000	89748992.000000	2.480398	0.636055	-4.674490	-1.323496	8.523160	1.988835
22.057000	89748992.000000	2.480291	0.636168	-4.674090	-2.296097	8.545133	2.092271
22.088000	89748992.000000	2.480396	0.636092	-4.674114	-1.724432	8.559557	2.110799
22.104000	89749000.000000	2.480348	0.636167	-4.674153	-1.751489	8.574779	2.029316
22.135000	89749000.000000	2.479922	0.636302	-4.674285	-2.683915	8.526268	2.296520
22.151000	89749008.000000	2.479846	0.636329	-4.674224	-3.051793	8.551470	2.354207
22.182000	89749008.000000	2.480320	0.636134	-4.674447	-1.696589	8.565425	2.024313
22.213000	89749008.000000	2.479842	0.636319	-4.674151	-2.836147	8.544741	2.408161
22.229000	89749016.000000	2.479960	0.636267	-4.674162	-2.422979	8.514698	2.280007
22.260000	89749016.000000	2.480176	0.636248	-4.674255	-2.009655	8.569222	2.102225
22.275000	89749024.000000	2.479842	0.636314	-4.674203	-2.669922	8.521590	2.388385
22.307000	89749024.000000	2.480344	0.636166	-4.674181	-1.962940	8.520295	2.044417
22.338000	89749024.000000	2.480266	0.636165	-4.674091	-1.972086	8.549917	2.065151
22.353000	89749032.000000	2.480278	0.636244	-4.674304	-1.910989	8.560156	2.018631
22.385000	89749032.000000	2.480320	0.636251	-4.674288	-1.956970	8.540900	2.001678
22.400000	89749032.000000	2.480453	0.636170	-4.674072	-1.700802	8.590611	2.082138
22.431000	89749040.000000	2.480034	0.636270	-4.674370	-2.016407	8.558280	2.143261
22.463000	89749040.000000	2.480287	0.636970	-4.674165	-3.015456	8.743087	2.108807
22.478000	89749040.000000	2.479723	0.636270	-4.674189	-3.089616	8.538480	2.393092
22.509000	89749048.000000	2.480109	0.636896	-4.673936	-3.627026	8.720341	2.301126
22.525000	89749048.000000	2.480271	0.636181	-4.674424	-1.505017	8.593954	2.018271
22.556000	89749056.000000	2.479206	0.637731	-4.673805	-1.008230	8.360378	1.626934
22.587000	89749056.000000	2.479912	0.638694	-4.673288	-7.206650	8.372731	1.929888
22.603000	89749056.000000	2.479511	0.637472	-4.673593	-4.761681	7.769856	1.811309
22.634000	89749064.000000	2.480181	0.636165	-4.674126	-2.007494	8.539418	2.100220
22.650000	89749064.000000	2.479725	0.636271	-4.673977	-2.842700	8.528242	2.286667
22.681000	89749072.000000	2.479677	0.636859	-4.673841	-4.165905	8.695488	2.525572
22.712000	89749072.000000	2.480245	0.636836	-4.674082	-2.812959	8.730295	2.144854
22.728000	89749072.000000	2.479770	0.636831	-4.674147	-4.017161	8.758901	2.614181
22.759000	89749080.000000	2.479408	0.637550	-4.673847	-0.567612	8.380511	1.601599
22.775000	89749080.000000	2.479945	0.638650	-4.673389	-7.189844	8.356961	1.953135
22.806000	89749080.000000	2.479544	0.637468	-4.673636	-4.679677	7.755443	1.816552
22.837000	89749088.000000	2.480170	0.636200	-4.674336	-1.732501	8.554649	2.034483
22.853000	89749088.000000	2.480271	0.636191	-4.674360	-1.720718	8.576304	2.008913
22.884000	89749088.000000	2.480251	0.636207	-4.674227	-1.918849	8.564655	2.063930
22.899000	89749088.000000	2.480251	0.636207	-4.674227	-1.918849	8.564655	2.063930
22.931000	89749096.000000	2.479276	0.637715	-4.673800	-1.084082	8.347214	1.630661
22.962000	89749104.000000	2.479969	0.636211	-4.674558	-2.827229	8.556479	2.460859
22.977000	89749104.000000	2.479310	0.637661	-4.673884	-0.992111	8.331678	1.609787
23.009000	89749104.000000	2.479543	0.637566	-4.673680	-4.778912	7.588583	1.827013
23.024000	89749112.000000	2.480299	0.636147	-4.674601	-1.491630	8.549522	2.013603
23.055000	89749112.000000	2.480357	0.636221	-4.674363	-1.800226	8.512405	1.986005
