31.372000	-431602080.000000	-431602080.000000	-431602080.000000	-431602080.000000	135.000000	-0.000000	135.000000
31.388000	-431602080.000000	-431602080.000000	-431602080.000000	-431602080.000000	135.000000	-0.000000	135.000000
31.419000	82996056.000000	2.758801	0.601301	-0.628601	2.551591	18.119095	4.553175
31.435000	82996064.000000	2.759162	0.601461	-0.628530	1.980835	18.042381	4.645916
31.466000	82996064.000000	2.759713	0.601400	-0.628541	2.862591	18.219446	4.888906
31.497000	82996064.000000	2.759990	0.601054	-0.628446	2.623198	18.561062	5.146856
31.513000	82996072.000000	2.760074	0.601022	-0.628424	2.597544	18.564602	5.166340
31.544000	82996072.000000	2.760118	0.601046	-0.628439	2.745237	18.567823	5.140903
31.559000	82996080.000000	2.760149	0.600995	-0.628436	2.866916	18.563696	5.128224
31.591000	82996080.000000	2.760133	0.600968	-0.628437	2.591030	18.562777	5.143188
31.622000	82996080.000000	2.760115	0.600999	-0.628448	2.793592	18.563845	5.142861
31.637000	82996088.000000	2.759987	0.601133	-0.628470	2.918236	18.307617	5.009970
31.669000	82996088.000000	2.760053	0.601045	-0.628454	2.797114	18.564341	5.152933
31.684000	82996088.000000	2.760077	0.601064	-0.628449	2.864938	18.559891	5.144202
31.715000	82996096.000000	2.759985	0.601143	-0.628452	2.736171	18.321312	5.018083
31.747000	82996096.000000	2.760022	0.601130	-0.628440	2.770785	18.547148	5.137293
31.762000	82996096.000000	2.759943	0.601208	-0.628433	2.756817	18.566034	5.156349
31.793000	82996104.000000	2.760090	0.601273	-0.628375	3.702537	18.467258	5.079855
31.809000	82996104.000000	2.760105	0.601070	-0.628446	3.474552	18.640398	5.030256
31.840000	82996112.000000	2.760035	0.601078	-0.628468	3.377704	18.627388	5.083290
31.871000	82996112.000000	2.759873	0.601075	-0.628483	2.807942	18.652908	5.221889
31.887000	82996112.000000	2.759883	0.601090	-0.628504	2.887092	18.655827	5.206769
31.918000	82996120.000000	2.759859	0.601130	-0.628494	2.920285	18.677504	5.220479
31.934000	82996120.000000	2.759813	0.601141	-0.628520	2.939330	18.657404	5.219825
31.965000	82996128.000000	2.759802	0.601108	-0.628480	2.938360	18.634665	5.237588
31.996000	82996128.000000	2.759770	0.601137	-0.628480	3.046646	18.664612	5.231659
32.012000	82996128.000000	2.759779	0.601172	-0.628482	2.912563	18.679478	5.228265
32.043000	82996136.000000	2.759745	0.601445	-0.628450	3.047699	18.596827	5.178321
32.059000	82996136.000000	2.759763	0.601181	-0.628506	2.923210	18.656368	5.229985
32.090000	82996136.000000	2.759751	0.601142	-0.628502	3.044448	18.635244	5.232070
32.121000	82996144.000000	2.759709	0.601221	-0.628493	2.714768	18.625397	5.236663
32.137000	82996144.000000	2.759747	0.601403	-0.628431	3.259206	18.611813	5.170382
32.168000	82996144.000000	2.759749	0.601172	-0.628477	3.084015	18.642027	5.232574
32.183000	82996152.000000	2.759722	0.601438	-0.628457	3.132255	18.617758	5.184882
32.215000	82996152.000000	2.759719	0.601398	-0.628468	3.209760	18.601732	5.184084
32.246000	82996160.000000	2.759709	0.601458	-0.628472	3.143286	18.587772	5.186032
32.261000	82996160.000000	2.759689	0.601475	-0.628478	3.011094	18.598576	5.193594
32.293000	82996160.000000	2.759686	0.601239	-0.628499	2.999831	18.648518	5.253867
32.308000	82996168.000000	2.759642	0.601436	-0.628460	3.114643	18.595335	5.197544
32.339000	82996168.000000	2.759638	0.601447	-0.628486	3.257431	18.601149	5.242322
32.371000	82996176.000000	2.759632	0.601498	-0.628492	3.159278	18.581947	5.200178
32.386000	82996176.000000	2.759607	0.601452	-0.628464	2.976523	18.592636	5.208200
32.417000	82996176.000000	2.759657	0.601461	-0.628463	3.357180	18.595119	5.188910
32.433000	82996184.000000	2.759607	0.601466	-0.628469	3.142571	18.578306	5.203151
32.464000	82996184.000000	2.759635	0.601472	-0.628466	3.359010	18.591232	5.204488
32.495000	82996184.000000	2.759626	0.601470	-0.628471	3.359674	18.569790	5.206093
32.511000	82996192.000000	2.759562	0.601485	-0.628472	3.079156	18.573181	5.221274
32.542000	82996192.000000	2.759616	0.601496	-0.628458	3.358859	18.612234	5.207347
32.558000	82996192.000000	2.759595	0.601525	-0.628454	3.455342	18.606806	5.215152
32.589000	82996200.000000	2.759567	0.601555	-0.628468	3.368127	18.597740	5.219499
32.620000	82996200.000000	2.759482	0.601573	-0.628475	3.175475	18.586103	5.249612
32.636000	82996208.000000	2.759397	0.601562	-0.628488	2.971131	18.610353	5.261684
32.667000	82996208.000000	2.759483	0.601613	-0.628417	3.627618	18.507318	5.154392
32.683000	82996208.000000	2.759322	0.601618	-0.628478	2.719423	18.607515	5.272575
32.714000	82996216.000000	2.759545	0.601558	-0.628456	3.478617	18.483971	5.112075
32.745000	82996216.000000	2.759403	0.601619	-0.628496	3.036788	18.633539	5.294710
32.761000	82996224.000000	2.759584	0.601666	-0.628369	3.956418	18.522982	5.128533
32.792000	82996224.000000	2.759367	0.601661	-0.628392	3.281803	18.606485	5.253316
32.807000	82996224.000000	2.759304	0.601747	-0.628442	3.361115	18.598143	5.268427
32.839000	82996232.000000	2.759267	0.601645	-0.628470	3.291440	18.514061	5.210417
32.870000	82996232.000000	2.759228	0.601607	-0.628474	2.592350	18.590103	5.276511
32.885000	82996232.000000	2.759424	0.601613	-0.628386	3.553266	18.511631	5.166406
32.917000	82996240.000000	2.759461	0.601711	-0.628444	3.774173	18.532862	5.138958
32.932000	82996240.000000	2.759244	0.601653	-0.628491	2.652437	18.579073	5.287777
32.963000	82996240.000000	2.759254	0.601660	-0.628474	2.887907	18.568195	5.275465
32.995000	82996248.000000	2.759191	0.601733	-0.628476	2.775741	18.565319	5.287319
33.010000	82996248.000000	2.759341	0.601520	-0.628173	4.024669	18.612471	5.449811
33.041000	82996256.000000	2.759497	0.601501	-0.628168	4.226695	18.623955	5.429810
33.057000	82996256.000000	2.759208	0.601713	-0.628441	2.749111	18.571703	5.311350
33.088000	82996256.000000	2.759197	0.601574	-0.628246	3.611218	18.616262	5.125674
33.119000	82996264.000000	2.759262	0.601547	-0.628331	3.307765	18.516134	5.225104
33.135000	82996264.000000	2.758983	0.601237	-0.627991	2.418659	18.497324	5.535849
33.166000	82996272.000000	2.759199	0.601586	-0.628329	3.062815	18.477295	5.206263
33.182000	82996272.000000	2.758991	0.601242	-0.627982	2.617081	18.469591	5.473600
33.213000	82996272.000000	2.759079	0.601227	-0.627936	2.998226	18.494408	5.479997
33.244000	82996280.000000	2.759454	0.601529	-0.628368	3.311168	18.472437	5.131575
33.260000	82996280.000000	2.759430	0.601552	-0.628386	3.233215	18.494507	5.104856
33.291000	82996280.000000	2.759253	0.601576	-0.628348	3.161275	18.511082	5.259810
33.307000	82996288.000000	2.759225	0.601678	-0.628310	3.264882	18.471176	5.238533
33.338000	82996288.000000	2.759204	0.601615	-0.628349	3.078569	18.517431	5.251941
33.369000	82996288.000000	2.758946	0.601284	-0.627989	2.258453	18.498957	5.566159
33.385000	82996296.000000	2.759266	0.601558	-0.628352	3.194284	18.500536	5.238813
33.416000	82996296.000000	2.759286	0.601543	-0.628342	3.168989	18.519299	5.241824
33.431000	82996304.000000	2.758959	0.601150	-0.628016	2.465769	18.421432	5.518323
33.463000	82996304.000000	2.759234	0.601587	-0.628320	3.163487	18.508335	5.229609
33.494000	82996304.000000	2.758951	0.601213	-0.627956	2.423418	18.433979	5.554526
33.509000	82996312.000000	2.759285	0.601482	-0.628378	2.982191	18.474016	5.240261
33.541000	82996312.000000	2.758993	0.601246	-0.627953	2.606595	18.464346	5.539088
33.556000	82996320.000000	2.758936	0.601233	-0.627992	2.261684	18.455204	5.554844
33.587000	82996320.000000	2.759413	0.601580	-0.628364	3.325178	18.526148	5.140523
33.619000	82996320.000000	2.759216	0.601581	-0.628331	3.158924	18.498816	5.200369
33.634000	82996328.000000	2.758931	0.601247	-0.627971	2.365909	18.439465	5.548538
33.665000	82996328.000000	2.759027	0.601212	-0.628042	2.680841	18.453192	5.518072
33.697000	82996328.000000	2.758995	0.601177	-0.627960	2.595370	18.448210	5.530089
33.712000	82996336.000000	2.759266	0.601570	-0.628286	3.372191	18.517021	5.248196
33.743000	82996336.000000	2.759001	0.601195	-0.628015	2.728112	18.444384	5.477764
33.759000	82996336.000000	2.759228	0.601530	-0.628335	3.217755	18.515228	5.260495
33.790000	82996344.000000	2.759115	0.601623	-0.628475	2.195067	18.560877	5.257620
33.808000	82996344.000000	2.759015	0.600854	-0.628173	2.657848	18.595150	5.682816
33.855000	82996352.000000	2.759087	0.600765	-0.628166	3.135978	18.541647	5.669502
33.871000	82996352.000000	2.759087	0.600765	-0.628166	3.135978	18.541647	5.669502
33.886000	82996352.000000	2.759075	0.601789	-0.628561	2.872302	18.561466	5.381065
33.918000	82996360.000000	2.759150	0.601669	-0.628416	3.152142	18.519636	5.317884
33.933000	82996360.000000	2.759133	0.601788	-0.628463	2.872637	18.517513	5.402020
33.964000	82996368.000000	2.759183	0.601657	-0.628358	3.295280	18.534792	5.306836
33.996000	82996368.000000	2.759095	0.601705	-0.628473	2.819935	18.490639	5.372979
34.011000	82996368.000000	2.759080	0.601698	-0.628452	2.807666	18.523432	5.329465
34.042000	82996376.000000	2.759061	0.601729	-0.628492	2.616577	18.563616	5.331845
34.058000	82996376.000000	2.759104	0.601941	-0.628392	3.243194	18.233177	5.200621
34.089000	82996376.000000	2.759153	0.601885	-0.628344	3.315400	18.203501	5.146852
34.120000	82996384.000000	2.759127	0.601817	-0.628379	3.000248	18.324459	5.205191
34.136000	82996384.000000	2.759168	0.601742	-0.628338	3.522291	18.352896	5.170901
34.167000	82996384.000000	2.759075	0.601843	-0.628464	3.211413	18.364527	5.196397
34.183000	82996392.000000	2.759098	0.601751	-0.628344	3.032842	18.310680	5.207006
34.214000	82996392.000000	2.759139	0.601541	-0.628588	2.877879	18.385262	5.194689
34.245000	82996400.000000	2.759017	0.601634	-0.628531	2.381690	18.367464	5.257043
34.261000	82996400.000000	2.759270	0.601075	-0.627968	3.231210	18.231716	5.215049
34.292000	82996400.000000	2.759287	0.601362	-0.628453	2.797224	18.386425	5.156652
34.308000	82996408.000000	2.759138	0.601992	-0.628567	3.001023	18.287716	5.106536
34.339000	82996408.000000	2.759163	0.601978	-0.628562	2.801226	18.519472	5.249251
34.370000	82996416.000000	2.759127	0.601793	-0.628520	2.933074	18.055885	5.064843
34.386000	82996416.000000	2.759049	0.602093	-0.628500	3.347000	18.059927	5.079446
34.417000	82996416.000000	2.759117	0.602131	-0.628550	3.907613	18.190954	5.077291
34.432000	82996424.000000	2.759156	0.602164	-0.628496	4.474493	18.316254	5.112610
34.464000	82996424.000000	2.759727	0.601937	-0.628274	7.554034	18.243280	4.758619
34.495000	82996424.000000	2.758948	0.602149	-0.628495	3.358056	18.215458	5.100035
34.510000	82996432.000000	2.759061	0.602105	-0.628450	3.871358	18.215879	5.120800
34.542000	82996432.000000	2.759049	0.602076	-0.628439	3.770472	18.212152	5.059128
34.557000	82996432.000000	2.759199	0.602147	-0.628594	4.598043	18.289936	5.027611
34.588000	82996440.000000	2.759086	0.602067	-0.628484	3.864175	18.251282	5.111869
34.620000	82996440.000000	2.759214	0.602106	-0.628523	4.679026	18.267073	4.999396
34.635000	82996448.000000	2.759254	0.602090	-0.628499	5.007808	18.285145	5.029675
34.666000	82996448.000000	2.759273	0.602111	-0.628470	4.864200	18.286690	5.002253
34.682000	82996448.000000	2.759136	0.602235	-0.628670	3.771521	18.296717	5.126164
34.713000	82996456.000000	2.759181	0.602129	-0.628472	4.204491	18.309866	5.012158
34.744000	82996456.000000	2.759128	0.602040	-0.628622	3.078972	18.355438	5.225171
34.760000	82996464.000000	2.759208	0.601771	-0.628592	2.959257	18.369473	5.173686
34.791000	82996464.000000	2.759184	0.601864	-0.628603	2.908213	18.439735	5.147233
34.807000	82996464.000000	2.759253	0.601434	-0.628689	2.798559	18.513865	5.262118
34.838000	82996472.000000	2.759452	0.601010	-0.628507	2.444114	18.418070	5.184896
34.869000	82996472.000000	2.759339	0.600987	-0.628735	1.663222	18.319008	5.380422
34.885000	82996472.000000	2.759208	0.601118	-0.628540	0.738859	18.374411	5.441845
34.916000	82996480.000000	2.759082	0.600493	-0.628307	2.554103	18.556366	5.136854
34.932000	82996480.000000	2.759117	0.600606	-0.627957	1.616983	18.038551	5.579710
34.963000	82996480.000000	2.759015	0.600240	-0.628098	1.484167	18.344290	5.887155
34.994000	82996488.000000	2.759010	0.600293	-0.627988	1.310668	18.408855	5.867092
35.010000	82996488.000000	2.759065	0.600304	-0.627952	1.564210	18.428202	5.855569
35.041000	82996496.000000	2.758877	0.600220	-0.628128	1.204156	18.559834	5.963632
35.056000	82996496.000000	2.758906	0.600251	-0.627903	1.136027	18.561628	5.930728
35.088000	82996496.000000	2.758954	0.600166	-0.628059	-0.333394	18.376656	5.867527
35.119000	82996504.000000	2.758938	0.600074	-0.627994	-0.651727	18.389048	5.826439
35.134000	82996504.000000	2.758958	0.600044	-0.627787	-1.146607	18.374804	5.892329
35.166000	82996512.000000	2.759047	0.600834	-0.628436	-0.295830	18.525742	5.375718
35.181000	82996512.000000	2.758885	0.600240	-0.627814	-0.029019	18.374334	5.691735
35.212000	82996512.000000	2.758998	0.600028	-0.628087	-1.045486	18.445068	5.687658
35.244000	82996520.000000	2.759263	0.600063	-0.627644	-0.994132	18.413860	5.805058
35.259000	82996520.000000	2.759046	0.599794	-0.627838	-0.199551	18.583586	5.927750
35.290000	82996520.000000	2.759001	0.599834	-0.627889	-0.175088	18.737423	5.830164
35.322000	82996528.000000	2.759023	0.599973	-0.627908	-1.602483	18.787901	5.827139
35.337000	82996528.000000	2.759036	0.599776	-0.628076	-1.526129	18.629208	6.049430
35.368000	82996528.000000	2.759089	0.599764	-0.628020	-1.637490	18.593683	6.004730
35.384000	82996536.000000	2.759146	0.599965	-0.628137	-1.445684	18.489349	5.761213
35.415000	82996536.000000	2.759266	0.599629	-0.628433	-0.200538	19.047882	5.937386
35.446000	82996544.000000	2.759088	0.599820	-0.628107	1.396042	19.110523	6.138463
35.462000	82996544.000000	2.759372	0.599511	-0.628374	0.734568	19.025255	6.024232
35.493000	82996544.000000	2.759311	0.599531	-0.628055	-0.154974	19.131548	5.876882
35.509000	82996552.000000	2.759559	0.598952	-0.627655	-0.530354	19.291031	5.945914
35.540000	82996552.000000	2.759865	0.599360	-0.628034	0.077443	19.137686	5.513258
35.571000	82996560.000000	2.758996	0.598604	-0.628332	-0.979637	18.977955	6.006790
35.587000	82996560.000000	2.759986	0.599571	-0.628402	0.452931	19.247782	5.299383
35.618000	82996560.000000	2.759188	0.599062	-0.628314	0.769795	18.898327	5.839401
35.634000	82996568.000000	2.759365	0.599830	-0.628810	-0.821286	18.851456	6.085846
35.665000	82996568.000000	2.759507	0.600030	-0.628757	-0.635541	18.480051	5.783998
35.696000	82996568.000000	2.759526	0.599761	-0.628371	1.173352	18.949127	5.737813
35.712000	82996576.000000	2.759450	0.599672	-0.628202	0.831909	18.986193	5.766993
35.743000	82996576.000000	2.759373	0.599476	-0.627892	-0.951703	18.980156	6.010575
35.758000	82996576.000000	2.759495	0.599407	-0.628117	-0.532726	19.183779	5.758446
35.790000	82996584.000000	2.759364	0.599379	-0.628330	-0.645855	19.085583	5.693108
35.821000	82996584.000000	2.759475	0.600314	-0.628377	1.513342	19.092041	5.541348
35.836000	82996592.000000	2.758564	0.599842	-0.628095	-2.145967	19.202902	6.390528
35.868000	82996592.000000	2.759317	0.600548	-0.628281	1.332150	18.858900	5.436777
35.883000	82996592.000000	2.759174	0.599593	-0.628623	-0.414512	19.441822	5.437106
35.914000	82996600.000000	2.758501	0.600342	-0.627765	-1.289865	19.039759	5.418027
35.946000	82996600.000000	2.759922	0.599597	-0.628030	1.560580	19.314539	5.587382
35.961000	82996608.000000	2.759221	0.600172	-0.628057	1.208974	19.234434	5.541394
35.992000	82996608.000000	2.759482	0.600495	-0.628431	2.957304	19.182899	5.534050
36.008000	82996608.000000	2.759176	0.599318	-0.628021	0.069094	19.041201	6.025671
36.039000	82996616.000000	2.759615	0.600663	-0.628413	2.449940	19.265268	5.505394
36.070000	82996616.000000	2.758738	0.599703	-0.628428	-0.186982	19.312912	5.864987
36.086000	82996616.000000	2.759238	0.600206	-0.628060	1.299570	19.247911	5.521279
36.117000	82996624.000000	2.759509	0.600453	-0.628289	3.097698	19.204546	5.466590
36.133000	82996624.000000	2.759085	0.599362	-0.628109	-0.486572	19.165514	5.959126
36.164000	82996624.000000	2.759243	0.600168	-0.628031	1.239734	19.259577	5.526618
36.195000	82996632.000000	2.759491	0.600486	-0.628458	2.838261	19.109001	5.568002
36.211000	82996632.000000	2.759532	0.600469	-0.628400	3.087288	19.096100	5.434524
36.242000	82996640.000000	2.759279	0.600376	-0.628092	1.563250	19.171999	5.508355
36.258000	82996640.000000	2.759587	0.600549	-0.628423	2.394480	19.128208	5.493962
36.289000	82996640.000000	2.759399	0.600399	-0.628250	2.444331	19.131102	5.490356
36.320000	82996648.000000	2.759342	0.600320	-0.628069	1.714336	19.243017	5.497135
36.336000	82996648.000000	2.759250	0.600548	-0.627799	1.789630	18.917656	5.337878
36.367000	82996656.000000	2.758921	0.599615	-0.629042	0.409327	19.285322	5.848354
36.382000	82996656.000000	2.760028	0.599476	-0.628610	2.590670	19.471478	5.062474
36.414000	82996656.000000	2.759879	0.599677	-0.628558	2.355830	19.431847	5.268082
36.445000	82996664.000000	2.760182	0.599421	-0.628944	2.516307	19.471142	4.883901
36.460000	82996664.000000	2.759749	0.600457	-0.628431	2.247191	19.096373	5.538066
36.492000	82996664.000000	2.759684	0.600581	-0.628358	2.938494	19.152447	5.439286
36.507000	82996672.000000	2.759533	0.599945	-0.628280	2.372190	19.258709	5.725971
36.538000	82996672.000000	2.759342	0.599900	-0.628306	2.040642	19.276154	5.674992
36.570000	82996672.000000	2.759420	0.600518	-0.628012	2.938982	19.189476	5.405505
36.585000	82996680.000000	2.759466	0.600440	-0.628020	3.473238	19.194229	5.367807
36.616000	82996680.000000	2.759337	0.600087	-0.628354	1.496318	19.230339	5.979307
36.648000	82996688.000000	2.759191	0.600225	-0.628575	0.104354	19.071665	5.396382
36.663000	82996688.000000	2.759122	0.600285	-0.628556	-0.333394	19.060951	5.366024
36.694000	82996688.000000	2.759062	0.600360	-0.628499	-0.579076	18.907637	5.343493
36.710000	82996696.000000	2.759339	0.600589	-0.628037	3.290370	19.137333	5.316232
36.741000	82996696.000000	2.759251	0.600202	-0.628595	1.091768	19.212610	5.376329
36.772000	82996704.000000	2.759395	0.600197	-0.628682	1.469820	19.144087	5.398049
36.788000	82996704.000000	2.759021	0.600187	-0.628524	0.776121	19.343563	5.067616
36.819000	82996704.000000	2.759527	0.600155	-0.628774	2.147450	19.268620	5.377260
36.835000	82996712.000000	2.759359	0.600228	-0.628490	1.291946	19.240011	5.241002
36.866000	82996712.000000	2.759280	0.600087	-0.628716	1.537910	19.286062	5.276199
36.897000	82996712.000000	2.759258	0.600085	-0.628870	1.381705	19.324938	5.291194
36.913000	82996720.000000	2.759310	0.600057	-0.628852	1.572549	19.322874	5.320185
36.944000	82996720.000000	2.759456	0.600085	-0.628770	1.911932	19.282652	5.370771
36.960000	82996720.000000	2.759243	0.600216	-0.628620	0.069391	19.082472	5.384637
36.991000	82996728.000000	2.759647	0.600663	-0.628547	2.946763	19.065781	5.590240
37.022000	82996728.000000	2.759437	0.600535	-0.628223	2.571388	19.035191	5.487146
37.038000	82996736.000000	2.759506	0.600524	-0.628244	2.911635	19.091070	5.487809
37.069000	82996736.000000	2.759419	0.600007	-0.628347	2.335546	19.146357	5.681092
37.084000	82996736.000000	2.759172	0.599729	-0.628261	1.893503	18.934982	5.899726
37.116000	82996744.000000	2.759090	0.599999	-0.628222	1.689906	19.040068	5.916421
37.147000	82996744.000000	2.759062	0.600250	-0.628239	1.559261	19.128099	5.891071
37.162000	82996752.000000	2.759329	0.600116	-0.628339	2.296627	19.126581	5.813964
37.194000	82996752.000000	2.759352	0.600361	-0.628602	3.707563	19.195904	5.619172
37.209000	82996752.000000	2.759458	0.600280	-0.628458	3.664007	19.178881	5.624038
37.240000	82996760.000000	2.759320	0.600300	-0.628524	3.300742	19.215670	5.563860
37.272000	82996760.000000	2.759489	0.600647	-0.628413	2.888573	19.076895	5.576705
37.287000	82996760.000000	2.759219	0.600680	-0.627995	3.405329	19.072992	5.230988
37.318000	82996768.000000	2.759304	0.600201	-0.628287	2.383517	19.149179	5.759653
37.334000	82996768.000000	2.759432	0.600254	-0.628256	2.629318	19.165148	5.627454
37.365000	82996768.000000	2.759328	0.600237	-0.628332	2.381512	19.127840	5.738041
37.396000	82996776.000000	2.759648	0.600216	-0.628235	2.893149	19.173283	5.500146
37.412000	82996776.000000	2.759369	0.600349	-0.628383	2.328989	19.138081	5.521394
37.443000	82996784.000000	2.759231	0.600281	-0.628381	2.233275	19.135267	5.602283
37.459000	82996784.000000	2.759423	0.600220	-0.628199	2.546327	19.198961	5.612357
37.490000	82996784.000000	2.759275	0.600606	-0.627920	3.503507	19.117739	5.237168
37.521000	82996792.000000	2.759376	0.600272	-0.628275	2.365800	19.145969	5.644670
37.537000	82996792.000000	2.759070	0.600579	-0.628415	0.541947	18.838160	5.369488
37.568000	82996800.000000	2.759335	0.600561	-0.627913	3.818742	19.145866	5.236921
37.584000	82996800.000000	2.759325	0.600266	-0.628214	2.537102	19.244059	5.433837
37.615000	82996800.000000	2.759708	0.600706	-0.628104	3.218381	19.100977	5.359791
37.646000	82996808.000000	2.759671	0.600686	-0.628096	3.164092	19.092072	5.366690
37.662000	82996808.000000	2.760035	0.600349	-0.628115	4.490149	19.293203	5.340135
37.693000	82996808.000000	2.759523	0.600901	-0.628241	2.814113	19.139238	5.325569
37.708000	82996816.000000	2.759678	0.600275	-0.628160	4.955109	19.374187	5.457749
37.740000	82996816.000000	2.759441	0.600876	-0.628016	2.919263	19.086271	5.399488
37.771000	82996816.000000	2.759496	0.600826	-0.628111	3.231783	19.127586	5.373961
37.786000	82996824.000000	2.759566	0.600967	-0.628105	3.431585	19.104511	5.371414
37.818000	82996824.000000	2.759491	0.600908	-0.627966	3.185556	19.117998	5.414544
37.833000	82996832.000000	2.759146	0.600959	-0.628340	-0.142119	18.908319	5.455379
37.864000	82996832.000000	2.759061	0.601161	-0.628369	0.275597	18.803829	5.458880
37.896000	82996832.000000	2.759437	0.601144	-0.628168	2.909495	18.982071	5.373904
37.911000	82996840.000000	2.759149	0.600817	-0.628274	0.231282	18.950495	5.468816
37.942000	82996840.000000	2.759140	0.600926	-0.628402	0.586913	18.855066	5.469321
37.958000	82996848.000000	2.759404	0.600456	-0.628026	2.045563	19.295031	5.625380
37.989000	82996848.000000	2.759349	0.600500	-0.628070	2.544061	19.332487	5.483272
38.020000	82996848.000000	2.759160	0.600511	-0.628063	1.582810	19.100744	5.700646
38.036000	82996856.000000	2.759300	0.600457	-0.628024	2.136525	19.311295	5.552923
38.067000	82996856.000000	2.759274	0.600816	-0.627805	3.501454	19.226427	5.295297
38.083000	82996856.000000	2.759532	0.600558	-0.628032	2.403155	19.274134	5.641060
38.114000	82996864.000000	2.759366	0.600473	-0.628081	2.077939	19.270788	5.659422
38.145000	82996864.000000	2.759470	0.600440	-0.628009	2.608000	19.319166	5.563249
38.161000	82996864.000000	2.759184	0.600951	-0.628367	0.660966	18.810406	5.503757
38.192000	82996872.000000	2.759249	0.600531	-0.628204	2.134070	19.255463	5.750584
38.208000	82996872.000000	2.759251	0.600552	-0.628144	1.875713	19.278040	5.754169
38.239000	82996880.000000	2.759367	0.600485	-0.628146	2.601696	19.243832	5.663406
38.270000	82996880.000000	2.759167	0.600980	-0.628387	0.714158	18.851236	5.455546
38.286000	82996880.000000	2.759129	0.600935	-0.628459	0.626727	18.820227	5.481476
38.317000	82996888.000000	2.759207	0.600534	-0.628247	2.101300	19.321407	5.587274
38.332000	82996888.000000	2.759087	0.600544	-0.628283	1.782418	19.288502	5.639531
38.364000	82996896.000000	2.759168	0.600447	-0.628238	2.192514	19.327362	5.619524
38.382000	82996896.000000	2.759062	0.600836	-0.628028	2.752739	19.165014	5.319542
38.428000	82996896.000000	2.759338	0.600393	-0.628301	2.418605	19.317633	5.674302
38.444000	82996896.000000	2.759338	0.600393	-0.628301	2.418605	19.317633	5.674302
38.460000	82996904.000000	2.759103	0.600818	-0.628914	0.308351	18.897995	5.432782
38.491000	82996904.000000	2.759001	0.600696	-0.629104	-0.313596	18.712801	5.380615
38.509000	82996912.000000	2.759224	0.599895	-0.628997	2.380626	18.911596	5.629930
38.556000	82996912.000000	2.758906	0.600592	-0.629623	0.164393	18.679907	5.421142
38.571000	82996912.000000	2.758906	0.600592	-0.629623	0.164393	18.679907	5.421142
38.587000	82996920.000000	2.759392	0.599964	-0.630090	1.777325	18.866085	5.700747
38.618000	82996920.000000	2.759555	0.599726	-0.630837	2.988124	19.211641	5.252501
38.634000	82996928.000000	2.759145	0.600101	-0.631346	1.315030	19.003191	5.724230
38.665000	82996928.000000	2.759624	0.600921	-0.632337	2.739844	18.708735	5.263548
38.696000	82996928.000000	2.759623	0.600045	-0.633073	3.212497	19.116762	5.364240
38.712000	82996936.000000	2.760370	0.600506	-0.634091	3.672932	19.354588	5.288026
38.743000	82996936.000000	2.759628	0.599999	-0.635044	1.043248	19.027153	5.521287
38.759000	82996944.000000	2.759826	0.599873	-0.636292	1.490265	18.980677	5.494073
38.790000	82996944.000000	2.759974	0.600319	-0.638414	1.194364	19.039957	5.509471
38.821000	82996944.000000	2.759775	0.600555	-0.640183	-0.720935	18.670712	5.067161
38.837000	82996952.000000	2.760550	0.600025	-0.641681	1.967882	18.932369	5.099333
38.868000	82996952.000000	2.761141	0.600006	-0.643551	2.591173	19.128983	5.190970
38.883000	82996952.000000	2.761845	0.599880	-0.645481	4.596849	19.539074	4.909215
38.915000	82996960.000000	2.761338	0.599867	-0.647373	2.177093	18.843487	5.246937
38.946000	82996960.000000	2.761499	0.599814	-0.649700	2.130088	19.416988	5.129324
38.961000	82996960.000000	2.761843	0.600081	-0.651960	2.115745	19.170652	5.243553
38.993000	82996968.000000	2.763330	0.599350	-0.654937	6.749373	19.022404	4.466791
39.008000	82996968.000000	2.762550	0.600196	-0.656181	2.740235	19.224377	4.721704
39.039000	82996976.000000	2.762937	0.599800	-0.658762	2.698966	19.160521	4.872227
39.071000	82996976.000000	2.763428	0.599722	-0.660920	4.185530	19.421543	4.777023
39.086000	82996976.000000	2.763424	0.600418	-0.663916	2.184272	18.613947	4.548779
39.117000	82996984.000000	2.763294	0.599832	-0.666211	2.517303	19.016317	4.949129
39.133000	82996984.000000	2.763592	0.600046	-0.669327	1.071445	18.995659	4.543180
39.164000	82996992.000000	2.763765	0.600657	-0.672690	0.708026	18.642235	4.744116
39.195000	82996992.000000	2.763589	0.599935	-0.675852	0.980743	19.039616	4.903244
39.211000	82996992.000000	2.763817	0.599806	-0.679383	2.182576	19.161182	5.467368
39.242000	82997000.000000	2.764461	0.599703	-0.683348	4.765448	19.065397	4.864473
39.258000	82997000.000000	2.763474	0.599921	-0.687832	1.969916	18.872225	5.208247
39.289000	82997000.000000	2.763424	0.599490	-0.691978	3.947102	19.011908	5.535051
39.320000	82997008.000000	2.763770	0.599996	-0.696558	2.416306	18.992676	5.596246
39.336000	82997008.000000	2.764015	0.600643	-0.701404	2.610021	18.548019	5.488962
39.367000	82997008.000000	2.764151	0.599408	-0.706679	3.987737	19.354607	5.184222
39.383000	82997016.000000	2.764458	0.600051	-0.711526	1.818631	19.112713	5.470444
39.414000	82997016.000000	2.764500	0.600618	-0.717049	3.109762	18.605152	5.499141
39.445000	82997024.000000	2.764774	0.599700	-0.722767	1.402604	18.629740	5.348398
39.461000	82997024.000000	2.765594	0.599663	-0.728062	2.298928	19.052160	5.317341
39.492000	82997024.000000	2.765568	0.599568	-0.733730	1.878572	18.739567	5.254232
39.507000	82997032.000000	2.765696	0.599874	-0.739337	2.841466	18.972290	5.312506
39.539000	82997032.000000	2.765134	0.599465	-0.745245	2.192389	19.086954	5.229140
39.570000	82997040.000000	2.763951	0.599633	-0.751568	0.023902	19.404337	5.619014
39.585000	82997040.000000	2.762558	0.599125	-0.756742	1.363972	19.248259	5.848361
39.617000	82997040.000000	2.761604	0.599063	-0.763238	1.702114	19.377066	6.070769
39.632000	82997048.000000	2.759805	0.599423	-0.769515	-0.658400	18.977854	6.208421
39.663000	82997048.000000	2.758566	0.599197	-0.776196	1.380863	19.258884	5.860661
39.695000	82997048.000000	2.756827	0.599285	-0.783284	2.213643	18.690355	6.012810
39.710000	82997056.000000	2.754977	0.599650	-0.790014	2.317902	18.978184	6.153831
39.741000	82997056.000000	2.753190	0.599375	-0.796965	1.955600	19.338074	6.196258
39.773000	82997056.000000	2.751163	0.599392	-0.804542	2.224611	19.298676	6.373731
39.788000	82997064.000000	2.749125	0.598624	-0.811539	2.221646	19.482777	6.929454
39.819000	82997064.000000	2.747776	0.599075	-0.819155	2.221820	19.052120	6.522342
39.835000	82997072.000000	2.745867	0.599757	-0.826482	2.669704	18.691786	6.769921
39.866000	82997072.000000	2.743723	0.598590	-0.833780	0.065600	19.271076	7.309380
39.897000	82997072.000000	2.742840	0.599323	-0.841746	1.041767	18.911444	6.816588
39.913000	82997080.000000	2.741598	0.599168	-0.849606	1.060763	19.045361	6.993862
39.944000	82997080.000000	2.740307	0.599032	-0.856799	0.947300	19.095036	7.464406
39.960000	82997088.000000	2.739367	0.599343	-0.865093	1.695099	18.806519	6.952851
39.991000	82997088.000000	2.738587	0.598228	-0.872727	2.045186	19.424007	7.120793
40.022000	82997088.000000	2.738044	0.599582	-0.881082	0.174385	18.482447	6.612415
40.038000	82997096.000000	2.737132	0.598931	-0.889017	1.111060	19.071520	6.554555
40.069000	82997096.000000	2.736685	0.598808	-0.896805	2.800091	18.755472	6.202782
40.085000	82997096.000000	2.736155	0.599411	-0.905436	-0.543782	18.631718	6.136240
40.116000	82997104.000000	2.735751	0.599133	-0.913665	1.777387	18.883360	6.103512
40.147000	82997104.000000	2.735589	0.598622	-0.922185	2.065023	18.630468	6.055017
40.163000	82997104.000000	2.735414	0.597796	-0.930843	1.422176	19.140072	6.293058
40.194000	82997112.000000	2.734696	0.599141	-0.939261	2.096740	18.882553	5.846348
40.209000	82997112.000000	2.734558	0.598526	-0.947774	2.400549	19.518093	5.963809
40.241000	82997120.000000	2.734057	0.597873	-0.956418	0.147395	19.307785	6.140056
40.272000	82997120.000000	2.733883	0.598635	-0.964885	0.894929	18.748276	5.464664
40.287000	82997120.000000	2.733889	0.598608	-0.973394	0.235120	18.814081	5.257037
40.319000	82997128.000000	2.733945	0.598586	-0.981889	1.907259	19.042439	5.312449
40.334000	82997128.000000	2.734817	0.597639	-0.990082	5.399669	19.430958	4.662386
40.365000	82997136.000000	2.733950	0.598432	-0.998655	1.001040	18.821157	5.024143
40.397000	82997136.000000	2.733969	0.597901	-1.007277	2.210513	19.072596	5.245871
40.412000	82997136.000000	2.734004	0.598449	-1.015473	-0.687367	19.151501	4.814569
40.443000	82997144.000000	2.733936	0.598524	-1.023399	0.785295	18.715622	4.729312
40.459000	82997144.000000	2.733783	0.598597	-1.031576	3.066475	18.499416	4.416816
40.490000	82997144.000000	2.733792	0.598290	-1.040010	0.637782	18.861124	4.542024
40.521000	82997152.000000	2.734395	0.598414	-1.048405	1.811537	18.749157	4.322219
40.537000	82997152.000000	2.735016	0.597468	-1.056958	4.168389	19.369061	4.756295
40.568000	82997152.000000	2.734385	0.598163	-1.064773	1.289647	18.925718	4.104084
40.584000	82997160.000000	2.734248	0.597480	-1.072890	0.687400	18.907055	4.555192
40.615000	82997160.000000	2.735167	0.598243	-1.081512	3.019432	19.268227	3.711119
40.646000	82997168.000000	2.734956	0.597845	-1.090019	3.319389	19.035540	3.833898
40.662000	82997168.000000	2.735096	0.597385	-1.098315	-0.088979	18.875372	3.784868
40.693000	82997168.000000	2.735492	0.597655	-1.107201	0.900294	18.764786	3.653528
40.709000	82997176.000000	2.735876	0.597554	-1.115759	2.466246	18.850338	3.618913
40.740000	82997176.000000	2.736107	0.598051	-1.124720	2.741409	19.194630	3.931200
40.771000	82997184.000000	2.736221	0.597210	-1.133675	1.139525	18.941433	3.791021
40.787000	82997184.000000	2.736262	0.597325	-1.142931	1.517810	19.038643	3.966964
40.818000	82997184.000000	2.736424	0.596929	-1.152741	-1.258808	19.855587	4.116809
40.833000	82997192.000000	2.737131	0.597270	-1.161875	2.107026	18.748827	4.089075
40.865000	82997192.000000	2.737146	0.597516	-1.172118	1.152642	19.092846	4.231104
40.896000	82997192.000000	2.737822	0.596821	-1.181503	2.928525	18.821680	4.120819
40.911000	82997200.000000	2.738208	0.597435	-1.191805	2.596315	18.506512	4.198737
40.943000	82997200.000000	2.738537	0.597050	-1.202236	0.790932	18.561306	4.276926
40.958000	82997200.000000	2.738811	0.597447	-1.212489	-0.563056	18.972912	4.475688
40.989000	82997208.000000	2.739623	0.596583	-1.223017	2.020369	18.943201	4.483694
41.021000	82997208.000000	2.740072	0.596877	-1.233382	1.096500	18.989580	4.502150
41.036000	82997216.000000	2.740345	0.597085	-1.243487	1.448805	18.923096	4.517055
41.067000	82997216.000000	2.741197	0.596608	-1.253991	2.781140	18.769112	4.498161
41.083000	82997216.000000	2.741351	0.596698	-1.264565	1.479625	18.638241	4.588518
41.114000	82997224.000000	2.741845	0.597079	-1.275018	0.772851	18.302534	4.471781
41.145000	82997224.000000	2.742634	0.596749	-1.285297	3.078165	18.933811	4.594840
41.161000	82997232.000000	2.743104	0.596514	-1.295827	1.650064	18.859612	4.724767
41.192000	82997232.000000	2.743494	0.596680	-1.306069	1.545462	18.717215	4.736427
41.208000	82997232.000000	2.743805	0.597073	-1.316403	1.534187	18.933695	4.788450
41.239000	82997240.000000	2.744112	0.596883	-1.327072	1.559834	18.655830	4.703270
41.270000	82997240.000000	2.744485	0.596895	-1.337510	2.323613	18.531990	4.713760
41.286000	82997240.000000	2.744830	0.596166	-1.347837	2.346297	18.698299	4.863708
41.317000	82997248.000000	2.745410	0.595936	-1.358219	1.686630	19.017315	4.958239
41.333000	82997248.000000	2.745675	0.597367	-1.368656	2.217766	18.845327	4.998744
41.364000	82997248.000000	2.746283	0.596297	-1.378215	3.258335	18.721249	4.727428
41.395000	82997256.000000	2.746688	0.596970	-1.389046	3.824229	18.524237	4.749906
41.411000	82997256.000000	2.747162	0.596365	-1.398950	4.319254	18.824055	4.686018
41.442000	82997264.000000	2.747466	0.596364	-1.409221	2.209055	18.587784	4.625960
41.457000	82997264.000000	2.747822	0.596450	-1.419131	2.610829	18.828106	4.713807
41.489000	82997264.000000	2.748511	0.595980	-1.429260	1.076104	18.972000	4.702957
41.520000	82997272.000000	2.749251	0.596080	-1.439426	4.521195	18.803867	4.528996
41.535000	82997272.000000	2.749800	0.596225	-1.449281	1.458879	18.714970	4.428711
41.567000	82997280.000000	2.750195	0.596583	-1.458668	2.428186	18.331438	4.354425
41.582000	82997280.000000	2.751268	0.595676	-1.468559	1.655289	18.885635	4.503926
41.613000	82997280.000000	2.751691	0.595970	-1.478275	1.663704	19.105888	4.412601
41.645000	82997288.000000	2.752419	0.595402	-1.488053	-0.325259	19.091610	4.287218
41.660000	82997288.000000	2.752824	0.594680	-1.497685	1.219172	18.651052	4.231470
41.691000	82997288.000000	2.753276	0.595891	-1.507208	2.463970	18.733412	4.045968
41.723000	82997296.000000	2.753752	0.596434	-1.516932	2.509285	18.621199	4.059072
41.738000	82997296.000000	2.754207	0.595693	-1.526636	1.771388	18.779236	3.876971
41.769000	82997296.000000	2.754720	0.595356	-1.536183	3.462680	18.792561	4.011797
41.785000	82997304.000000	2.755413	0.595416	-1.546213	1.675451	18.617496	3.867160
41.816000	82997304.000000	2.755694	0.595185	-1.555996	3.019740	18.905535	3.797329
41.847000	82997312.000000	2.756683	0.594366	-1.565679	3.632804	18.747213	3.614916
41.863000	82997312.000000	2.756844	0.594974	-1.575336	3.062262	18.822147	3.807042
41.894000	82997312.000000	2.757705	0.594800	-1.584879	3.357322	18.915840	3.829975
41.910000	82997320.000000	2.758104	0.595212	-1.595057	1.380949	18.271391	3.798557
41.941000	82997320.000000	2.758430	0.594421	-1.604554	0.591508	18.885445	4.010853
41.972000	82997328.000000	2.758626	0.594749	-1.613605	2.637304	18.711645	3.480883
41.988000	82997328.000000	2.758945	0.595357	-1.623363	-0.370318	18.602970	3.528640
42.019000	82997328.000000	2.759043	0.594384	-1.632255	3.423975	18.942299	3.466661
42.035000	82997336.000000	2.760037	0.594649	-1.641300	3.179655	18.703108	3.598974
42.053000	82997336.000000	2.760147	0.593777	-1.650888	3.771845	18.835972	3.576730
42.102000	82997336.000000	2.760015	0.594600	-1.660207	2.496993	18.319000	3.406579
42.118000	82997336.000000	2.760015	0.594600	-1.660207	2.496993	18.319000	3.406579
42.133000	82997344.000000	2.761137	0.594199	-1.677861	3.556177	18.966892	3.459598
42.164000	82997344.000000	2.760440	0.595121	-1.687314	1.461010	18.421604	3.566386
42.196000	82997352.000000	2.761108	0.593723	-1.696118	3.314189	18.692781	3.599867
42.211000	82997352.000000	2.761237	0.593207	-1.705113	1.900042	18.900440	3.747834
42.242000	82997360.000000	2.761308	0.593161	-1.714288	4.603934	18.758476	3.578548
42.258000	82997360.000000	2.761346	0.593092	-1.722629	2.951571	19.002024	3.569286
42.289000	82997360.000000	2.761725	0.593234	-1.731844	6.913492	19.619350	3.666576
42.320000	82997368.000000	2.761156	0.593428	-1.740505	1.758318	19.187531	3.765439
42.336000	82997368.000000	2.761464	0.592810	-1.749412	3.227710	19.522839	3.765193
42.367000	82997376.000000	2.761957	0.592663	-1.758049	4.370244	18.827400	3.359184
42.383000	82997376.000000	2.761706	0.593962	-1.766286	2.277521	18.532999	3.597786
42.414000	82997376.000000	2.762060	0.592945	-1.774958	1.641684	19.300819	3.706825
42.445000	82997384.000000	2.762114	0.592432	-1.783224	2.381685	18.822710	3.550153
42.461000	82997384.000000	2.762291	0.592596	-1.791957	2.654430	19.326241	3.715166
42.492000	82997384.000000	2.762309	0.592074	-1.799927	3.325542	18.718395	3.350377
42.508000	82997392.000000	2.762311	0.592711	-1.808450	2.853928	19.228701	3.571527
42.539000	82997392.000000	2.762149	0.592522	-1.816776	1.609095	18.596376	3.221001
42.570000	82997392.000000	2.762567	0.592850	-1.825431	3.058912	19.236843	3.472792
42.586000	82997400.000000	2.762814	0.592566	-1.834301	3.652139	18.939892	3.379510
42.617000	82997400.000000	2.762995	0.591897	-1.842786	3.364459	19.284313	3.406569
42.632000	82997408.000000	2.763259	0.591616	-1.851198	3.980443	19.532001	3.287359
42.664000	82997408.000000	2.763049	0.592008	-1.860567	2.497399	19.214956	3.424192
42.695000	82997408.000000	2.763673	0.591691	-1.869461	3.272405	19.236042	3.406334
42.710000	82997416.000000	2.763161	0.591859	-1.878640	2.025045	19.044199	3.453397
42.742000	82997416.000000	2.763347	0.591138	-1.887612	1.591171	18.792393	3.220502
42.757000	82997424.000000	2.763775	0.591900	-1.896798	4.455765	19.342575	3.269155
42.788000	82997424.000000	2.763827	0.592149	-1.906134	2.802705	18.970863	3.238675
42.820000	82997424.000000	2.764108	0.591194	-1.915473	2.425215	19.180391	3.275377
42.835000	82997432.000000	2.764298	0.591658	-1.924430	2.878660	19.223194	3.285433
42.866000	82997432.000000	2.764158	0.592366	-1.933779	3.751424	19.176960	3.142779
42.898000	82997432.000000	2.764133	0.592134	-1.942579	3.054448	18.796915	3.230721
42.913000	82997440.000000	2.764004	0.592056	-1.952523	2.145060	18.700550	3.220604
42.944000	82997440.000000	2.763918	0.591065	-1.961300	0.420746	18.672245	3.410919
42.960000	82997440.000000	2.764142	0.591907	-1.971281	1.051721	19.301968	3.381464
42.991000	82997448.000000	2.763786	0.591319	-1.980442	0.206971	19.069607	3.444534
43.022000	82997448.000000	2.764013	0.591447	-1.989844	1.865359	19.559765	3.438591
43.038000	82997456.000000	2.763642	0.590432	-1.998591	1.095235	19.030235	3.736471
43.069000	82997456.000000	2.763790	0.590749	-2.008179	2.125176	19.426434	3.208393
43.085000	82997456.000000	2.764398	0.590831	-2.017465	3.910230	19.128523	3.237303
43.116000	82997464.000000	2.763828	0.591055	-2.026728	0.279600	19.014881	3.532566
43.147000	82997464.000000	2.764025	0.590874	-2.036371	2.729855	19.101641	3.422377
43.163000	82997472.000000	2.764243	0.590069	-2.045644	0.714045	19.918417	3.588567
43.194000	82997472.000000	2.764456	0.590658	-2.054917	2.807325	19.583710	3.648137
43.210000	82997472.000000	2.764115	0.590739	-2.064071	1.755969	19.246637	3.542212
43.241000	82997480.000000	2.764318	0.590485	-2.073612	3.597618	19.560736	3.601448
43.272000	82997480.000000	2.764264	0.590474	-2.083323	1.475508	19.361626	3.627812
43.288000	82997480.000000	2.763944	0.590328	-2.092526	0.862087	19.710564	3.785344
43.319000	82997488.000000	2.764426	0.590464	-2.101963	2.859365	18.923595	3.565761
43.334000	82997488.000000	2.763840	0.590022	-2.111560	0.145373	19.632906	3.718266
43.366000	82997488.000000	2.764143	0.589362	-2.121108	2.170212	19.419909	3.673393
43.397000	82997496.000000	2.764385	0.589995	-2.130288	4.812182	19.208929	3.604461
43.412000	82997496.000000	2.763721	0.590108	-2.140067	-0.006702	19.194546	3.801913
43.444000	82997504.000000	2.763993	0.590334	-2.149450	2.628275	19.135342	3.581798
43.459000	82997504.000000	2.763599	0.589821	-2.159286	1.182834	19.289448	3.666550
43.490000	82997504.000000	2.764040	0.589244	-2.168839	2.106057	19.782034	3.856198
43.522000	82997512.000000	2.763693	0.589084	-2.178614	1.746573	19.588909	3.930691
43.537000	82997512.000000	2.763789	0.589622	-2.188737	1.750502	19.387121	3.893385
43.568000	82997520.000000	2.763980	0.590585	-2.198492	5.740793	19.537878	3.550384
43.584000	82997520.000000	2.763636	0.588786	-2.208808	0.495668	19.728506	3.793217
43.615000	82997520.000000	2.763937	0.589456	-2.219032	3.854073	20.221130	3.962217
43.646000	82997528.000000	2.764355	0.589016	-2.228560	5.028898	19.607590	4.094316
43.662000	82997528.000000	2.763753	0.588936	-2.238713	2.728547	19.711880	3.937455
43.693000	82997528.000000	2.763657	0.589760	-2.248800	5.848117	19.278654	3.524734
43.709000	82997536.000000	2.763329	0.589817	-2.259216	3.547978	19.677212	3.833124
43.740000	82997536.000000	2.763916	0.589087	-2.269442	3.758807	19.557051	3.977404
43.771000	82997536.000000	2.763471	0.588925	-2.279807	4.203886	19.348864	3.844714
43.787000	82997544.000000	2.763255	0.589078	-2.290020	3.281653	19.385908	3.861899
43.818000	82997544.000000	2.763289	0.588892	-2.300171	3.132287	20.153610	4.009477
43.834000	82997552.000000	2.763592	0.588593	-2.310050	4.520731	19.846111	4.059669
43.865000	82997552.000000	2.763569	0.588054	-2.319982	4.281000	20.044130	4.153973
43.896000	82997552.000000	2.763763	0.588892	-2.329438	2.906622	20.017233	4.259368
43.912000	82997560.000000	2.763609	0.588638	-2.339150	3.799658	20.186970	4.454895
43.943000	82997560.000000	2.764169	0.588584	-2.348449	5.181285	19.789412	4.304480
43.958000	82997568.000000	2.763877	0.588413	-2.357812	4.460138	20.147282	4.332542
43.990000	82997568.000000	2.764033	0.588289	-2.366968	3.347398	19.874723	4.293125
44.021000	82997568.000000	2.764142	0.588284	-2.376176	4.566978	20.009890	4.264383
44.036000	82997576.000000	2.764452	0.588284	-2.385318	4.216720	19.788500	4.416412
44.068000	82997576.000000	2.764041	0.588583	-2.394096	4.281414	20.346594	4.236320
44.083000	82997576.000000	2.764411	0.588392	-2.403163	4.342147	19.579224	4.205640
44.114000	82997584.000000	2.764602	0.587950	-2.411826	5.514546	20.545153	4.051237
44.146000	82997584.000000	2.764769	0.587943	-2.421177	4.197161	20.495211	4.415836
44.161000	82997584.000000	2.764619	0.587735	-2.430156	4.664020	20.636242	4.506101
44.192000	82997592.000000	2.764475	0.588423	-2.438915	4.100335	20.006027	4.217440
44.208000	82997592.000000	2.764592	0.588161	-2.447614	4.886436	20.619703	4.433327
44.239000	82997600.000000	2.764649	0.588266	-2.456602	4.762995	20.675707	4.335732
44.270000	82997600.000000	2.764582	0.588751	-2.465749	4.770463	20.027750	4.182481
44.286000	82997600.000000	2.764761	0.588024	-2.474651	2.763087	20.131426	4.262534
44.317000	82997608.000000	2.765282	0.588079	-2.483521	4.693490	20.819029	4.149077
44.333000	82997608.000000	2.765019	0.588321	-2.492674	3.308786	20.041708	4.186109
44.364000	82997616.000000	2.764852	0.588436	-2.501675	3.602741	20.122107	4.372323
44.395000	82997616.000000	2.765402	0.587729	-2.510796	4.950803	20.179356	4.272712
44.411000	82997616.000000	2.765761	0.588113	-2.519852	5.547811	20.317659	3.983637
44.442000	82997624.000000	2.765839	0.587995	-2.529204	5.304440	20.213682	4.258597
44.458000	82997624.000000	2.766293	0.587790	-2.538134	4.783766	20.522150	4.316233
44.489000	82997624.000000	2.766195	0.588070	-2.547587	4.120707	20.497744	4.331460
44.520000	82997632.000000	2.766474	0.589022	-2.557001	5.404299	20.155239	4.051147
44.536000	82997632.000000	2.766882	0.587779	-2.566305	5.712502	20.373739	4.265590
44.567000	82997632.000000	2.766883	0.588210	-2.575755	5.555027	20.408754	4.159872
44.582000	82997640.000000	2.766934	0.588333	-2.585294	5.730565	19.957329	4.250567
44.614000	82997640.000000	2.766898	0.587922	-2.595170	3.847250	19.902102	3.995965
44.645000	82997648.000000	2.767076	0.588056	-2.604812	4.144181	20.198679	4.074896
44.660000	82997648.000000	2.767329	0.588414	-2.614703	5.237367	20.482040	4.018451
44.692000	82997648.000000	2.767311	0.587995	-2.625010	3.966763	19.965298	4.128714
44.707000	82997656.000000	2.767592	0.588057	-2.635243	5.224990	19.934788	4.098217
44.738000	82997656.000000	2.767544	0.587916	-2.645334	3.337196	20.052294	4.296289
44.770000	82997664.000000	2.767853	0.587439	-2.655460	4.841669	20.088404	4.207941
44.785000	82997664.000000	2.768101	0.587221	-2.666257	5.343997	21.249949	4.979057
44.816000	82997664.000000	2.767650	0.588069	-2.676120	4.877793	20.287989	4.476104
44.848000	82997672.000000	2.767794	0.587479	-2.686323	6.221237	20.264433	4.193836
44.863000	82997672.000000	2.767422	0.588398	-2.696889	5.293970	20.365820	4.366330
44.894000	82997672.000000	2.767611	0.588104	-2.707247	5.552569	20.404371	4.410514
44.910000	82997680.000000	2.767708	0.587792	-2.717884	5.881308	20.370401	4.394159
44.941000	82997680.000000	2.767611	0.587842	-2.728141	5.487374	20.917900	4.477076
44.972000	82997680.000000	2.767843	0.587593	-2.739030	5.844263	20.503502	4.445457
44.988000	82997688.000000	2.767483	0.587980	-2.749574	4.054056	20.330469	4.554230
45.019000	82997688.000000	2.767382	0.588155	-2.760343	5.761019	19.971119	4.357570
45.035000	82997696.000000	2.767176	0.587825	-2.771090	5.572004	20.749292	4.815583
45.066000	82997696.000000	2.766949	0.588205	-2.782016	4.965281	20.144941	4.464765
45.097000	82997696.000000	2.767145	0.588175	-2.792750	7.200343	20.758703	4.520164
45.113000	82997704.000000	2.766853	0.588452	-2.803756	4.919178	20.146002	4.550622
45.144000	82997704.000000	2.766622	0.587916	-2.814745	5.034135	20.294283	4.668375
45.160000	82997712.000000	2.766618	0.588520	-2.825684	4.922812	20.299881	4.762664
45.191000	82997712.000000	2.766810	0.588423	-2.836431	5.712625	20.384098	4.646197
45.222000	82997712.000000	2.766542	0.587171	-2.847532	2.546900	21.032663	4.969450
45.238000	82997720.000000	2.766589	0.588349	-2.858075	4.206489	20.194906	4.701579
45.269000	82997720.000000	2.766385	0.588913	-2.868627	3.904615	20.060146	4.615036
45.284000	82997720.000000	2.766345	0.588336	-2.879369	4.300219	20.100107	4.793040
45.316000	82997728.000000	2.766113	0.588206	-2.889652	4.479441	20.386658	4.912064
45.347000	82997728.000000	2.766238	0.588117	-2.900299	4.148411	20.571451	4.979209
45.362000	82997728.000000	2.765701	0.588307	-2.910859	3.917928	20.115599	5.008152
45.394000	82997736.000000	2.765669	0.588338	-2.921454	3.393979	20.151485	5.057213
45.409000	82997736.000000	2.765246	0.588146	-2.932099	3.217993	20.152561	5.037527
45.440000	82997744.000000	2.765128	0.588104	-2.942877	2.922197	20.254288	4.969404
45.472000	82997744.000000	2.765078	0.588122	-2.953326	4.664456	20.256765	4.954499
45.487000	82997744.000000	2.765264	0.588309	-2.964042	5.287065	20.255108	5.101104
45.518000	82997752.000000	2.764976	0.587882	-2.974545	6.697646	20.303217	5.043077
45.534000	82997752.000000	2.764610	0.587822	-2.984992	3.481035	20.258505	5.129387
45.565000	82997760.000000	2.764567	0.588608	-2.995531	7.674029	20.000103	4.679060
45.596000	82997760.000000	2.764109	0.588940	-3.005956	4.326273	19.867149	4.978720
45.612000	82997760.000000	2.763906	0.588011	-3.016457	4.173139	20.151352	5.191780
45.643000	82997768.000000	2.763927	0.587760	-3.026664	4.918602	20.518852	5.138405
45.659000	82997768.000000	2.763952	0.588320	-3.036529	6.642457	20.848587	4.863297
45.690000	82997768.000000	2.763779	0.588408	-3.046540	7.362701	20.845501	5.073923
45.721000	82997776.000000	2.763617	0.587977	-3.056834	6.004238	20.668625	5.165069
45.737000	82997776.000000	2.763198	0.588256	-3.066820	5.188109	20.102907	5.141594
45.768000	82997776.000000	2.763111	0.588155	-3.076491	5.238337	20.384914	5.339825
45.784000	82997784.000000	2.762705	0.588162	-3.086151	5.119833	20.589483	5.387136
45.815000	82997784.000000	2.762523	0.588325	-3.095611	4.300315	20.658571	5.468163
45.846000	82997792.000000	2.762003	0.588057	-3.105273	3.395068	20.252495	5.390944
45.862000	82997792.000000	2.762223	0.587170	-3.115247	3.672435	21.524076	5.939423
45.893000	82997792.000000	2.762061	0.587242	-3.124520	4.620281	20.223606	5.599574
45.908000	82997800.000000	2.762361	0.587153	-3.133763	6.356081	20.749935	5.469429
45.940000	82997800.000000	2.761602	0.587453	-3.142783	4.203300	20.684816	5.649282
45.971000	82997808.000000	2.761871	0.587545	-3.152483	5.104125	20.440853	5.503478
45.986000	82997808.000000	2.761772	0.587502	-3.161649	5.760709	20.639402	5.567939
46.018000	82997808.000000	2.761698	0.587644	-3.170918	5.673134	20.971666	5.667639
46.033000	82997816.000000	2.761220	0.587565	-3.180230	5.004924	20.629730	5.570362
46.064000	82997816.000000	2.760793	0.587940	-3.188997	3.596318	21.090574	5.830119
46.096000	82997816.000000	2.760610	0.587452	-3.198307	3.947496	20.353907	5.675544
46.111000	82997824.000000	2.760713	0.587779	-3.207285	4.285142	20.871202	5.686673
46.142000	82997824.000000	2.760765	0.587788	-3.216303	6.332342	20.614170	5.506140
46.158000	82997824.000000	2.760573	0.587540	-3.225165	5.437310	21.499805	5.853307
46.189000	82997832.000000	2.760045	0.587929	-3.234242	5.157612	20.527378	5.634613
46.220000	82997832.000000	2.759850	0.587606	-3.243360	6.144658	20.804186	5.728206
46.236000	82997840.000000	2.759957	0.587972	-3.252423	7.436510	20.841303	5.609233
46.267000	82997840.000000	2.759362	0.587372	-3.261442	5.900113	21.412050	5.865229
46.283000	82997840.000000	2.759659	0.587527	-3.270747	5.587336	20.508383	5.612566
46.314000	82997848.000000	2.758982	0.587604	-3.280032	3.627114	20.404840	5.876435
46.345000	82997848.000000	2.759252	0.587330	-3.289452	5.314829	20.419796	5.659764
46.348000	82997856.000000	2.758583	0.588065	-3.298487	6.518227	20.179398	5.707864
46.397000	82997856.000000	2.758965	0.587187	-3.308160	5.808252	20.613111	5.712533
46.413000	82997856.000000	2.758527	0.587297	-3.317478	4.324237	20.550856	5.831303
46.444000	82997864.000000	2.758342	0.587574	-3.326781	3.679261	20.110909	5.616291
46.459000	82997864.000000	2.758677	0.587545	-3.336043	5.832821	20.307222	5.392708
46.491000	82997864.000000	2.758491	0.587219	-3.345181	5.344631	20.774158	5.671133
46.522000	82997872.000000	2.758548	0.587239	-3.354637	6.335874	20.934944	5.651064
46.537000	82997872.000000	2.758583	0.587463	-3.363783	7.290430	20.989260	5.511966
46.569000	82997872.000000	2.758471	0.587401	-3.373416	6.464995	20.429312	5.458216
46.584000	82997880.000000	2.758134	0.587263	-3.382627	5.795269	20.695652	5.685327
46.615000	82997880.000000	2.757843	0.587267	-3.392289	5.017718	20.075588	5.500777
46.647000	82997888.000000	2.757417	0.587113	-3.401482	4.982035	20.851181	5.774564
46.662000	82997888.000000	2.757082	0.587573	-3.410842	3.451360	20.458458	5.617951
46.693000	82997888.000000	2.757250	0.587064	-3.420337	5.165785	20.556526	5.767510
46.709000	82997896.000000	2.757094	0.587625	-3.429277	5.027807	20.714851	5.707233
46.740000	82997896.000000	2.756545	0.586011	-3.438946	3.518399	21.541138	5.985851
46.771000	82997904.000000	2.756845	0.586746	-3.447917	3.688321	20.909290	6.030297
46.787000	82997904.000000	2.756834	0.587867	-3.456578	8.520673	20.973333	5.360190
46.818000	82997904.000000	2.756724	0.587034	-3.466062	5.394035	20.726624	5.792432
46.834000	82997912.000000	2.756397	0.586271	-3.475690	2.794734	21.620396	6.240756
46.865000	82997912.000000	2.756335	0.587247	-3.484569	0.845126	20.696976	6.286898
46.896000	82997912.000000	2.755888	0.586538	-3.493719	4.139004	21.287565	6.029227
46.912000	82997920.000000	2.755900	0.587035	-3.502755	5.926087	21.082216	5.752512
46.943000	82997920.000000	2.755462	0.586132	-3.512381	5.660951	21.510197	6.176621
46.959000	82997920.000000	2.755671	0.586309	-3.521421	5.685679	21.139383	5.928849
46.990000	82997928.000000	2.755160	0.587288	-3.530782	5.604828	20.594669	5.882416
47.021000	82997928.000000	2.754757	0.587479	-3.539802	3.732902	20.583729	5.904009
47.037000	82997936.000000	2.754833	0.586887	-3.549017	4.728244	20.443695	5.916425
47.068000	82997936.000000	2.754613	0.586519	-3.558231	6.267560	20.608805	5.874669
47.083000	82997936.000000	2.754121	0.586340	-3.568034	0.904802	20.801970	6.187387
47.115000	82997944.000000	2.754032	0.586728	-3.576628	5.289572	20.720142	6.069633
47.146000	82997944.000000	2.754176	0.586643	-3.586523	5.521895	19.933514	5.680394
47.161000	82997952.000000	2.754171	0.586562	-3.595716	6.358608	20.503141	6.001302
47.193000	82997952.000000	2.753893	0.586884	-3.604662	6.657494	20.832918	5.957006
47.208000	82997952.000000	2.753603	0.585688	-3.614523	4.344255	21.833012	6.479639
47.239000	82997960.000000	2.753537	0.586492	-3.623536	6.518273	21.395914	6.214715
47.271000	82997960.000000	2.753639	0.585483	-3.633540	6.493928	22.196121	6.289778
47.286000	82997960.000000	2.753103	0.586548	-3.641803	6.184244	20.116346	5.854296
47.317000	82997968.000000	2.753181	0.586064	-3.651444	6.949316	21.307182	6.132277
47.333000	82997968.000000	2.752508	0.586903	-3.659859	4.267442	19.833212	5.805370
47.364000	82997968.000000	2.752415	0.586626	-3.669303	2.682487	20.893057	6.209034
47.395000	82997976.000000	2.752005	0.586324	-3.678674	4.387259	21.139963	6.285478
47.411000	82997976.000000	2.752646	0.586614	-3.687555	8.610139	21.221977	5.944618
47.442000	82997984.000000	2.751367	0.588287	-3.696288	3.506292	19.872118	6.013994
47.458000	82997984.000000	2.752028	0.586774	-3.705334	8.959805	21.140995	5.923254
47.489000	82997984.000000	2.751264	0.586820	-3.713832	6.815850	20.205788	5.699762
47.520000	82997992.000000	2.751912	0.585580	-3.723660	6.345476	21.833853	6.257113
47.536000	82997992.000000	2.751822	0.586356	-3.732165	8.393347	21.090176	5.861570
47.567000	82998000.000000	2.751603	0.586024	-3.741056	5.638946	20.673075	6.106786
47.583000	82998000.000000	2.750986	0.586704	-3.749409	5.972084	20.290943	5.934830
47.614000	82998000.000000	2.750971	0.586327	-3.759123	3.981149	21.235241	6.459231
47.645000	82998008.000000	2.750458	0.586850	-3.767681	4.249018	20.160955	6.041702
47.661000	82998008.000000	2.751139	0.585341	-3.776990	7.295860	21.729769	6.421188
47.692000	82998008.000000	2.751092	0.586368	-3.785623	5.900787	20.207798	5.864699
47.707000	82998016.000000	2.750782	0.586492	-3.794584	3.559093	20.417105	6.127720
47.739000	82998016.000000	2.751058	0.586138	-3.803645	6.075357	20.098999	6.040771
47.770000	82998016.000000	2.750393	0.586974	-3.812107	6.255706	20.122471	5.792718
47.785000	82998024.000000	2.751089	0.586316	-3.821602	7.464754	20.028149	5.914404
47.817000	82998024.000000	2.750880	0.585952	-3.831084	5.833660	20.134546	5.845455
47.832000	82998032.000000	2.750929	0.586117	-3.840032	6.034257	20.230406	5.933175
47.863000	82998032.000000	2.750715	0.586053	-3.849474	5.510304	20.036215	5.892080
47.895000	82998032.000000	2.750513	0.586244	-3.858627	5.313968	20.322102	6.016457
47.910000	82998040.000000	2.750510	0.586551	-3.868156	7.142348	20.411549	6.022745
47.941000	82998040.000000	2.750206	0.586676	-3.877293	5.104401	20.395649	6.013499
47.973000	82998048.000000	2.750548	0.586273	-3.886810	7.713793	20.207973	5.936238
47.988000	82998048.000000	2.750114	0.586138	-3.896551	5.337612	19.863804	5.898362
48.019000	82998048.000000	2.750355	0.585412	-3.906077	3.440364	20.061371	6.088679
48.035000	82998056.000000	2.750376	0.585638	-3.915405	9.234466	21.878786	6.127546
48.066000	82998056.000000	2.750262	0.586034	-3.925035	6.391613	20.625288	6.047206
48.097000	82998056.000000	2.750039	0.585881	-3.934891	5.547899	20.256371	6.064246
48.113000	82998064.000000	2.750226	0.585893	-3.944654	6.264101	20.061373	5.761040
48.144000	82998064.000000	2.749729	0.586880	-3.954087	5.391032	20.402954	5.916352
48.160000	82998064.000000	2.749866	0.586582	-3.964190	5.241303	20.540409	6.040116
48.191000	82998072.000000	2.749617	0.586827	-3.974066	4.820125	20.019779	6.120109
48.222000	82998072.000000	2.749700	0.586242	-3.984213	4.848521	20.268240	5.869916
48.238000	82998080.000000	2.749490	0.586639	-3.994336	4.971923	20.127068	5.960540
48.269000	82998080.000000	2.749965	0.586301	-4.005060	5.819909	20.731638	6.169419
48.285000	82998080.000000	2.750077	0.585858	-4.015324	5.854139	20.672037	6.135936
48.316000	82998088.000000	2.749802	0.585536	-4.025628	4.398248	20.906025	6.113955
48.347000	82998088.000000	2.749811	0.586726	-4.035863	5.816229	21.030083	6.134189
48.363000	82998096.000000	2.749805	0.586265	-4.046379	5.378855	20.803654	6.072860
48.394000	82998096.000000	2.749908	0.586107	-4.056899	6.069403	20.849714	5.977467
48.409000	82998096.000000	2.749527	0.585690	-4.067155	5.250873	20.876020	6.072614
48.441000	82998104.000000	2.749955	0.586559	-4.077493	5.628718	20.821678	6.015327
48.472000	82998104.000000	2.749709	0.586500	-4.087612	4.756669	20.799543	6.047617
48.487000	82998104.000000	2.750040	0.586219	-4.098001	7.044578	20.778290	5.776605
48.519000	82998112.000000	2.749704	0.586261	-4.108392	5.007675	20.750095	6.180388
48.534000	82998112.000000	2.749743	0.585855	-4.118160	5.542836	20.892324	6.036295
48.565000	82998112.000000	2.750158	0.586160	-4.128473	7.278495	21.192787	5.962815
48.597000	82998120.000000	2.750185	0.586174	-4.138284	8.143552	21.230497	5.995365
48.612000	82998120.000000	2.749938	0.586294	-4.148109	5.884775	20.964651	6.121430
48.643000	82998128.000000	2.750302	0.586313	-4.157689	6.640392	21.160652	5.969107
48.659000	82998128.000000	2.750412	0.585478	-4.167625	7.985522	20.889536	6.000147
48.690000	82998128.000000	2.750116	0.586048	-4.177018	6.782349	21.318129	5.872739
48.721000	82998136.000000	2.749955	0.585427	-4.186799	9.402679	21.246981	5.706933
48.737000	82998136.000000	2.750010	0.585439	-4.196163	4.809741	21.343166	5.989217
48.768000	82998144.000000	2.749969	0.586031	-4.205273	8.634629	20.783190	5.889549
48.784000	82998144.000000	2.749751	0.586026	-4.214674	4.266349	20.968332	6.194134
48.815000	82998144.000000	2.750320	0.586163	-4.224003	6.978676	20.785728	5.950253
48.846000	82998152.000000	2.750532	0.585804	-4.233609	6.527994	20.883532	5.960314
48.862000	82998152.000000	2.750465	0.586326	-4.242825	6.532602	21.115610	5.863932
48.893000	82998152.000000	2.750241	0.586014	-4.252122	6.576343	21.018032	5.970009
48.909000	82998160.000000	2.750068	0.586312	-4.261525	3.631130	20.819834	6.057578
48.940000	82998160.000000	2.750436	0.585834	-4.270810	6.878432	20.623407	5.996328
48.971000	82998160.000000	2.750506	0.586431	-4.279755	7.743712	21.213823	5.771232
48.987000	82998168.000000	2.750679	0.586192	-4.289186	7.344195	21.038046	5.946884
49.018000	82998168.000000	2.750265	0.586415	-4.297903	2.832834	20.933216	6.124251
49.033000	82998176.000000	2.750403	0.586902	-4.306874	5.089538	20.987059	5.993029
49.065000	82998176.000000	2.751022	0.586249	-4.315895	8.356573	21.159569	5.861505
49.096000	82998176.000000	2.750144	0.586558	-4.324364	4.418527	20.754362	6.136101
49.111000	82998184.000000	2.750623	0.587461	-4.333049	6.764495	20.703766	5.782820
49.143000	82998184.000000	2.750518	0.586796	-4.342194	4.500091	21.122276	6.069404
49.158000	82998192.000000	2.750887	0.586656	-4.351097	5.255230	21.242441	6.058953
49.189000	82998192.000000	2.750528	0.587073	-4.359593	3.245171	20.526686	6.018595
49.221000	82998192.000000	2.750824	0.586262	-4.368349	6.227607	21.060452	6.109334
49.236000	82998200.000000	2.750500	0.586538	-4.376838	4.299251	20.503040	5.929020
49.267000	82998200.000000	2.750585	0.587258	-4.385545	4.590819	21.028749	6.000605
49.283000	82998200.000000	2.751028	0.586468	-4.394304	6.554320	21.201715	6.029880
49.314000	82998208.000000	2.750654	0.586831	-4.403036	3.788529	20.874632	6.203567
49.345000	82998208.000000	2.750822	0.586729	-4.411062	5.336325	20.866848	6.155329
49.361000	82998208.000000	2.751063	0.586926	-4.419839	4.924628	20.760578	6.130877
49.392000	82998216.000000	2.751107	0.587073	-4.428064	3.131069	20.652592	6.189977
49.408000	82998216.000000	2.750761	0.587115	-4.436150	4.241294	21.166035	6.375170
49.439000	82998224.000000	2.751252	0.587754	-4.444050	5.422489	21.021881	5.948926
49.470000	82998224.000000	2.751224	0.586758	-4.452344	4.584706	21.042692	6.258950
49.486000	82998224.000000	2.751754	0.587098	-4.459774	5.687472	21.535044	6.110065
49.517000	82998232.000000	2.751282	0.587114	-4.467948	7.157605	21.052774	6.143653
49.533000	82998232.000000	2.751356	0.587035	-4.476194	4.415660	21.159813	6.144762
49.564000	82998240.000000	2.751217	0.586594	-4.483734	5.801902	21.395430	6.140208
49.595000	82998240.000000	2.751771	0.586633	-4.492023	6.899825	21.071390	5.939509
49.611000	82998240.000000	2.751212	0.586765	-4.499882	4.214960	20.987572	6.312730
49.642000	82998248.000000	2.751384	0.587079	-4.507378	4.584009	20.864325	6.145842
49.657000	82998248.000000	2.751845	0.586995	-4.515028	5.324563	21.869745	6.292852
49.689000	82998248.000000	2.751599	0.587443	-4.522827	6.097089	21.308311	5.923323
49.720000	82998256.000000	2.751531	0.587729	-4.530626	5.648662	21.681324	6.190954
49.735000	82998256.000000	2.751569	0.587043	-4.538514	3.997990	21.121910	6.126083
49.767000	82998256.000000	2.751793	0.586829	-4.546448	4.299193	21.037733	6.176440
49.782000	82998264.000000	2.751932	0.587490	-4.554041	7.036712	21.297518	5.946604
49.800000	82998264.000000	2.751984	0.587088	-4.562105	6.144906	21.115826	6.067543
49.847000	82998272.000000	2.751936	0.587004	-4.569692	4.910524	20.888496	6.059066
49.863000	82998272.000000	2.752481	0.587537	-4.577294	7.276685	21.048223	6.351720
49.894000	82998272.000000	2.752243	0.587329	-4.585022	5.798747	21.225775	6.076758
49.909000	82998280.000000	2.752601	0.587252	-4.593056	6.696674	21.392349	6.078502
49.941000	82998280.000000	2.752464	0.587560	-4.600369	6.353472	20.878847	6.203057
49.972000	82998288.000000	2.752727	0.586047	-4.608514	3.256026	20.723476	6.193848
49.987000	82998288.000000	2.752275	0.586610	-4.615499	5.081120	21.135616	6.157787
50.019000	82998288.000000	2.752087	0.587326	-4.622590	6.244849	21.720411	6.316938
50.034000	82998296.000000	2.752283	0.586820	-4.629670	9.425995	21.384468	5.938089
50.065000	82998296.000000	2.751988	0.586860	-4.636445	6.089343	21.134256	5.919952
50.097000	82998296.000000	2.751680	0.587400	-4.643420	5.510118	21.552881	6.294429
50.112000	82998304.000000	2.751890	0.586735	-4.650047	4.312302	21.116137	5.862305
50.143000	82998304.000000	2.752086	0.586432	-4.657184	4.417569	20.862288	5.982726
50.146000	82998304.000000	2.751884	0.587367	-4.663447	6.655990	21.318064	5.911954
50.195000	82998312.000000	2.751949	0.587232	-4.670244	4.502554	21.759855	6.203659
50.211000	82998312.000000	2.751639	0.587252	-4.677095	4.039134	20.979664	6.269843
50.242000	82998320.000000	2.751670	0.587382	-4.683901	3.096836	21.202572	6.273500
50.258000	82998320.000000	2.751569	0.587080	-4.690127	5.664436	21.374084	5.931867
50.289000	82998320.000000	2.751041	0.587317	-4.696490	6.364815	21.585752	5.956573
50.320000	82998328.000000	2.751129	0.587210	-4.702766	6.912700	21.253860	6.136356
50.336000	82998328.000000	2.751017	0.586034	-4.709571	5.283669	20.896826	6.117600
50.367000	82998336.000000	2.751662	0.585774	-4.715950	7.456158	21.046848	6.128491
50.382000	82998336.000000	2.750958	0.586267	-4.721444	6.122466	20.813950	5.882989
50.414000	82998336.000000	2.751107	0.586522	-4.727098	7.492619	20.944473	6.144853
50.445000	82998344.000000	2.750882	0.587067	-4.732956	7.520592	21.537403	6.203610
50.460000	82998344.000000	2.750126	0.586980	-4.738412	4.567629	21.598293	6.386193
50.492000	82998344.000000	2.750950	0.586671	-4.743519	7.316540	21.751686	5.990465
50.507000	82998352.000000	2.751060	0.586503	-4.748397	6.594998	21.233866	6.071605
50.538000	82998352.000000	2.751611	0.585832	-4.752665	9.101120	21.938522	5.970626
50.570000	82998352.000000	2.750567	0.586871	-4.756231	3.651711	20.970213	5.912850
50.585000	82998360.000000	2.751001	0.586295	-4.759683	5.854396	21.267479	6.110256
50.616000	82998360.000000	2.750235	0.587036	-4.762268	3.323164	21.250074	5.953363
50.648000	82998368.000000	2.751225	0.587036	-4.764808	13.445700	21.769049	5.699269
50.663000	82998368.000000	2.750469	0.585635	-4.767305	4.261226	20.946112	5.918277
50.694000	82998368.000000	2.749669	0.587738	-4.768081	2.007086	21.104733	5.951841
50.710000	82998376.000000	2.752150	0.585950	-4.770368	11.068642	21.822702	5.583429
50.741000	82998376.000000	2.750672	0.588717	-4.769710	12.050197	22.203459	6.256557
50.772000	82998384.000000	2.752291	0.586112	-4.771379	15.260051	21.915934	5.339295
50.788000	82998384.000000	2.752029	0.586598	-4.770910	17.919226	21.967445	5.439079
50.819000	82998384.000000	2.751564	0.587346	-4.770290	16.310593	21.780739	5.405712
50.835000	82998392.000000	2.751534	0.586534	-4.770070	13.761381	21.990252	5.636596
50.853000	82998392.000000	2.750713	0.587248	-4.769273	8.996112	21.544992	5.807477
50.900000	82998392.000000	2.751339	0.587673	-4.769110	13.341711	21.865553	5.709152
50.915000	82998392.000000	2.751339	0.587673	-4.769110	13.341711	21.865553	5.709152
50.947000	82998400.000000	2.748294	0.590176	-4.767152	2.737997	19.847099	5.164574
50.962000	82998400.000000	2.748104	0.590148	-4.767523	1.828045	20.160528	5.529008
50.993000	82998408.000000	2.749946	0.590029	-4.767200	1.242195	21.575838	6.214519
51.009000	82998408.000000	2.748941	0.592571	-4.767734	8.085138	21.259792	6.783618
51.040000	82998416.000000	2.750176	0.589462	-4.768040	13.704024	22.646269	6.146821
51.071000	82998416.000000	2.749102	0.590968	-4.767720	9.867659	22.468445	6.692353
51.087000	82998416.000000	2.749163	0.591733	-4.767607	11.461830	22.393257	6.775306
51.118000	82998424.000000	2.747768	0.590529	-4.768741	7.806992	22.710112	6.332724
51.134000	82998424.000000	2.749601	0.590361	-4.768764	8.073752	22.847994	6.645223
51.165000	82998432.000000	2.749741	0.592220	-4.767923	14.761496	22.659527	7.006278
51.196000	82998432.000000	2.750479	0.589289	-4.768714	6.103158	22.721218	6.843058
51.212000	82998432.000000	2.749881	0.590480	-4.768751	7.302460	22.572660	7.482685
51.243000	82998440.000000	2.749938	0.591571	-4.768200	14.872705	22.964077	6.858141
51.259000	82998440.000000	2.749868	0.589919	-4.768543	10.691682	22.800224	6.339658
51.290000	82998440.000000	2.749988	0.589897	-4.768544	10.530768	22.794186	6.364520
51.321000	82998448.000000	2.749855	0.591483	-4.767825	13.707305	23.001738	6.559581
51.337000	82998448.000000	2.749937	0.590979	-4.768084	12.289346	23.187611	6.735001
51.368000	82998448.000000	2.750079	0.589626	-4.768520	10.041441	22.666826	6.677904
51.383000	82998456.000000	2.749871	0.591254	-4.768074	13.054258	23.090837	6.581995
51.415000	82998456.000000	2.749938	0.591043	-4.768083	12.549011	23.080540	6.746111
51.446000	82998464.000000	2.749958	0.589881	-4.768448	10.614719	22.776102	6.465181
51.461000	82998464.000000	2.749961	0.590928	-4.768033	12.372685	23.080296	6.696744
51.493000	82998464.000000	2.750022	0.589676	-4.768641	10.769505	22.569132	6.654398
51.508000	82998472.000000	2.750220	0.589679	-4.768613	13.060600	22.393755	6.485962
51.539000	82998472.000000	2.749965	0.590039	-4.768397	11.010618	22.853840	6.375337
51.571000	82998480.000000	2.749913	0.590016	-4.768432	10.842482	22.877348	6.385966
51.586000	82998480.000000	2.749805	0.589725	-4.768738	10.652060	22.651829	6.568160
51.617000	82998480.000000	2.749941	0.591113	-4.768098	12.600926	23.134956	6.684920
51.633000	82998488.000000	2.750430	0.589401	-4.768913	5.524716	22.851032	6.902296
51.664000	82998488.000000	2.750137	0.589779	-4.768610	10.263333	22.941513	6.453852
51.695000	82998488.000000	2.750124	0.589830	-4.768674	10.420231	22.908154	6.418355
51.711000	82998496.000000	2.749689	0.590145	-4.769449	6.808542	22.911695	7.260298
51.742000	82998496.000000	2.749529	0.589876	-4.769382	5.336227	22.717131	6.403097
51.745000	82998496.000000	2.750209	0.590704	-4.768765	9.560634	22.606255	8.127227
51.794000	82998504.000000	2.751072	0.588258	-4.770007	11.133639	22.934990	7.246923
51.810000	82998504.000000	2.751117	0.588241	-4.769979	11.164703	22.883972	7.220497
51.841000	82998512.000000	2.751233	0.589507	-4.769698	14.350563	23.020615	7.662342
51.872000	82998512.000000	2.750859	0.589688	-4.768788	15.535453	22.579521	6.320688
51.888000	82998512.000000	2.750757	0.591075	-4.768241	19.115536	22.382734	6.408126
51.919000	82998520.000000	2.750721	0.588204	-4.769767	8.058429	23.084518	7.374646
51.934000	82998520.000000	2.750205	0.587925	-4.770711	7.636923	23.695200	7.488323
51.966000	82998528.000000	2.750741	0.586621	-4.770542	6.058270	23.650103	7.172382
51.997000	82998528.000000	2.750741	0.586667	-4.770744	7.087762	23.586559	7.530017
52.012000	82998528.000000	2.751414	0.588906	-4.769595	15.508327	22.266104	7.152785
52.044000	82998536.000000	2.750787	0.589046	-4.769077	11.284734	22.204529	6.540077
52.059000	82998536.000000	2.750793	0.589734	-4.769613	14.044515	22.837261	7.582783
52.090000	82998536.000000	2.751290	0.589460	-4.769789	14.543340	23.093960	7.572664
52.122000	82998544.000000	2.750622	0.588658	-4.769295	9.368323	22.241133	6.649785
52.137000	82998544.000000	2.750982	0.588721	-4.769346	11.152001	22.591555	6.631749
52.168000	82998544.000000	2.750932	0.588692	-4.769347	10.954343	22.673609	6.643585
52.184000	82998552.000000	2.750924	0.588792	-4.769206	11.465663	22.701042	6.582108
52.215000	82998552.000000	2.749031	0.589000	-4.768998	6.466382	22.914234	6.528978
52.246000	82998560.000000	2.748440	0.590787	-4.768784	14.565470	22.088795	5.909906
52.262000	82998560.000000	2.747612	0.589374	-4.769072	8.185876	22.705008	5.791789
52.293000	82998560.000000	2.747509	0.589583	-4.769065	6.967774	22.630314	5.767070
52.309000	82998568.000000	2.747358	0.589803	-4.769017	5.791032	22.524218	5.879228
52.340000	82998568.000000	2.747754	0.589097	-4.769135	4.939416	22.413471	5.607978
52.371000	82998576.000000	2.746966	0.589656	-4.768885	1.093863	22.617571	6.235560
52.387000	82998576.000000	2.747417	0.589129	-4.769065	2.044670	22.477493	5.928107
52.418000	82998576.000000	2.747101	0.589095	-4.769166	3.129403	22.286179	5.976786
52.434000	82998584.000000	2.746804	0.589316	-4.769192	1.994811	22.551390	6.159648
52.465000	82998584.000000	2.746953	0.589162	-4.769072	3.198321	22.365009	6.089890
52.496000	82998584.000000	2.747482	0.589334	-4.769004	3.492533	22.304871	5.845269
52.512000	82998592.000000	2.747975	0.588746	-4.769288	5.791685	22.016838	5.666003
52.543000	82998592.000000	2.747519	0.588807	-4.769494	6.446817	21.807501	5.583716
52.558000	82998592.000000	2.747489	0.588642	-4.769101	8.074770	22.552734	5.496373
52.590000	82998600.000000	2.747887	0.588767	-4.769205	5.073401	22.048424	5.497389
52.621000	82998600.000000	2.748096	0.588662	-4.769204	6.368971	22.223927	5.407994
52.636000	82998608.000000	2.748099	0.588927	-4.769095	6.658429	22.227657	5.411676
52.668000	82998608.000000	2.747849	0.589077	-4.769203	5.636965	22.025541	5.500199
52.683000	82998608.000000	2.747773	0.588878	-4.769179	6.369297	22.797308	5.879653
52.714000	82998616.000000	2.747361	0.589716	-4.769149	5.012174	22.426514	5.642610
52.746000	82998616.000000	2.745985	0.589220	-4.769253	1.991867	21.923765	5.349513
52.761000	82998624.000000	2.745833	0.588272	-4.769419	3.959108	21.461714	4.585323
52.792000	82998624.000000	2.746084	0.588926	-4.769385	4.028161	21.869701	5.258678
52.808000	82998624.000000	2.746380	0.589604	-4.769250	4.943771	21.905064	5.107123
52.839000	82998632.000000	2.746099	0.588920	-4.769415	3.894794	21.889156	5.105774
52.870000	82998632.000000	2.746072	0.588170	-4.769549	4.204096	21.430374	4.719959
52.886000	82998632.000000	2.745971	0.588911	-4.769529	3.947246	21.894781	5.053199
52.917000	82998640.000000	2.746552	0.589096	-4.769095	5.825378	21.902988	5.046309
52.933000	82998640.000000	2.745682	0.589475	-4.769135	1.840998	21.931328	5.166564
52.964000	82998640.000000	2.746483	0.589073	-4.769372	5.780359	21.908201	5.062209
52.982000	82998648.000000	2.746127	0.588007	-4.769564	4.147764	21.441298	4.706759
53.029000	82998648.000000	2.746514	0.589029	-4.769336	5.895426	21.940580	5.047916
53.044000	82998648.000000	2.746514	0.589029	-4.769336	5.895426	21.940580	5.047916
53.060000	82998656.000000	2.745801	0.589460	-4.769038	1.641713	21.920893	5.268347
53.091000	82998656.000000	2.746688	0.589577	-4.769129	6.223660	21.995577	4.734961
53.122000	82998664.000000	2.746674	0.589433	-4.769439	5.494455	21.921089	4.870941
53.138000	82998664.000000	2.746711	0.589524	-4.768516	6.770557	21.896736	4.943697
53.169000	82998672.000000	2.746606	0.588270	-4.769524	5.187635	22.143425	5.095189
53.185000	82998672.000000	2.746561	0.589016	-4.769362	6.103135	21.958433	4.929589
53.216000	82998672.000000	2.746704	0.589493	-4.769358	5.936522	21.810469	4.944713
53.247000	82998680.000000	2.746599	0.588856	-4.769353	5.561548	21.897181	5.285471
53.263000	82998680.000000	2.746680	0.589518	-4.769321	5.835587	21.797699	4.966356
53.294000	82998680.000000	2.746494	0.588682	-4.769442	5.445580	21.893688	5.277262
53.310000	82998688.000000	2.746675	0.589484	-4.769372	5.798389	21.805815	4.946210
53.341000	82998688.000000	2.746521	0.588859	-4.769550	5.074896	21.915314	4.818098
53.372000	82998688.000000	2.746800	0.589311	-4.768737	6.599952	21.942696	4.959623
53.388000	82998696.000000	2.746711	0.589513	-4.768891	6.485548	21.859264	4.988111
53.406000	82998696.000000	2.746711	0.589368	-4.769088	6.218602	21.820719	4.965852
53.453000	82998704.000000	2.746680	0.589525	-4.769301	5.884698	21.829378	4.963907
53.468000	82998704.000000	2.746680	0.589525	-4.769301	5.884698	21.829378	4.963907
53.484000	82998704.000000	2.746739	0.589370	-4.769044	6.489905	21.934855	5.004189
53.515000	82998712.000000	2.746873	0.589212	-4.768673	6.348248	21.930550	5.039429
53.546000	82998712.000000	2.746152	0.589173	-4.769084	-0.103895	22.275961	5.352819
53.562000	82998720.000000	2.745845	0.589129	-4.769054	2.972898	21.878498	5.098387
53.593000	82998720.000000	2.745777	0.589658	-4.768930	0.631814	22.105566	5.470675
53.609000	82998720.000000	2.745761	0.588259	-4.769449	2.508367	21.584543	5.476068
53.640000	82998728.000000	2.745664	0.588675	-4.769471	4.727838	21.343235	5.635542
53.671000	82998728.000000	2.744483	0.588668	-4.770152	-0.142861	20.418583	5.618474
53.687000	82998728.000000	2.743511	0.590588	-4.769217	6.950802	21.241426	4.889580
53.718000	82998736.000000	2.743004	0.589448	-4.769416	1.244076	20.981432	5.292902
53.733000	82998736.000000	2.743416	0.589344	-4.769327	3.530307	20.959343	5.213550
53.765000	82998736.000000	2.744292	0.589550	-4.769912	5.013565	20.874228	5.423099
53.796000	82998744.000000	2.745046	0.589051	-4.769508	8.676113	21.111059	5.747116
53.811000	82998744.000000	2.744868	0.589764	-4.769696	4.459296	20.964109	6.225977
53.843000	82998752.000000	2.745177	0.590668	-4.769567	8.935795	21.442505	6.400633
53.858000	82998752.000000	2.745596	0.589138	-4.770153	12.772196	21.192413	6.275091
53.889000	82998752.000000	2.747440	0.587965	-4.770085	9.532407	21.190422	6.017655
53.921000	82998760.000000	2.747717	0.588680	-4.769567	5.204736	22.517483	6.277637
53.936000	82998760.000000	2.748694	0.588569	-4.770151	6.472829	23.170881	6.381868
53.967000	82998768.000000	2.748762	0.590106	-4.769686	9.180935	21.694868	6.502581
53.983000	82998768.000000	2.748422	0.589145	-4.769628	8.994621	22.633570	6.002273
54.014000	82998768.000000	2.748932	0.589668	-4.769755	11.726740	22.180132	6.827820
54.045000	82998776.000000	2.749020	0.590077	-4.769018	11.582575	21.696270	6.711253
54.061000	82998776.000000	2.749463	0.589851	-4.769634	14.772468	21.712971	6.596068
54.092000	82998776.000000	2.749340	0.590271	-4.769358	14.146292	21.196457	6.718759
54.108000	82998784.000000	2.748242	0.588623	-4.769357	8.906336	22.463535	5.792924
54.139000	82998784.000000	2.748705	0.589114	-4.769674	10.954722	22.219589	5.927663
54.170000	82998784.000000	2.748223	0.588607	-4.769435	8.927486	22.434227	5.766719
54.186000	82998792.000000	2.748296	0.588544	-4.769448	8.972861	22.427113	5.742466
54.217000	82998792.000000	2.748354	0.588508	-4.769333	9.068710	22.544090	5.755512
54.233000	82998800.000000	2.748904	0.589389	-4.769722	8.226158	22.274246	6.111318
54.264000	82998800.000000	2.748693	0.589393	-4.769194	11.214281	22.198748	5.682122
54.295000	82998800.000000	2.748435	0.588979	-4.769414	7.151641	22.745901	6.168343
54.311000	82998808.000000	2.748151	0.589135	-4.769197	8.863768	22.516806	5.817416
54.342000	82998808.000000	2.748753	0.587310	-4.770566	4.239796	23.426786	6.735469
54.357000	82998816.000000	2.748837	0.587267	-4.770561	4.366139	23.473370	6.726116
54.389000	82998816.000000	2.748630	0.587429	-4.770454	3.460640	23.358829	6.731780
54.420000	82998816.000000	2.748671	0.587473	-4.770423	3.859063	23.368584	6.727389
54.435000	82998824.000000	2.748603	0.587695	-4.770409	3.371183	23.156471	6.779512
54.467000	82998824.000000	2.748601	0.587641	-4.770514	3.266184	23.208239	6.810372
54.482000	82998824.000000	2.748455	0.587792	-4.770452	2.940511	23.148653	6.821232
54.500000	82998832.000000	2.748253	0.589293	-4.769113	10.893638	21.797255	5.498739
54.547000	82998832.000000	2.748602	0.589338	-4.769182	10.497276	22.210192	5.549366
54.563000	82998832.000000	2.748230	0.589279	-4.769140	10.689123	21.824730	5.522519
54.594000	82998840.000000	2.748224	0.589528	-4.769120	10.688758	21.852127	5.578130
54.609000	82998840.000000	2.748552	0.589398	-4.769225	10.526000	22.161024	5.558311
54.641000	82998848.000000	2.748220	0.589515	-4.769057	10.863330	21.828220	5.549062
54.672000	82998848.000000	2.748235	0.589255	-4.769124	10.802045	21.794937	5.507618
54.687000	82998848.000000	2.748232	0.589275	-4.769082	10.768172	21.805227	5.518405
54.719000	82998856.000000	2.748228	0.589649	-4.768945	10.857189	21.941263	5.504192
54.734000	82998856.000000	2.748195	0.589750	-4.769009	10.687940	21.959862	5.505786
54.765000	82998864.000000	2.748253	0.589798	-4.769005	8.181917	22.375908	5.848921
54.797000	82998864.000000	2.748326	0.589882	-4.768941	8.971308	22.344017	5.786498
54.812000	82998864.000000	2.748292	0.589695	-4.768923	10.764878	21.920843	5.590046
54.843000	82998872.000000	2.748041	0.590172	-4.768952	10.242730	22.127436	5.677005
54.859000	82998872.000000	2.748084	0.589885	-4.768762	10.470255	21.986599	5.608412
54.890000	82998872.000000	2.748035	0.590431	-4.768679	11.402342	22.059395	5.717904
54.921000	82998880.000000	2.747948	0.590722	-4.768809	11.547076	21.928810	5.588653
54.937000	82998880.000000	2.747941	0.590451	-4.768907	11.086649	22.104698	5.662227
54.968000	82998880.000000	2.747902	0.590373	-4.768853	10.622228	22.142262	5.771300
54.984000	82998888.000000	2.747744	0.590304	-4.768871	10.757126	22.118372	5.896140
55.015000	82998888.000000	2.748040	0.590531	-4.768546	11.282940	22.335976	5.796502
55.046000	82998896.000000	2.747698	0.590939	-4.768512	9.339995	22.698006	5.928595
55.062000	82998896.000000	2.747593	0.590586	-4.768544	7.820136	22.711489	5.944409
55.093000	82998896.000000	2.746738	0.591358	-4.768429	3.871894	24.360689	6.120793
55.109000	82998904.000000	2.748106	0.589626	-4.769060	11.557710	21.547550	5.573286
55.140000	82998904.000000	2.746608	0.591511	-4.768392	3.327963	24.498991	6.186243
55.171000	82998912.000000	2.747387	0.591566	-4.768554	6.709513	23.419655	6.462107
55.187000	82998912.000000	2.747426	0.590903	-4.768656	8.594709	22.677542	6.205492
55.218000	82998912.000000	2.747688	0.590764	-4.768695	9.943645	22.476606	6.028431
55.233000	82998920.000000	2.747654	0.590947	-4.768588	7.396332	23.377968	6.269576
55.265000	82998920.000000	2.747568	0.590901	-4.768638	6.376361	23.501396	6.321423
55.296000	82998920.000000	2.747867	0.590566	-4.768812	10.246386	22.306232	5.927620
55.311000	82998928.000000	2.747821	0.590598	-4.768792	10.226954	22.434290	5.915049
55.343000	82998928.000000	2.747886	0.590356	-4.768843	8.675464	22.695702	6.161640
55.358000	82998928.000000	2.747817	0.590486	-4.768688	9.257461	22.567879	6.090148
55.389000	82998936.000000	2.747802	0.590468	-4.768672	9.067740	22.539362	6.107837
55.421000	82998936.000000	2.747645	0.590499	-4.768776	9.384039	22.400677	6.026017
55.436000	82998944.000000	2.747607	0.590625	-4.768789	9.129480	22.531563	5.962964
55.467000	82998944.000000	2.747480	0.590755	-4.768595	9.604337	22.615843	6.143252
55.483000	82998944.000000	2.747199	0.590883	-4.768494	9.777058	22.761160	6.245649
55.514000	82998952.000000	2.747183	0.590970	-4.768296	9.441522	22.898085	6.484835
