2.464000	-431602080.000000	-431602080.000000	-431602080.000000	-431602080.000000	135.000000	-0.000000	135.000000
2.464000	-431602080.000000	-431602080.000000	-431602080.000000	-431602080.000000	135.000000	-0.000000	135.000000
2.464000	-431602080.000000	-431602080.000000	-431602080.000000	-431602080.000000	135.000000	-0.000000	135.000000
2.480000	-431602080.000000	-431602080.000000	-431602080.000000	-431602080.000000	135.000000	-0.000000	135.000000
2.511000	89721744.000000	2.799984	0.653212	-0.002354	0.042453	9.654903	-4.334095
2.527000	89721744.000000	2.799984	0.653212	-0.002354	0.042453	9.654903	-4.334095
2.558000	89721752.000000	2.799992	0.653128	-0.002252	0.040687	9.621948	-4.336028
2.589000	89721760.000000	2.800095	0.653259	-0.002332	-0.383161	9.694420	-4.306486
2.605000	89721760.000000	2.800095	0.653259	-0.002332	-0.383161	9.694420	-4.306486
2.636000	89721760.000000	2.800233	0.653246	-0.002749	0.794971	9.649102	-4.465381
2.651000	89721760.000000	2.800233	0.653246	-0.002749	0.794971	9.649102	-4.465381
2.683000	89721768.000000	2.800215	0.652963	-0.002483	0.565290	9.619474	-4.381158
2.714000	89721776.000000	2.800372	0.653121	-0.002590	0.445124	9.600236	-4.343867
2.729000	89721776.000000	2.800372	0.653121	-0.002590	0.445124	9.600236	-4.343867
2.761000	89721776.000000	2.800474	0.653197	-0.002708	0.555075	9.540631	-4.342900
2.776000	89721776.000000	2.800474	0.653197	-0.002708	0.555075	9.540631	-4.342900
2.807000	89721784.000000	2.800540	0.653304	-0.002927	-0.545175	9.424628	-4.265047
2.839000	89721792.000000	2.800563	0.653122	-0.002770	-0.122158	9.512929	-4.307572
2.854000	89721792.000000	2.800563	0.653122	-0.002770	-0.122158	9.512929	-4.307572
2.885000	89721792.000000	2.800542	0.653291	-0.002756	0.004500	9.376816	-4.305958
2.917000	89721792.000000	2.800530	0.653360	-0.002781	0.326439	9.298760	-4.362971
2.932000	89721792.000000	2.800530	0.653360	-0.002781	0.326439	9.298760	-4.362971
2.963000	89721800.000000	2.800609	0.653212	-0.002869	0.064029	9.433358	-4.308012
2.979000	89721800.000000	2.800609	0.653212	-0.002869	0.064029	9.433358	-4.308012
3.010000	89721808.000000	2.800344	0.652664	-0.002830	-0.105576	9.342175	-4.334155
3.041000	89721816.000000	2.800602	0.653170	-0.002742	0.575920	9.391191	-4.342139
3.057000	89721816.000000	2.800411	0.652698	-0.002799	0.428808	9.377312	-4.355633
3.088000	89721816.000000	2.800559	0.653166	-0.002870	-0.353567	9.505850	-4.300721
3.104000	89721816.000000	2.800559	0.653166	-0.002870	-0.353567	9.505850	-4.300721
3.135000	89721824.000000	2.800537	0.653206	-0.002850	-0.773393	9.470171	-4.276470
3.166000	89721824.000000	2.800418	0.652670	-0.002808	0.403324	9.376445	-4.355324
3.182000	89721824.000000	2.800418	0.652670	-0.002808	0.403324	9.376445	-4.355324
3.213000	89721832.000000	2.800597	0.653174	-0.002877	0.070245	9.432836	-4.310393
3.229000	89721832.000000	2.800597	0.653174	-0.002877	0.070245	9.432836	-4.310393
3.260000	89721840.000000	2.800520	0.653269	-0.002907	-0.445275	9.370747	-4.329571
3.291000	89721840.000000	2.800596	0.653216	-0.002865	0.183966	9.416626	-4.317513
3.307000	89721840.000000	2.800596	0.653216	-0.002865	0.183966	9.416626	-4.317513
3.338000	89721848.000000	2.800596	0.653217	-0.002827	0.229237	9.435009	-4.318669
3.353000	89721848.000000	2.800596	0.653217	-0.002827	0.229237	9.435009	-4.318669
3.385000	89721856.000000	2.800616	0.653175	-0.002767	0.534432	9.376236	-4.344753
3.416000	89721856.000000	2.800553	0.653201	-0.002885	-0.845926	9.457808	-4.266438
3.431000	89721856.000000	2.800553	0.653201	-0.002885	-0.845926	9.457808	-4.266438
3.463000	89721864.000000	2.800589	0.653205	-0.002862	0.179889	9.408292	-4.310650
3.478000	89721864.000000	2.800589	0.653205	-0.002862	0.179889	9.408292	-4.310650
3.509000	89721864.000000	2.800403	0.652639	-0.002831	0.259857	9.371408	-4.364175
3.541000	89721872.000000	2.800612	0.653260	-0.002913	-0.043754	9.416771	-4.305874
3.556000	89721872.000000	2.800612	0.653260	-0.002913	-0.043754	9.416771	-4.305874
3.587000	89721872.000000	2.800601	0.653218	-0.002934	-0.241864	9.399693	-4.294945
3.603000	89721872.000000	2.800601	0.653218	-0.002934	-0.241864	9.399693	-4.294945
3.634000	89721880.000000	2.800610	0.653022	-0.002863	-0.073785	9.514213	-4.315510
3.665000	89721888.000000	2.800576	0.653107	-0.002793	-0.295447	9.494708	-4.310595
3.681000	89721888.000000	2.800576	0.653107	-0.002793	-0.295447	9.494708	-4.310595
3.712000	89721888.000000	2.800421	0.652667	-0.002812	0.455284	9.373796	-4.362192
3.728000	89721888.000000	2.800421	0.652667	-0.002812	0.455284	9.373796	-4.362192
3.759000	89721896.000000	2.800603	0.653063	-0.002806	0.135195	9.509536	-4.329678
3.790000	89721904.000000	2.800413	0.652676	-0.002819	0.449318	9.365172	-4.361769
3.806000	89721904.000000	2.800413	0.652676	-0.002819	0.449318	9.365172	-4.361769
3.837000	89721904.000000	2.800423	0.652643	-0.002814	0.381280	9.368794	-4.355382
3.852000	89721904.000000	2.800423	0.652643	-0.002814	0.381280	9.368794	-4.355382
3.884000	89721912.000000	2.800575	0.653084	-0.002877	-0.245589	9.492507	-4.316204
3.915000	89721912.000000	2.800544	0.653079	-0.002818	-0.199271	9.472333	-4.305793
3.930000	89721912.000000	2.800544	0.653079	-0.002818	-0.199271	9.472333	-4.305793
3.962000	89721920.000000	2.800422	0.652661	-0.002826	0.413809	9.362846	-4.360811
3.977000	89721920.000000	2.800612	0.653205	-0.002819	0.102623	9.423713	-4.305124
4.008000	89721928.000000	2.800602	0.653211	-0.002826	0.270476	9.426583	-4.316640
4.040000	89721928.000000	2.800408	0.652656	-0.002821	0.381572	9.355344	-4.357253
4.055000	89721928.000000	2.800408	0.652656	-0.002821	0.381572	9.355344	-4.357253
4.086000	89721936.000000	2.800631	0.653139	-0.002909	0.339921	9.438371	-4.328751
4.102000	89721936.000000	2.800631	0.653139	-0.002909	0.339921	9.438371	-4.328751
4.133000	89721944.000000	2.800566	0.653096	-0.002799	-0.089188	9.487741	-4.307343
4.164000	89721944.000000	2.800359	0.652697	-0.002783	0.081454	9.343808	-4.332466
4.180000	89721944.000000	2.800359	0.652697	-0.002783	0.081454	9.343808	-4.332466
4.211000	89721952.000000	2.800314	0.652706	-0.002752	0.149860	9.355592	-4.316824
4.227000	89721952.000000	2.800314	0.652706	-0.002752	0.149860	9.355592	-4.316824
4.258000	89721960.000000	2.800335	0.652704	-0.002733	0.344395	9.378707	-4.335561
4.289000	89721960.000000	2.800527	0.653348	-0.002794	0.120077	9.274141	-4.339732
4.305000	89721960.000000	2.800527	0.653348	-0.002794	0.120077	9.274141	-4.339732
4.336000	89721968.000000	2.800555	0.653241	-0.002804	0.201122	9.424353	-4.281597
4.352000	89721968.000000	2.800555	0.653241	-0.002804	0.201122	9.424353	-4.281597
4.383000	89721968.000000	2.800469	0.653111	-0.002674	0.463946	9.364914	-4.314908
4.414000	89721976.000000	2.800560	0.653313	-0.002786	0.542517	9.294649	-4.334549
4.430000	89721976.000000	2.800560	0.653313	-0.002786	0.542517	9.294649	-4.334549
4.461000	89721984.000000	2.800590	0.653164	-0.002890	-0.318953	9.319333	-4.286769
4.476000	89721984.000000	2.800590	0.653164	-0.002890	-0.318953	9.319333	-4.286769
4.508000	89721984.000000	2.800488	0.653270	-0.002826	-0.344444	9.312454	-4.273985
4.539000	89721992.000000	2.800512	0.653110	-0.002752	0.740718	9.260030	-4.351570
4.554000	89721992.000000	2.800512	0.653110	-0.002752	0.740718	9.260030	-4.351570
4.586000	89722000.000000	2.800589	0.653164	-0.002831	0.127100	9.369764	-4.289035
4.601000	89722000.000000	2.800589	0.653164	-0.002831	0.127100	9.369764	-4.289035
4.632000	89722000.000000	2.800548	0.653169	-0.002928	0.130627	9.395431	-4.270977
4.664000	89722008.000000	2.800519	0.653218	-0.002873	-0.222227	9.331830	-4.255269
4.679000	89722008.000000	2.800519	0.653218	-0.002873	-0.222227	9.331830	-4.255269
4.710000	89722008.000000	2.800490	0.653310	-0.002899	-0.540292	9.357933	-4.227758
4.742000	89722016.000000	2.800517	0.653307	-0.003006	-0.507900	9.330733	-4.183809
4.757000	89722016.000000	2.800517	0.653307	-0.003006	-0.507900	9.330733	-4.183809
4.788000	89722016.000000	2.800567	0.653138	-0.003184	-0.808239	9.454579	-4.089517
4.804000	89722016.000000	2.800567	0.653138	-0.003184	-0.808239	9.454579	-4.089517
4.835000	89722024.000000	2.800489	0.653271	-0.003529	-1.452290	9.363884	-3.855358
4.866000	89722032.000000	2.800625	0.653849	-0.004483	-0.646664	9.130993	-3.450934
4.882000	89722032.000000	2.800625	0.653849	-0.004483	-0.646664	9.130993	-3.450934
4.913000	89722032.000000	2.800935	0.653768	-0.004832	-0.159301	9.009823	-3.467770
4.929000	89722032.000000	2.800935	0.653768	-0.004832	-0.159301	9.009823	-3.467770
4.960000	89722040.000000	2.801146	0.651485	-0.005418	5.086699	10.010422	-3.367112
4.991000	89722048.000000	2.801176	0.652136	-0.006296	5.386360	9.539635	-2.982637
5.007000	89722048.000000	2.801176	0.652136	-0.006296	5.386360	9.539635	-2.982637
5.038000	89722048.000000	2.801208	0.651446	-0.006817	5.976505	9.180516	-3.236112
5.053000	89722048.000000	2.801208	0.651446	-0.006817	5.976505	9.180516	-3.236112
5.085000	89722056.000000	2.800851	0.653834	-0.007552	-0.525365	8.593642	-2.490885
5.116000	89722064.000000	2.800623	0.653068	-0.007450	-1.519467	9.207969	-2.311702
5.131000	89722064.000000	2.800623	0.653068	-0.007450	-1.519467	9.207969	-2.311702
5.163000	89722064.000000	2.800597	0.652982	-0.007517	-1.167842	9.225221	-2.366731
5.178000	89722064.000000	2.800597	0.652982	-0.007517	-1.167842	9.225221	-2.366731
5.209000	89722072.000000	2.800466	0.653080	-0.007527	-1.453481	9.186218	-2.364783
5.241000	89722080.000000	2.800530	0.653047	-0.007497	-1.066109	9.202927	-2.368459
5.256000	89722080.000000	2.800530	0.653047	-0.007497	-1.066109	9.202927	-2.368459
5.287000	89722080.000000	2.800545	0.652992	-0.007512	-1.183448	9.224934	-2.367106
5.303000	89722080.000000	2.800545	0.652992	-0.007512	-1.183448	9.224934	-2.367106
5.334000	89722088.000000	2.800545	0.653047	-0.007535	-1.402545	9.197077	-2.367205
5.365000	89722096.000000	2.800601	0.653035	-0.007472	-1.068639	9.197364	-2.370282
5.381000	89722096.000000	2.800601	0.653035	-0.007472	-1.068639	9.197364	-2.370282
5.412000	89722096.000000	2.800571	0.653021	-0.007426	-1.039292	9.186005	-2.362009
5.428000	89722096.000000	2.800484	0.653094	-0.007427	-1.567108	9.204347	-2.340468
5.459000	89722104.000000	2.800533	0.653055	-0.007474	-1.563248	9.221580	-2.348919
5.490000	89722104.000000	2.800647	0.653027	-0.007454	-1.035574	9.201617	-2.372472
5.506000	89722104.000000	2.800647	0.653027	-0.007454	-1.035574	9.201617	-2.372472
5.537000	89722112.000000	2.800626	0.652975	-0.007431	-1.154543	9.213017	-2.364685
5.553000	89722112.000000	2.800626	0.652975	-0.007431	-1.154543	9.213017	-2.364685
5.584000	89722112.000000	2.800531	0.653047	-0.007385	-1.635518	9.224534	-2.340987
5.615000	89722120.000000	2.800621	0.652995	-0.007451	-1.221956	9.232412	-2.381525
5.631000	89722120.000000	2.800621	0.652995	-0.007451	-1.221956	9.232412	-2.381525
5.662000	89722128.000000	2.800635	0.653029	-0.007444	-1.107350	9.219143	-2.372018
5.677000	89722128.000000	2.800635	0.653029	-0.007444	-1.107350	9.219143	-2.372018
5.709000	89722128.000000	2.800610	0.653019	-0.007489	-1.109122	9.210771	-2.385480
5.740000	89722136.000000	2.800640	0.653051	-0.007420	-1.069188	9.207343	-2.381155
5.755000	89722136.000000	2.800640	0.653051	-0.007420	-1.069188	9.207343	-2.381155
5.787000	89722144.000000	2.800612	0.652992	-0.007409	-1.115771	9.213906	-2.360853
5.802000	89722144.000000	2.800631	0.653039	-0.007452	-1.144832	9.207870	-2.366318
5.833000	89722144.000000	2.800647	0.653030	-0.007452	-1.059109	9.210197	-2.382638
5.865000	89722152.000000	2.800774	0.653060	-0.007549	-0.949381	9.338579	-2.244876
5.880000	89722152.000000	2.800774	0.653060	-0.007549	-0.949381	9.338579	-2.244876
5.911000	89722152.000000	2.800725	0.653037	-0.007549	-0.803426	9.268875	-2.298873
5.927000	89722152.000000	2.800725	0.653037	-0.007549	-0.803426	9.268875	-2.298873
5.958000	89722160.000000	2.800698	0.653136	-0.007588	-1.217169	9.256314	-2.283089
5.989000	89722168.000000	2.800556	0.652813	-0.007438	-1.228397	9.279056	-2.355420
6.005000	89722168.000000	2.800556	0.652813	-0.007438	-1.228397	9.279056	-2.355420
6.036000	89722168.000000	2.800619	0.652859	-0.007395	-1.021975	9.261152	-2.348738
6.052000	89722176.000000	2.800666	0.652730	-0.007475	-1.330368	9.466348	-2.181226
6.083000	89722176.000000	2.800695	0.652543	-0.007285	-1.168934	9.613149	-2.260859
6.114000	89722184.000000	2.800968	0.653199	-0.007424	1.092249	9.376307	-2.542269
6.130000	89722184.000000	2.800968	0.653199	-0.007424	1.092249	9.376307	-2.542269
6.161000	89722184.000000	2.800216	0.650736	-0.007415	5.049032	9.678471	-1.834269
6.177000	89722184.000000	2.800216	0.650736	-0.007415	5.049032	9.678471	-1.834269
6.208000	89722192.000000	2.803151	0.650436	-0.008243	13.962300	10.122718	-4.075736
6.239000	89722200.000000	2.800626	0.653733	-0.007802	-1.086285	8.648108	-2.613576
6.255000	89722200.000000	2.800626	0.653733	-0.007802	-1.086285	8.648108	-2.613576
6.286000	89722200.000000	2.800872	0.652981	-0.007426	-1.393046	8.981221	-2.326372
6.301000	89722200.000000	2.800872	0.652981	-0.007426	-1.393046	8.981221	-2.326372
6.332000	89722208.000000	2.801035	0.653043	-0.007509	-0.846939	8.735929	-2.386712
6.364000	89722208.000000	2.800886	0.652965	-0.007557	-1.598346	8.721094	-2.386932
6.379000	89722208.000000	2.800886	0.652965	-0.007557	-1.598346	8.721094	-2.386932
6.410000	89722216.000000	2.800904	0.652975	-0.007506	-1.731169	8.770531	-2.392212
6.442000	89722224.000000	2.800913	0.652964	-0.007534	-1.650745	8.734524	-2.380078
6.457000	89722224.000000	2.800913	0.652964	-0.007534	-1.650745	8.734524	-2.380078
6.488000	89722224.000000	2.800915	0.653015	-0.007542	-1.673073	8.784754	-2.394569
6.504000	89722224.000000	2.800915	0.653015	-0.007542	-1.673073	8.784754	-2.394569
6.535000	89722232.000000	2.800848	0.653511	-0.007688	-1.223650	8.975851	-2.344501
6.566000	89722240.000000	2.800880	0.653480	-0.007608	-1.449919	8.936672	-2.337318
6.582000	89722240.000000	2.800880	0.653480	-0.007608	-1.449919	8.936672	-2.337318
6.613000	89722240.000000	2.800925	0.653409	-0.007655	-1.057396	8.929111	-2.414688
6.629000	89722240.000000	2.800925	0.653409	-0.007655	-1.057396	8.929111	-2.414688
6.660000	89722248.000000	2.800825	0.653441	-0.007657	-1.394837	8.931668	-2.307842
6.691000	89722248.000000	2.800811	0.653347	-0.007756	-1.435072	8.893423	-2.311923
6.707000	89722248.000000	2.800811	0.653347	-0.007756	-1.435072	8.893423	-2.311923
6.738000	89722256.000000	2.800803	0.653347	-0.007642	-1.636263	8.891478	-2.293222
6.754000	89722256.000000	2.800803	0.653347	-0.007642	-1.636263	8.891478	-2.293222
6.785000	89722256.000000	2.800876	0.652963	-0.007502	-1.679871	8.745356	-2.376094
6.816000	89722264.000000	2.800882	0.653007	-0.007540	-1.184971	8.712675	-2.417089
6.832000	89722264.000000	2.800882	0.653007	-0.007540	-1.184971	8.712675	-2.417089
6.863000	89722272.000000	2.800901	0.652965	-0.007616	-1.711243	8.742876	-2.379858
6.878000	89722272.000000	2.800901	0.652965	-0.007616	-1.711243	8.742876	-2.379858
6.910000	89722272.000000	2.800815	0.653025	-0.007649	-2.187575	8.846272	-2.299364
6.941000	89722280.000000	2.800837	0.652789	-0.007592	-2.332112	8.792740	-2.417242
6.956000	89722280.000000	2.800837	0.652789	-0.007592	-2.332112	8.792740	-2.417242
6.988000	89722288.000000	2.800950	0.653264	-0.007599	-1.701678	8.690718	-2.394559
7.003000	89722288.000000	2.800950	0.653264	-0.007599	-1.701678	8.690718	-2.394559
7.034000	89722288.000000	2.800912	0.653127	-0.007672	-1.538551	8.811187	-2.424013
7.066000	89722296.000000	2.800930	0.652900	-0.007733	-0.911165	8.753592	-2.476790
7.081000	89722296.000000	2.800930	0.652900	-0.007733	-0.911165	8.753592	-2.476790
7.112000	89722296.000000	2.801140	0.653416	-0.007572	-1.163361	8.877728	-2.346689
7.128000	89722296.000000	2.801140	0.653416	-0.007572	-1.163361	8.877728	-2.346689
7.159000	89722304.000000	2.800999	0.653520	-0.007681	-1.223984	8.964995	-2.266387
7.190000	89722312.000000	2.801279	0.653082	-0.007932	-0.306755	9.170811	-2.042044
7.206000	89722312.000000	2.801279	0.653082	-0.007932	-0.306755	9.170811	-2.042044
7.237000	89722312.000000	2.801488	0.653137	-0.008547	0.951360	9.486264	-1.875615
7.253000	89722312.000000	2.801488	0.653137	-0.008547	0.951360	9.486264	-1.875615
7.284000	89722320.000000	2.799689	0.651769	-0.010046	-4.113016	8.404966	-0.410694
7.315000	89722328.000000	2.801296	0.652971	-0.013155	-0.688894	8.770938	0.108404
7.331000	89722328.000000	2.801296	0.652971	-0.013155	-0.688894	8.770938	0.108404
7.362000	89722328.000000	2.800976	0.652256	-0.014225	-0.042025	9.499366	0.702478
7.378000	89722328.000000	2.800976	0.652256	-0.014225	-0.042025	9.499366	0.702478
7.409000	89722336.000000	2.800901	0.652892	-0.015541	-0.179506	8.947014	1.403680
7.440000	89722344.000000	2.801648	0.650581	-0.016000	6.387022	9.549695	1.039049
7.456000	89722344.000000	2.801648	0.650581	-0.016000	6.387022	9.549695	1.039049
7.487000	89722344.000000	2.801719	0.650492	-0.016133	6.820194	9.575399	1.025630
7.502000	89722344.000000	2.801719	0.650492	-0.016133	6.820194	9.575399	1.025630
7.534000	89722352.000000	2.801230	0.650331	-0.015856	4.150620	9.335423	1.439511
7.565000	89722352.000000	2.801404	0.652846	-0.016069	1.665451	8.701798	1.217950
7.580000	89722352.000000	2.801404	0.652846	-0.016069	1.665451	8.701798	1.217950
7.611000	89722360.000000	2.801241	0.652687	-0.016164	1.109465	8.741701	1.262940
7.627000	89722360.000000	2.801241	0.652687	-0.016164	1.109465	8.741701	1.262940
7.658000	89722368.000000	2.802433	0.649919	-0.016514	9.794776	9.233674	0.184148
7.689000	89722368.000000	2.801720	0.651040	-0.015838	4.784688	9.261668	1.228016
7.705000	89722368.000000	2.801720	0.651040	-0.015838	4.784688	9.261668	1.228016
7.736000	89722376.000000	2.802682	0.650057	-0.016609	10.497861	9.248526	-0.003396
7.752000	89722376.000000	2.802682	0.650057	-0.016609	10.497861	9.248526	-0.003396
7.783000	89722384.000000	2.800816	0.651465	-0.016297	3.565573	9.373252	1.043446
7.814000	89722384.000000	2.803257	0.650985	-0.017494	13.290092	9.804164	-0.416456
7.830000	89722384.000000	2.803257	0.650985	-0.017494	13.290092	9.804164	-0.416456
7.861000	89722392.000000	2.803553	0.649351	-0.016433	15.801442	9.503939	-0.806886
7.877000	89722392.000000	2.803553	0.649351	-0.016433	15.801442	9.503939	-0.806886
7.908000	89722392.000000	2.801764	0.651486	-0.016289	4.765855	9.479253	1.132386
7.939000	89722400.000000	2.801055	0.653285	-0.016805	0.580982	9.245064	1.338790
7.955000	89722400.000000	2.801055	0.653285	-0.016805	0.580982	9.245064	1.338790
7.986000	89722400.000000	2.801099	0.653292	-0.016593	0.568280	9.219748	1.362491
8.001000	89722400.000000	2.801099	0.653292	-0.016593	0.568280	9.219748	1.362491
8.033000	89722408.000000	2.801162	0.653326	-0.016713	0.228172	9.243849	1.398919
8.064000	89722416.000000	2.801105	0.653253	-0.016475	-0.162614	9.228989	1.396070
8.079000	89722416.000000	2.801061	0.653321	-0.016498	-0.777601	9.241649	1.416091
8.111000	89722424.000000	2.801205	0.653227	-0.016387	0.243881	9.228440	1.407607
8.126000	89722424.000000	2.801205	0.653227	-0.016387	0.243881	9.228440	1.407607
8.157000	89722424.000000	2.801241	0.653231	-0.016416	0.318483	9.242078	1.423488
8.189000	89722432.000000	2.801046	0.653410	-0.016537	0.215356	9.209620	1.361598
8.204000	89722432.000000	2.801046	0.653410	-0.016537	0.215356	9.209620	1.361598
8.235000	89722432.000000	2.801129	0.653270	-0.016461	0.307358	9.237774	1.408110
8.267000	89722440.000000	2.801247	0.653213	-0.016342	0.513584	9.242595	1.396905
8.282000	89722440.000000	2.801247	0.653213	-0.016342	0.513584	9.242595	1.396905
8.313000	89722440.000000	2.801261	0.653215	-0.016239	0.753327	9.250619	1.378134
8.329000	89722440.000000	2.801261	0.653215	-0.016239	0.753327	9.250619	1.378134
8.360000	89722448.000000	2.801221	0.653158	-0.016303	-0.025811	9.252344	1.419397
8.391000	89722456.000000	2.801197	0.653240	-0.016292	-0.175234	9.269360	1.414020
8.407000	89722456.000000	2.801136	0.653243	-0.016185	0.816077	9.262649	1.355610
8.438000	89722464.000000	2.801202	0.653150	-0.016286	0.513427	9.261717	1.371671
8.454000	89722464.000000	2.801202	0.653150	-0.016286	0.513427	9.261717	1.371671
8.485000	89722464.000000	2.801219	0.653156	-0.016431	0.473976	9.279431	1.397579
8.516000	89722472.000000	2.801209	0.653024	-0.016287	0.163610	9.270152	1.400469
8.532000	89722472.000000	2.801176	0.653194	-0.016224	0.357339	9.241948	1.378331
8.563000	89722480.000000	2.801118	0.653225	-0.016101	0.680782	9.223475	1.324121
8.579000	89722480.000000	2.801118	0.653225	-0.016101	0.680782	9.223475	1.324121
8.610000	89722480.000000	2.801136	0.653191	-0.016245	0.685995	9.257306	1.374408
8.641000	89722488.000000	2.801369	0.653241	-0.016206	0.174479	9.243736	1.443134
8.657000	89722488.000000	2.801369	0.653241	-0.016206	0.174479	9.243736	1.443134
8.688000	89722488.000000	2.801233	0.653192	-0.016241	0.645370	9.237803	1.370583
8.703000	89722488.000000	2.801233	0.653192	-0.016241	0.645370	9.237803	1.370583
8.735000	89722496.000000	2.801217	0.653154	-0.016216	0.161267	9.266579	1.423844
8.766000	89722496.000000	2.801246	0.653145	-0.016354	0.346960	9.257514	1.414529
8.781000	89722496.000000	2.801246	0.653145	-0.016354	0.346960	9.257514	1.414529
8.813000	89722504.000000	2.801270	0.653149	-0.016319	0.361823	9.255217	1.395931
8.828000	89722504.000000	2.801270	0.653149	-0.016319	0.361823	9.255217	1.395931
8.859000	89722512.000000	2.801274	0.653150	-0.016237	0.587993	9.249812	1.387161
8.890000	89722512.000000	2.801238	0.651697	-0.015796	2.936272	9.665926	1.537106
8.906000	89722512.000000	2.801238	0.651697	-0.015796	2.936272	9.665926	1.537106
8.937000	89722520.000000	2.801784	0.651347	-0.015801	5.732375	9.641123	1.006180
8.953000	89722520.000000	2.801784	0.651347	-0.015801	5.732375	9.641123	1.006180
8.984000	89722528.000000	2.801338	0.651349	-0.015885	3.776530	9.535213	1.281888
9.015000	89722528.000000	2.801264	0.651344	-0.015991	3.291494	9.490191	1.470682
9.031000	89722528.000000	2.801264	0.651344	-0.015991	3.291494	9.490191	1.470682
9.062000	89722536.000000	2.801849	0.651349	-0.015898	5.631866	9.623492	0.993228
9.093000	89722536.000000	2.801351	0.653123	-0.016312	0.440022	9.292175	1.412994
9.109000	89722544.000000	2.801393	0.653100	-0.016222	0.341231	9.291672	1.459797
9.140000	89722544.000000	2.801424	0.651248	-0.015922	3.917039	9.491678	1.302695
9.156000	89722544.000000	2.801424	0.651248	-0.015922	3.917039	9.491678	1.302695
9.187000	89722544.000000	2.801351	0.651712	-0.015816	3.097963	9.706331	1.563968
9.202000	89722544.000000	2.801351	0.651712	-0.015816	3.097963	9.706331	1.563968
9.234000	89722552.000000	2.801875	0.651303	-0.015988	5.221180	9.618851	1.219855
9.265000	89722560.000000	2.801653	0.651333	-0.015841	4.699979	9.607753	1.162338
9.280000	89722560.000000	2.801653	0.651333	-0.015841	4.699979	9.607753	1.162338
9.312000	89722560.000000	2.801266	0.653149	-0.016206	0.383136	9.278148	1.434910
9.327000	89722560.000000	2.801266	0.653149	-0.016206	0.383136	9.278148	1.434910
9.358000	89722568.000000	2.801183	0.653132	-0.016302	0.651724	9.265458	1.391005
9.390000	89722576.000000	2.801310	0.653084	-0.016342	0.654006	9.273603	1.418845
9.405000	89722576.000000	2.801778	0.651292	-0.015874	5.019346	9.590997	1.122641
9.436000	89722584.000000	2.801888	0.651277	-0.015937	5.433878	9.603567	1.051713
9.452000	89722584.000000	2.801888	0.651277	-0.015937	5.433878	9.603567	1.051713
9.483000	89722584.000000	2.801788	0.651296	-0.015913	5.676576	9.650370	1.034677
9.514000	89722584.000000	2.801788	0.651296	-0.015913	5.676576	9.650370	1.034677
9.530000	89722584.000000	2.801788	0.651296	-0.015913	5.676576	9.650370	1.034677
9.561000	89722584.000000	2.801547	0.651336	-0.015899	4.750905	9.625498	1.175361
9.577000	89722592.000000	2.801536	0.651416	-0.015923	4.976805	9.649269	1.209146
9.608000	89722600.000000	2.801428	0.651438	-0.015944	5.549489	9.680739	1.111480
9.639000	89722608.000000	2.801218	0.653040	-0.016532	0.586984	9.303802	1.467450
9.655000	89722608.000000	2.801218	0.653040	-0.016532	0.586984	9.303802	1.467450
9.686000	89722608.000000	2.801489	0.651352	-0.016057	6.205910	9.707376	0.978402
9.702000	89722608.000000	2.801489	0.651352	-0.016057	6.205910	9.707376	0.978402
9.733000	89722616.000000	2.801194	0.653040	-0.016331	0.514037	9.288026	1.444763
9.764000	89722624.000000	2.801165	0.653037	-0.016300	0.418975	9.286529	1.445637
9.780000	89722624.000000	2.801165	0.653037	-0.016300	0.418975	9.286529	1.445637
9.811000	89722624.000000	2.801211	0.653008	-0.016463	0.632554	9.327410	1.475568
9.826000	89722624.000000	2.801211	0.653008	-0.016463	0.632554	9.327410	1.475568
9.858000	89722632.000000	2.801195	0.652722	-0.016342	-0.036022	9.300052	1.432346
9.889000	89722632.000000	2.801199	0.652728	-0.016125	-0.250586	9.295092	1.462655
9.904000	89722632.000000	2.801199	0.652728	-0.016125	-0.250586	9.295092	1.462655
9.936000	89722640.000000	2.801210	0.652737	-0.016080	-0.243528	9.309879	1.461910
9.951000	89722640.000000	2.801210	0.652737	-0.016080	-0.243528	9.309879	1.461910
9.982000	89722640.000000	2.800603	0.650877	-0.015422	0.318584	9.653266	1.973607
10.014000	89722648.000000	2.801241	0.652673	-0.016200	0.161875	9.280189	1.398109
10.029000	89722648.000000	2.801241	0.652673	-0.016200	0.161875	9.280189	1.398109
10.060000	89722656.000000	2.801177	0.652952	-0.016446	-0.518469	9.296961	1.502130
10.092000	89722656.000000	2.801137	0.650801	-0.015810	2.459083	9.617350	1.570966
10.107000	89722664.000000	2.801232	0.650763	-0.015903	3.084328	9.700169	1.550551
10.138000	89722664.000000	2.800699	0.650943	-0.016371	2.959226	9.729396	1.247161
10.154000	89722664.000000	2.800699	0.650943	-0.016371	2.959226	9.729396	1.247161
10.185000	89722672.000000	2.802454	0.650580	-0.016476	8.385056	9.980940	0.446738
10.216000	89722672.000000	2.801726	0.650667	-0.016251	7.109193	9.736212	1.007789
10.232000	89722680.000000	2.801114	0.650733	-0.016591	4.038225	9.628126	1.501904
10.263000	89722680.000000	2.801447	0.650621	-0.016331	7.157270	9.881491	0.896887
10.279000	89722680.000000	2.801447	0.650621	-0.016331	7.157270	9.881491	0.896887
10.310000	89722680.000000	2.802085	0.650582	-0.016259	6.181710	9.717980	1.282155
10.341000	89722688.000000	2.801499	0.650608	-0.016316	7.201350	9.876624	0.908190
10.357000	89722688.000000	2.801488	0.650557	-0.016303	7.305001	9.863823	0.821111
10.388000	89722696.000000	2.801583	0.650659	-0.016365	7.398606	9.815856	0.907786
10.403000	89722696.000000	2.801583	0.650659	-0.016365	7.398606	9.815856	0.907786
10.435000	89722696.000000	2.801134	0.650730	-0.016566	4.350506	9.668093	1.470644
10.466000	89722704.000000	2.801172	0.650365	-0.016532	3.785796	9.531246	1.341472
10.481000	89722704.000000	2.801172	0.650365	-0.016532	3.785796	9.531246	1.341472
10.513000	89722704.000000	2.801473	0.650605	-0.016314	7.313808	9.878310	0.871712
10.528000	89722704.000000	2.801473	0.650605	-0.016314	7.313808	9.878310	0.871712
10.559000	89722712.000000	2.801585	0.650638	-0.016326	7.462756	9.784832	0.869330
10.591000	89722720.000000	2.801443	0.650605	-0.016325	7.323808	9.879949	0.879164
10.606000	89722720.000000	2.801443	0.650605	-0.016325	7.323808	9.879949	0.879164
10.637000	89722720.000000	2.801395	0.650706	-0.016431	7.184117	9.820888	0.941820
10.653000	89722720.000000	2.801395	0.650706	-0.016431	7.184117	9.820888	0.941820
10.684000	89722728.000000	2.801421	0.650588	-0.016337	7.224913	9.873829	0.899914
10.715000	89722736.000000	2.801513	0.650682	-0.016426	7.541454	9.827957	0.910384
10.731000	89722736.000000	2.801513	0.650682	-0.016426	7.541454	9.827957	0.910384
10.762000	89722736.000000	2.801146	0.650589	-0.016451	3.517749	9.569072	1.611249
10.778000	89722736.000000	2.801146	0.650589	-0.016451	3.517749	9.569072	1.611249
10.809000	89722744.000000	2.801511	0.650618	-0.016453	7.624653	9.798472	0.800377
10.840000	89722752.000000	2.801591	0.650689	-0.016472	7.061193	9.746423	1.067920
10.856000	89722752.000000	2.801591	0.650689	-0.016472	7.061193	9.746423	1.067920
10.887000	89722752.000000	2.801620	0.650652	-0.016561	7.733060	9.875669	0.981123
10.903000	89722752.000000	2.801620	0.650652	-0.016561	7.733060	9.875669	0.981123
10.934000	89722760.000000	2.801324	0.650751	-0.016493	5.320853	9.733830	1.270069
10.965000	89722768.000000	2.801242	0.650462	-0.016965	5.916594	9.839533	1.129439
10.981000	89722768.000000	2.801242	0.650462	-0.016965	5.916594	9.839533	1.129439
11.012000	89722768.000000	2.801203	0.650364	-0.016757	5.445659	9.511130	1.294225
11.027000	89722768.000000	2.801203	0.650364	-0.016757	5.445659	9.511130	1.294225
11.059000	89722776.000000	2.801036	0.650872	-0.017017	4.490824	9.647782	1.333947
11.090000	89722776.000000	2.801007	0.653245	-0.017644	0.714090	9.002017	1.140248
11.105000	89722776.000000	2.801007	0.653245	-0.017644	0.714090	9.002017	1.140248
11.137000	89722784.000000	2.800928	0.653142	-0.017906	-0.039952	9.076962	1.336110
11.152000	89722784.000000	2.800928	0.653142	-0.017906	-0.039952	9.076962	1.336110
11.183000	89722784.000000	2.800850	0.651101	-0.017453	1.336648	9.486414	1.760793
11.215000	89722792.000000	2.801080	0.652830	-0.018648	0.618530	9.088247	1.298282
11.230000	89722792.000000	2.801080	0.652830	-0.018648	0.618530	9.088247	1.298282
11.261000	89722800.000000	2.801074	0.652855	-0.018520	0.019435	9.078875	1.413771
11.277000	89722800.000000	2.800921	0.652855	-0.018461	-0.384189	9.125788	1.500203
11.308000	89722800.000000	2.800982	0.652883	-0.018564	-0.071610	9.085279	1.463871
11.339000	89722808.000000	2.801048	0.652859	-0.018544	0.022739	9.091845	1.430890
11.355000	89722808.000000	2.801048	0.652859	-0.018544	0.022739	9.091845	1.430890
11.386000	89722816.000000	2.801049	0.652832	-0.018538	-0.134237	9.080150	1.462367
11.402000	89722816.000000	2.801049	0.652832	-0.018538	-0.134237	9.080150	1.462367
11.433000	89722816.000000	2.801038	0.652826	-0.018528	-0.188570	9.089016	1.476732
11.464000	89722824.000000	2.801050	0.652797	-0.018539	-0.073098	9.086454	1.437478
11.480000	89722824.000000	2.801050	0.652797	-0.018539	-0.073098	9.086454	1.437478
11.511000	89722824.000000	2.801074	0.652817	-0.018490	0.238110	9.096471	1.380792
11.526000	89722824.000000	2.801074	0.652817	-0.018490	0.238110	9.096471	1.380792
11.558000	89722832.000000	2.800993	0.653023	-0.018718	-0.510343	9.184723	1.544387
11.589000	89722840.000000	2.800549	0.651053	-0.018416	2.874404	9.557955	1.329005
11.604000	89722840.000000	2.800549	0.651053	-0.018416	2.874404	9.557955	1.329005
11.636000	89722840.000000	2.801097	0.651045	-0.018019	2.644600	9.506901	1.546980
11.651000	89722848.000000	2.801087	0.651069	-0.018142	3.654613	9.550438	1.490029
11.682000	89722848.000000	2.801408	0.651002	-0.018362	5.822148	9.651442	1.174483
11.714000	89722848.000000	2.800987	0.653168	-0.019173	0.387302	9.093920	1.392735
11.729000	89722848.000000	2.800987	0.653168	-0.019173	0.387302	9.093920	1.392735
11.760000	89722856.000000	2.800992	0.650718	-0.019518	4.969234	10.268074	1.129044
11.792000	89722864.000000	2.800883	0.652839	-0.021128	0.419318	9.318959	1.411979
11.807000	89722864.000000	2.801086	0.652860	-0.022239	-0.024107	9.561074	1.571271
11.838000	89722864.000000	2.801086	0.652860	-0.022239	-0.024107	9.561074	1.571271
11.854000	89722872.000000	2.801104	0.652980	-0.024029	0.582875	9.211019	1.334978
11.885000	89722872.000000	2.800945	0.652759	-0.025016	-0.053711	9.689915	1.315194
11.916000	89722880.000000	2.800893	0.653261	-0.028929	-0.900133	9.083097	1.628248
11.932000	89722880.000000	2.801047	0.652797	-0.030748	0.107676	9.479897	1.449710
11.963000	89722880.000000	2.800961	0.652855	-0.032099	-0.669171	9.131982	1.610934
11.979000	89722880.000000	2.800961	0.652855	-0.032099	-0.669171	9.131982	1.610934
12.010000	89722888.000000	2.801246	0.652766	-0.035000	0.676116	9.087077	1.264001
12.041000	89722896.000000	2.800997	0.653071	-0.039569	-0.397386	8.949519	1.386732
12.057000	89722896.000000	2.800997	0.653071	-0.039569	-0.397386	8.949519	1.386732
12.088000	89722896.000000	2.801760	0.650093	-0.042126	6.258468	9.868917	1.066814
12.104000	89722896.000000	2.801760	0.650093	-0.042126	6.258468	9.868917	1.066814
12.135000	89722904.000000	2.801218	0.650721	-0.046621	4.095423	10.026939	1.636431
12.166000	89722904.000000	2.801218	0.650721	-0.046621	4.095423	10.026939	1.636431
12.182000	89722912.000000	2.801216	0.650630	-0.052214	4.934434	10.178499	1.354737
12.213000	89722912.000000	2.801482	0.650666	-0.057694	6.109210	10.279450	1.232713
12.228000	89722912.000000	2.801482	0.650666	-0.057694	6.109210	10.279450	1.232713
12.260000	89722920.000000	2.800603	0.652713	-0.061173	-0.114580	9.520797	2.000950
12.291000	89722920.000000	2.800710	0.650839	-0.063539	3.808510	10.217254	1.494262
12.306000	89722920.000000	2.800710	0.650839	-0.063539	3.808510	10.217254	1.494262
12.338000	89722928.000000	2.801111	0.652873	-0.069838	-0.408833	9.095954	1.724655
12.353000	89722928.000000	2.801111	0.652873	-0.069838	-0.408833	9.095954	1.724655
12.384000	89722928.000000	2.801202	0.652605	-0.076475	-0.058384	9.095658	1.540627
12.416000	89722936.000000	2.800999	0.652426	-0.083065	0.188049	9.071147	1.752382
12.431000	89722944.000000	2.801035	0.653030	-0.086388	-1.687190	9.007402	1.757977
12.462000	89722944.000000	2.801127	0.653072	-0.089867	-1.695288	9.067942	1.895163
12.478000	89722944.000000	2.801127	0.653072	-0.089867	-1.695288	9.067942	1.895163
12.509000	89722944.000000	2.801965	0.650361	-0.092629	7.464379	9.827991	0.486461
12.540000	89722952.000000	2.801053	0.652953	-0.099928	-0.758791	8.931264	1.663928
12.556000	89722960.000000	2.801097	0.652827	-0.102742	-1.471443	9.054780	1.730268
12.587000	89722960.000000	2.801097	0.652827	-0.102742	-1.471443	9.054780	1.730268
12.603000	89722960.000000	2.801096	0.652536	-0.105765	-0.757181	9.387132	1.673569
12.634000	89722960.000000	2.801193	0.652699	-0.109509	-0.923707	9.163037	1.710323
12.665000	89722968.000000	2.801356	0.652527	-0.113294	-0.092779	9.533430	1.832907
12.681000	89722968.000000	2.801398	0.652252	-0.119534	-0.884691	9.478730	1.815087
12.712000	89722976.000000	2.801171	0.652372	-0.123397	-0.056187	9.516652	1.800792
12.728000	89722976.000000	2.801171	0.652372	-0.123397	-0.056187	9.516652	1.800792
12.759000	89722976.000000	2.801093	0.652345	-0.126926	0.247707	9.093931	1.540741
12.790000	89722984.000000	2.801382	0.650556	-0.133622	4.194346	10.110531	1.606600
12.805000	89722984.000000	2.801382	0.650556	-0.133622	4.194346	10.110531	1.606600
12.837000	89722984.000000	2.800791	0.652261	-0.137338	-0.439698	9.189577	1.743897
12.852000	89722984.000000	2.800791	0.652261	-0.137338	-0.439698	9.189577	1.743897
12.883000	89722992.000000	2.800614	0.651798	-0.144541	0.577600	9.674582	1.815424
12.915000	89723000.000000	2.800759	0.652129	-0.151569	-0.070685	9.455657	1.628047
12.930000	89723000.000000	2.800759	0.652129	-0.151569	-0.070685	9.455657	1.628047
12.961000	89723000.000000	2.800795	0.652310	-0.154966	-1.563817	9.288534	1.613574
12.977000	89723008.000000	2.800800	0.652215	-0.159128	-1.822827	9.154575	1.496219
13.008000	89723008.000000	2.800988	0.652397	-0.163440	-2.807514	9.283772	1.483624
13.039000	89723016.000000	2.801450	0.651840	-0.170729	-0.555957	9.592864	1.235649
13.055000	89723016.000000	2.801587	0.652388	-0.175067	-2.049636	9.041691	1.169073
13.086000	89723016.000000	2.801926	0.652258	-0.179342	-2.637685	8.973723	1.160300
13.102000	89723016.000000	2.801926	0.652258	-0.179342	-2.637685	8.973723	1.160300
13.133000	89723024.000000	2.802114	0.651947	-0.183752	-1.485087	9.203095	1.173064
13.164000	89723024.000000	2.802469	0.651806	-0.193012	-0.331657	9.339256	1.254471
13.180000	89723024.000000	2.802469	0.651806	-0.193012	-0.331657	9.339256	1.254471
13.211000	89723032.000000	2.802682	0.651703	-0.197833	0.115914	9.514434	1.401678
13.227000	89723032.000000	2.802682	0.651703	-0.197833	0.115914	9.514434	1.401678
13.258000	89723040.000000	2.802514	0.651794	-0.207294	-1.183731	9.052478	1.514911
13.289000	89723040.000000	2.801723	0.651650	-0.216735	-1.349712	9.391746	1.810183
13.305000	89723040.000000	2.801723	0.651650	-0.216735	-1.349712	9.391746	1.810183
13.336000	89723048.000000	2.800929	0.651457	-0.221642	-0.145892	9.394281	1.717486
13.351000	89723048.000000	2.800929	0.651457	-0.221642	-0.145892	9.394281	1.717486
13.383000	89723056.000000	2.799144	0.651727	-0.231396	-0.465726	9.159188	2.102230
13.414000	89723056.000000	2.796931	0.649432	-0.240704	5.331282	10.355032	2.500286
13.429000	89723056.000000	2.796931	0.649432	-0.240704	5.331282	10.355032	2.500286
13.461000	89723064.000000	2.795125	0.649437	-0.245998	6.159287	10.418813	2.498683
13.476000	89723064.000000	2.795125	0.649437	-0.245998	6.159287	10.418813	2.498683
13.507000	89723064.000000	2.791697	0.651987	-0.258131	-2.042135	9.062390	3.277735
13.539000	89723064.000000	2.791697	0.651987	-0.258131	-2.042135	9.062390	3.277735
13.554000	89723064.000000	2.791697	0.651987	-0.258131	-2.042135	9.062390	3.277735
13.585000	89723072.000000	2.788414	0.651692	-0.270284	-0.745472	9.180554	3.509114
13.617000	89723080.000000	2.785869	0.651406	-0.283250	-0.018888	9.439435	3.882235
13.632000	89723088.000000	2.783562	0.651514	-0.296145	-1.401810	9.162501	3.930825
13.663000	89723088.000000	2.782827	0.651810	-0.302768	-2.266642	9.106102	3.705302
13.679000	89723088.000000	2.782827	0.651810	-0.302768	-2.266642	9.106102	3.705302
13.710000	89723088.000000	2.782633	0.651124	-0.309759	-0.546844	9.676890	3.712771
13.741000	89723096.000000	2.781667	0.651582	-0.323714	-2.378052	9.162613	3.356763
13.757000	89723104.000000	2.781708	0.650455	-0.330903	-1.143928	9.766252	3.300962
13.788000	89723104.000000	2.781894	0.650893	-0.337882	-0.696120	9.708751	3.122120
13.804000	89723104.000000	2.781894	0.650893	-0.337882	-0.696120	9.708751	3.122120
13.835000	89723104.000000	2.781913	0.650936	-0.345384	0.119729	9.428712	2.815732
13.866000	89723112.000000	2.781829	0.651202	-0.360071	-0.298038	9.443867	2.847764
13.882000	89723112.000000	2.781814	0.651027	-0.367988	-0.680984	9.207340	2.801843
13.913000	89723120.000000	2.781703	0.650903	-0.374847	-0.086713	9.390485	2.695105
13.929000	89723120.000000	2.781703	0.650903	-0.374847	-0.086713	9.390485	2.695105
13.960000	89723120.000000	2.781446	0.650926	-0.382451	0.243696	9.570644	2.670233
13.991000	89723128.000000	2.781925	0.648392	-0.395795	6.182050	10.500852	2.623001
14.007000	89723128.000000	2.780989	0.650864	-0.404036	-1.791957	9.392426	2.708323
14.038000	89723136.000000	2.781382	0.650510	-0.411476	0.384966	9.793211	2.790793
14.053000	89723136.000000	2.781382	0.650510	-0.411476	0.384966	9.793211	2.790793
14.084000	89723136.000000	2.780700	0.650796	-0.418982	-1.387491	9.589844	2.665534
14.116000	89723144.000000	2.780273	0.651063	-0.434313	-2.178841	9.145524	2.575096
14.131000	89723144.000000	2.780268	0.650686	-0.441604	-1.380604	9.437703	2.525270
14.162000	89723152.000000	2.780633	0.650702	-0.449576	0.198960	9.293343	2.723332
14.178000	89723152.000000	2.780633	0.650702	-0.449576	0.198960	9.293343	2.723332
14.209000	89723152.000000	2.779950	0.650403	-0.457400	-0.498135	9.234766	2.566735
14.240000	89723160.000000	2.779228	0.650839	-0.473247	-1.052307	9.336082	2.743207
14.256000	89723160.000000	2.779379	0.650388	-0.481376	0.313906	9.683884	2.854101
14.287000	89723160.000000	2.778725	0.650384	-0.489000	-1.501235	9.464664	2.794755
14.303000	89723160.000000	2.778725	0.650384	-0.489000	-1.501235	9.464664	2.794755
14.334000	89723168.000000	2.778660	0.650477	-0.498040	0.131006	9.485954	2.887969
14.365000	89723168.000000	2.777727	0.650092	-0.513892	-0.973595	9.635921	2.931563
14.381000	89723176.000000	2.777189	0.650433	-0.521680	-0.951445	9.421613	2.720356
14.412000	89723176.000000	2.777136	0.650221	-0.530065	-0.060976	9.483316	2.929981
14.428000	89723176.000000	2.777136	0.650221	-0.530065	-0.060976	9.483316	2.929981
14.459000	89723184.000000	2.776402	0.650327	-0.539120	-0.478220	9.678293	2.740508
14.490000	89723184.000000	2.775957	0.650055	-0.556665	-0.154698	9.525028	2.977710
14.506000	89723192.000000	2.775561	0.650104	-0.564747	0.650026	9.621921	2.748032
14.537000	89723192.000000	2.775303	0.650366	-0.573690	0.046873	9.612339	2.988044
14.552000	89723192.000000	2.775303	0.650366	-0.573690	0.046873	9.612339	2.988044
14.584000	89723200.000000	2.774717	0.650191	-0.582276	0.159047	9.194317	2.769303
14.615000	89723200.000000	2.774467	0.649661	-0.599630	0.794934	9.636660	2.767108
14.630000	89723208.000000	2.773750	0.649356	-0.607926	1.256582	9.609484	2.586374
14.662000	89723208.000000	2.773798	0.649776	-0.616797	0.813909	9.447841	2.773356
14.677000	89723208.000000	2.773798	0.649776	-0.616797	0.813909	9.447841	2.773356
14.708000	89723208.000000	2.773534	0.649933	-0.625332	1.962903	9.461875	2.675897
14.740000	89723216.000000	2.772849	0.649211	-0.642299	0.960331	9.611944	2.456340
14.755000	89723216.000000	2.772413	0.649115	-0.650932	0.177734	9.534849	2.571633
14.786000	89723224.000000	2.772013	0.648681	-0.659217	-0.449554	9.649811	2.557819
14.802000	89723224.000000	2.772013	0.648681	-0.659217	-0.449554	9.649811	2.557819
14.833000	89723224.000000	2.771859	0.649025	-0.667653	-0.456503	9.588829	2.530781
14.864000	89723232.000000	2.771738	0.648805	-0.684699	0.490200	9.735392	2.501653
14.880000	89723232.000000	2.771738	0.648805	-0.684699	0.490200	9.735392	2.501653
14.911000	89723232.000000	2.771812	0.648859	-0.692895	0.806089	9.778561	2.386731
14.927000	89723232.000000	2.771812	0.648859	-0.692895	0.806089	9.778561	2.386731
14.958000	89723240.000000	2.771575	0.647291	-0.708854	3.853168	10.536591	2.326905
14.989000	89723248.000000	2.771211	0.648595	-0.725412	-0.508778	10.095489	2.420844
15.005000	89723248.000000	2.771295	0.648824	-0.733242	-0.664735	9.845639	2.170631
15.036000	89723256.000000	2.771042	0.648947	-0.740720	-1.578382	9.842326	2.572347
15.052000	89723256.000000	2.771042	0.648947	-0.740720	-1.578382	9.842326	2.572347
15.083000	89723256.000000	2.771359	0.648442	-0.749559	1.339798	10.102646	1.819742
15.114000	89723264.000000	2.771029	0.648821	-0.764925	-0.014598	9.945882	2.251427
15.130000	89723264.000000	2.770858	0.649178	-0.772919	0.258435	9.772129	2.163571
15.161000	89723264.000000	2.770820	0.648666	-0.780937	0.586520	10.062038	2.038980
15.176000	89723264.000000	2.770820	0.648666	-0.780937	0.586520	10.062038	2.038980
15.208000	89723272.000000	2.770827	0.648301	-0.789278	-0.650651	9.563690	2.009440
15.239000	89723280.000000	2.770800	0.648608	-0.806387	0.139836	9.659614	1.938132
15.254000	89723280.000000	2.770800	0.648608	-0.806387	0.139836	9.659614	1.938132
15.286000	89723280.000000	2.770473	0.648684	-0.815143	-0.057566	9.508029	1.782593
15.301000	89723280.000000	2.770473	0.648684	-0.815143	-0.057566	9.508029	1.782593
15.332000	89723288.000000	2.770364	0.647679	-0.831124	0.918637	9.497808	1.605951
15.364000	89723296.000000	2.771470	0.648230	-0.848733	0.741831	9.737183	2.069048
15.379000	89723296.000000	2.771470	0.648230	-0.848733	0.741831	9.737183	2.069048
15.410000	89723296.000000	2.770934	0.648357	-0.857700	-0.125766	9.754220	1.775988
15.441000	89723304.000000	2.771386	0.648374	-0.875492	-0.629921	9.684935	1.744999
15.457000	89723304.000000	2.771344	0.648212	-0.884494	0.309094	9.598927	1.496866
15.488000	89723304.000000	2.771581	0.647930	-0.893448	-0.619562	9.559999	1.634143
15.504000	89723304.000000	2.771581	0.647930	-0.893448	-0.619562	9.559999	1.634143
15.535000	89723312.000000	2.771503	0.647539	-0.902305	0.447074	9.674725	1.514259
15.566000	89723312.000000	2.771903	0.647660	-0.921615	-0.691256	9.676358	1.469789
15.582000	89723320.000000	2.772044	0.647348	-0.930746	0.239829	9.775291	1.429515
15.613000	89723320.000000	2.772360	0.648090	-0.940013	-1.526607	9.497901	1.438274
15.629000	89723320.000000	2.772360	0.648090	-0.940013	-1.526607	9.497901	1.438274
15.660000	89723328.000000	2.772865	0.648161	-0.949797	-0.211909	9.493393	1.672885
15.691000	89723328.000000	2.772508	0.646721	-0.969043	-1.616579	9.814610	1.613806
15.707000	89723336.000000	2.772718	0.646753	-0.978490	1.304371	9.795426	1.499258
15.738000	89723336.000000	2.772936	0.646565	-0.988061	-1.154048	9.926575	1.683079
15.753000	89723344.000000	2.773326	0.646725	-0.997548	0.659030	10.085844	1.589929
15.785000	89723344.000000	2.773418	0.646876	-1.006983	1.416395	9.948786	1.582716
15.816000	89723344.000000	2.773339	0.646355	-1.016105	1.369114	9.697210	1.529437
15.831000	89723352.000000	2.772862	0.646227	-1.025265	-1.177932	10.049338	2.357769
15.863000	89723352.000000	2.773729	0.646395	-1.035391	1.686728	9.138324	1.405336
15.878000	89723352.000000	2.773729	0.646395	-1.035391	1.686728	9.138324	1.405336
15.909000	89723352.000000	2.773996	0.646862	-1.044564	1.264799	9.721935	1.869172
15.941000	89723360.000000	2.773866	0.647054	-1.063247	0.237178	9.475999	1.965713
15.956000	89723360.000000	2.773566	0.646193	-1.071965	-0.500076	9.960477	2.075600
15.987000	89723368.000000	2.773752	0.646005	-1.080983	0.247375	10.065630	2.137709
16.003000	89723368.000000	2.773752	0.646005	-1.080983	0.247375	10.065630	2.137709
16.034000	89723368.000000	2.773631	0.646527	-1.090290	2.104341	9.506291	2.083127
16.065000	89723376.000000	2.773355	0.645849	-1.108574	1.463137	9.942516	2.266614
16.081000	89723376.000000	2.773074	0.645697	-1.117957	0.115438	10.294442	2.424561
16.112000	89723384.000000	2.772936	0.645582	-1.127129	-0.824710	10.068943	2.567681
16.128000	89723384.000000	2.772936	0.645582	-1.127129	-0.824710	10.068943	2.567681
16.159000	89723384.000000	2.772845	0.645925	-1.136682	-0.327876	10.009583	2.476480
16.190000	89723392.000000	2.772554	0.645063	-1.155083	0.042666	9.822868	2.588754
16.206000	89723392.000000	2.772286	0.645478	-1.164469	-0.108480	10.438061	2.809500
16.237000	89723400.000000	2.772453	0.645932	-1.174015	0.202584	10.055322	2.740490
16.253000	89723400.000000	2.772453	0.645932	-1.174015	0.202584	10.055322	2.740490
16.284000	89723400.000000	2.772444	0.646058	-1.183463	0.943048	10.488896	2.974656
16.315000	89723408.000000	2.772336	0.646240	-1.202464	0.246264	9.482125	2.637346
16.331000	89723408.000000	2.771756	0.645605	-1.211517	-0.332333	9.434764	2.870544
16.362000	89723408.000000	2.772542	0.645065	-1.221289	3.235325	10.331958	2.694891
16.377000	89723408.000000	2.772542	0.645065	-1.221289	3.235325	10.331958	2.694891
16.409000	89723416.000000	2.773013	0.645614	-1.230249	4.055635	10.577251	2.884770
16.440000	89723416.000000	2.772310	0.646214	-1.240404	2.497856	10.456363	2.749451
16.455000	89723416.000000	2.772310	0.646214	-1.240404	2.497856	10.456363	2.749451
16.487000	89723424.000000	2.772518	0.645930	-1.260114	1.652624	9.986982	2.654614
16.502000	89723424.000000	2.772518	0.645930	-1.260114	1.652624	9.986982	2.654614
16.533000	89723432.000000	2.772375	0.645696	-1.278850	-0.060256	10.260279	2.682519
16.565000	89723440.000000	2.772614	0.645651	-1.298115	1.170616	10.526995	2.703256
16.580000	89723440.000000	2.772614	0.645651	-1.298115	1.170616	10.526995	2.703256
16.611000	89723440.000000	2.772734	0.645577	-1.308040	2.164533	10.036095	2.575088
16.627000	89723440.000000	2.772734	0.645577	-1.308040	2.164533	10.036095	2.575088
16.658000	89723448.000000	2.772269	0.645843	-1.327915	1.083233	9.997833	2.299711
16.689000	89723448.000000	2.771435	0.645865	-1.346487	-1.937392	9.518474	3.556066
16.705000	89723456.000000	2.772985	0.645371	-1.355959	2.573871	10.549736	2.478746
16.736000	89723456.000000	2.773330	0.645197	-1.365338	4.658645	10.780352	2.370180
16.752000	89723456.000000	2.773330	0.645197	-1.365338	4.658645	10.780352	2.370180
16.783000	89723456.000000	2.773165	0.645635	-1.375199	2.190618	10.012647	2.433265
16.814000	89723464.000000	2.773442	0.644882	-1.393793	3.872501	10.722633	2.292632
16.830000	89723464.000000	2.773442	0.644882	-1.393793	3.872501	10.722633	2.292632
16.861000	89723472.000000	2.773313	0.645410	-1.402636	3.210272	10.473413	2.324584
16.876000	89723472.000000	2.773313	0.645410	-1.402636	3.210272	10.473413	2.324584
16.908000	89723472.000000	2.773175	0.645352	-1.421091	-0.236287	10.526522	2.446231
16.939000	89723480.000000	2.773479	0.645445	-1.439804	0.616461	10.505078	2.286808
16.954000	89723480.000000	2.773479	0.645445	-1.439804	0.616461	10.505078	2.286808
16.986000	89723488.000000	2.773876	0.644781	-1.448929	1.641614	11.122896	2.349381
17.001000	89723488.000000	2.773876	0.644781	-1.448929	1.641614	11.122896	2.349381
17.032000	89723488.000000	2.773780	0.644268	-1.467108	1.677656	10.834555	2.059282
17.064000	89723496.000000	2.773812	0.645594	-1.485091	1.174426	10.129415	2.148714
17.079000	89723496.000000	2.773812	0.645594	-1.485091	1.174426	10.129415	2.148714
17.110000	89723496.000000	2.774462	0.644701	-1.494289	0.694751	10.567569	2.110048
17.142000	89723504.000000	2.773888	0.645679	-1.512655	0.073542	9.412076	1.918500
17.157000	89723504.000000	2.774296	0.645211	-1.521203	1.093530	10.301289	2.017324
17.188000	89723512.000000	2.774379	0.644437	-1.530857	3.008384	10.034596	2.014441
17.204000	89723512.000000	2.774310	0.644787	-1.539729	2.106048	10.243716	1.943968
17.235000	89723520.000000	2.774510	0.644743	-1.549149	2.783083	10.034868	1.967081
17.266000	89723520.000000	2.774350	0.644463	-1.558363	3.418569	10.227869	1.814122
17.282000	89723520.000000	2.774727	0.645040	-1.567625	3.398094	10.045757	1.788359
17.313000	89723528.000000	2.774778	0.643381	-1.577433	4.463337	10.601852	1.829546
17.329000	89723528.000000	2.774778	0.643381	-1.577433	4.463337	10.601852	1.829546
17.360000	89723528.000000	2.774688	0.644139	-1.586758	3.283636	9.972584	1.566164
17.391000	89723536.000000	2.774654	0.644841	-1.606652	-0.670912	9.389657	1.763244
17.407000	89723536.000000	2.774991	0.644805	-1.616530	0.468457	9.772642	1.811935
17.438000	89723544.000000	2.775088	0.644379	-1.626522	1.890348	9.597322	1.784103
17.454000	89723544.000000	2.775088	0.644379	-1.626522	1.890348	9.597322	1.784103
17.485000	89723544.000000	2.775231	0.644597	-1.636624	1.980949	9.508335	1.758147
17.516000	89723552.000000	2.775178	0.645047	-1.656943	-0.812200	9.192993	1.613612
17.532000	89723552.000000	2.775673	0.644768	-1.667565	-0.366928	9.108034	1.729269
17.563000	89723552.000000	2.775419	0.644870	-1.677949	-1.772024	9.192768	1.580034
17.578000	89723552.000000	2.775419	0.644870	-1.677949	-1.772024	9.192768	1.580034
17.610000	89723560.000000	2.776480	0.643903	-1.688104	3.605241	10.774263	1.782049
17.641000	89723560.000000	2.776561	0.643188	-1.698362	4.202591	10.875469	1.642150
17.656000	89723568.000000	2.776887	0.643436	-1.719152	3.822777	9.901752	1.732344
17.688000	89723568.000000	2.776767	0.643146	-1.729455	2.197608	9.881293	1.806100
17.703000	89723568.000000	2.776767	0.643146	-1.729455	2.197608	9.881293	1.806100
17.734000	89723576.000000	2.777169	0.643930	-1.739810	3.377100	9.649569	1.455214
17.766000	89723584.000000	2.778003	0.643600	-1.759645	1.399719	10.248184	1.986435
17.781000	89723584.000000	2.777842	0.643522	-1.769550	1.281347	9.838908	2.013330
17.812000	89723584.000000	2.777526	0.643154	-1.779432	3.463231	9.765262	1.867904
17.828000	89723584.000000	2.777526	0.643154	-1.779432	3.463231	9.765262	1.867904
17.859000	89723592.000000	2.777262	0.643462	-1.789183	2.391661	9.796452	1.688950
17.890000	89723592.000000	2.777315	0.642924	-1.808536	1.781645	9.250122	1.844431
17.906000	89723600.000000	2.778286	0.643153	-1.817697	0.736398	10.088275	2.192338
17.937000	89723600.000000	2.777252	0.643097	-1.827423	-0.144758	9.313010	1.965922
17.953000	89723600.000000	2.777252	0.643097	-1.827423	-0.144758	9.313010	1.965922
17.984000	89723600.000000	2.778296	0.643281	-1.836641	0.444425	10.229958	2.210828
18.015000	89723608.000000	2.778160	0.643582	-1.854720	4.026478	9.320878	2.046317
18.031000	89723616.000000	2.777776	0.643917	-1.863940	0.746239	8.871264	1.572393
18.062000	89723616.000000	2.777963	0.642637	-1.872954	2.123113	9.917270	2.280812
18.077000	89723616.000000	2.777963	0.642637	-1.872954	2.123113	9.917270	2.280812
18.109000	89723616.000000	2.778157	0.642329	-1.881840	5.731134	9.845262	2.080041
18.140000	89723624.000000	2.777697	0.642572	-1.899618	5.026000	9.837296	2.120456
18.155000	89723632.000000	2.777552	0.642471	-1.908958	4.858246	10.042761	2.505848
18.187000	89723632.000000	2.777579	0.642179	-1.918262	2.888535	9.543928	2.548773
18.202000	89723632.000000	2.777579	0.642179	-1.918262	2.888535	9.543928	2.548773
18.233000	89723632.000000	2.777286	0.642881	-1.927439	4.530838	9.855780	2.412714
18.265000	89723640.000000	2.777365	0.641695	-1.946278	4.924079	9.603721	2.421538
18.280000	89723640.000000	2.777285	0.642673	-1.956393	4.329239	9.609447	2.659703
18.311000	89723648.000000	2.777048	0.642084	-1.965977	0.284448	9.257093	2.801960
18.327000	89723648.000000	2.777048	0.642084	-1.965977	0.284448	9.257093	2.801960
18.358000	89723648.000000	2.776829	0.642170	-1.975959	2.094002	9.578955	2.584291
18.389000	89723656.000000	2.777054	0.641802	-1.996252	2.441928	9.431248	2.647161
18.405000	89723656.000000	2.777483	0.641316	-2.006334	5.395000	10.256581	2.597272
18.436000	89723664.000000	2.776767	0.640778	-2.016696	1.666877	10.202768	2.906411
18.452000	89723664.000000	2.776767	0.640778	-2.016696	1.666877	10.202768	2.906411
18.483000	89723664.000000	2.777509	0.640731	-2.026877	1.285394	10.480428	3.057206
18.514000	89723672.000000	2.777077	0.641061	-2.047753	2.116302	10.148380	3.076959
18.530000	89723672.000000	2.777077	0.641061	-2.047753	2.116302	10.148380	3.076959
18.561000	89723672.000000	2.776979	0.640781	-2.058100	1.588860	10.550670	3.109883
18.577000	89723672.000000	2.776979	0.640781	-2.058100	1.588860	10.550670	3.109883
18.608000	89723680.000000	2.776785	0.640955	-2.079106	1.841901	10.217855	2.883483
18.639000	89723688.000000	2.775961	0.641200	-2.100288	1.246097	9.439699	2.772128
18.655000	89723688.000000	2.776618	0.640308	-2.111060	4.950684	9.816584	2.539617
18.686000	89723688.000000	2.776431	0.640794	-2.121516	2.709076	9.959259	2.721251
18.701000	89723688.000000	2.776431	0.640794	-2.121516	2.709076	9.959259	2.721251
18.733000	89723696.000000	2.777025	0.640363	-2.131866	3.091636	10.075426	2.804382
18.764000	89723696.000000	2.776616	0.640150	-2.152693	1.856225	10.137062	2.847131
18.779000	89723704.000000	2.776497	0.640617	-2.162758	4.215684	10.171477	2.543371
18.811000	89723704.000000	2.776195	0.640506	-2.172905	2.486536	10.008297	2.457241
18.826000	89723704.000000	2.776195	0.640506	-2.172905	2.486536	10.008297	2.457241
18.857000	89723712.000000	2.775983	0.640601	-2.182793	3.449519	10.682889	2.475104
18.889000	89723712.000000	2.775935	0.640170	-2.202778	3.537549	10.542896	2.374809
18.904000	89723720.000000	2.775611	0.640135	-2.212353	2.025474	9.714992	2.230081
18.935000	89723720.000000	2.776028	0.640665	-2.221848	3.848481	9.632581	2.302794
18.967000	89723728.000000	2.775533	0.640148	-2.231706	4.256647	9.826594	2.145178
18.982000	89723728.000000	2.775779	0.640154	-2.241394	5.660087	10.411889	2.188481
19.013000	89723728.000000	2.775900	0.639921	-2.250877	4.210787	10.117076	2.376101
19.029000	89723728.000000	2.775900	0.639921	-2.250877	4.210787	10.117076	2.376101
19.060000	89723736.000000	2.775868	0.640369	-2.260377	4.275392	10.371177	2.374373
19.091000	89723736.000000	2.774969	0.639414	-2.279856	5.871875	10.015539	2.164074
19.107000	89723744.000000	2.774882	0.639746	-2.289128	6.614257	10.094256	2.281967
19.138000	89723744.000000	2.774415	0.639971	-2.298376	3.188222	10.231553	2.386317
19.154000	89723744.000000	2.774082	0.640493	-2.307196	2.397664	9.596356	2.315586
19.201000	89723752.000000	2.774221	0.638885	-2.316501	4.561075	10.390864	2.071507
19.201000	89723752.000000	2.774221	0.638885	-2.316501	4.561075	10.390864	2.071507
19.232000	89723752.000000	2.773888	0.639307	-2.325681	4.265437	10.243690	2.052671
19.263000	89723760.000000	2.773832	0.640019	-2.343575	6.484980	10.044845	1.800692
19.278000	89723760.000000	2.773758	0.638556	-2.352829	7.808647	10.674081	2.044497
19.310000	89723768.000000	2.773118	0.639075	-2.361677	4.192746	10.074346	2.009986
19.341000	89723768.000000	2.772845	0.639381	-2.371149	6.014107	10.222013	1.511890
19.356000	89723776.000000	2.772110	0.639535	-2.380221	3.156489	9.896827	1.865469
19.388000	89723776.000000	2.771921	0.640012	-2.389500	3.216096	9.617503	1.963768
19.403000	89723776.000000	2.771850	0.639437	-2.399152	3.722184	10.250725	1.977182
19.434000	89723784.000000	2.771920	0.639397	-2.408845	8.200218	10.341092	1.660566
19.466000	89723784.000000	2.771080	0.639143	-2.418553	3.178501	10.025666	1.818990
19.481000	89723784.000000	2.770988	0.639264	-2.428322	5.237945	10.254824	1.701762
19.512000	89723792.000000	2.770854	0.638756	-2.438405	4.735302	10.408606	1.696143
19.528000	89723792.000000	2.770854	0.638756	-2.438405	4.735302	10.408606	1.696143
19.559000	89723792.000000	2.770650	0.639241	-2.448348	5.812153	10.368369	1.742311
19.590000	89723800.000000	2.770095	0.638672	-2.468638	5.277124	10.012408	1.888131
19.606000	89723800.000000	2.770203	0.638975	-2.478713	9.671346	10.008220	1.214917
19.637000	89723808.000000	2.769492	0.639106	-2.488877	6.767816	9.946340	1.730756
19.653000	89723808.000000	2.769176	0.639197	-2.499009	6.403979	10.001354	1.575367
19.684000	89723808.000000	2.768915	0.639404	-2.509129	6.579391	9.718236	1.575354
19.715000	89723816.000000	2.768712	0.639435	-2.519554	6.241239	10.027364	1.561976
19.731000	89723816.000000	2.768341	0.639439	-2.529965	5.106893	9.987435	1.622906
19.762000	89723824.000000	2.768036	0.639022	-2.540726	1.732086	10.436094	1.607293
19.778000	89723824.000000	2.768036	0.639022	-2.540726	1.732086	10.436094	1.607293
19.809000	89723824.000000	2.767342	0.639095	-2.550748	2.891788	9.675457	1.721409
19.840000	89723832.000000	2.766449	0.639444	-2.571600	4.633800	9.556970	1.605334
19.856000	89723832.000000	2.766711	0.639171	-2.582000	10.212561	9.591315	1.207946
19.887000	89723832.000000	2.766283	0.639276	-2.592480	10.290115	9.560789	1.159647
19.902000	89723832.000000	2.766283	0.639276	-2.592480	10.290115	9.560789	1.159647
19.934000	89723840.000000	2.765717	0.638877	-2.602855	8.235113	9.525402	1.223205
19.965000	89723840.000000	2.764892	0.639033	-2.623460	9.702153	9.571715	1.221175
19.980000	89723848.000000	2.764085	0.638996	-2.633502	6.656633	9.492471	1.406422
20.012000	89723848.000000	2.764157	0.639947	-2.643457	10.349973	9.580871	1.250241
20.027000	89723848.000000	2.764157	0.639947	-2.643457	10.349973	9.580871	1.250241
20.058000	89723856.000000	2.763798	0.639531	-2.653359	9.386768	9.534644	1.234927
20.090000	89723856.000000	2.762040	0.639617	-2.672949	6.001394	9.636127	1.602851
20.105000	89723856.000000	2.762040	0.639617	-2.672949	6.001394	9.636127	1.602851
20.136000	89723864.000000	2.761669	0.639823	-2.682649	7.224148	9.121920	1.510893
20.152000	89723864.000000	2.761669	0.639823	-2.682649	7.224148	9.121920	1.510893
20.183000	89723872.000000	2.760929	0.639609	-2.702065	10.965443	9.917814	1.256156
20.214000	89723872.000000	2.759454	0.640385	-2.721334	7.250748	9.435252	1.854939
20.230000	89723880.000000	2.758503	0.639727	-2.730339	2.794941	9.447598	1.971161
20.261000	89723880.000000	2.758139	0.640062	-2.739620	4.795622	9.429567	1.787572
20.277000	89723880.000000	2.758139	0.640062	-2.739620	4.795622	9.429567	1.787572
20.308000	89723880.000000	2.757666	0.640956	-2.748830	7.223692	9.185616	1.647887
20.339000	89723888.000000	2.758172	0.640917	-2.767479	9.952487	9.714670	2.347380
20.355000	89723888.000000	2.757500	0.640331	-2.777038	8.520698	9.684504	2.458179
20.386000	89723888.000000	2.757500	0.640331	-2.777038	8.520698	9.684504	2.458179
20.402000	89723896.000000	2.756076	0.640339	-2.786081	9.845485	10.728151	1.741702
20.433000	89723896.000000	2.754685	0.641575	-2.795559	7.076841	8.880465	1.577079
20.464000	89723904.000000	2.754297	0.640567	-2.814999	8.867148	10.566968	1.492059
20.480000	89723904.000000	2.753562	0.638892	-2.825571	5.488801	11.194040	1.942506
20.511000	89723912.000000	2.753223	0.638496	-2.835225	6.671107	11.232985	1.996742
20.526000	89723912.000000	2.753223	0.638496	-2.835225	6.671107	11.232985	1.996742
20.558000	89723912.000000	2.752281	0.639356	-2.844825	5.082594	10.182001	1.850590
20.589000	89723920.000000	2.751018	0.638554	-2.866080	5.865571	11.207387	1.997746
20.604000	89723920.000000	2.751018	0.638554	-2.866080	5.865571	11.207387	1.997746
20.635000	89723928.000000	2.749691	0.640163	-2.886611	6.094563	10.485133	1.671578
20.667000	89723928.000000	2.749050	0.640470	-2.897660	7.275985	9.196115	1.177085
20.682000	89723928.000000	2.748912	0.638875	-2.908621	7.882265	11.343571	1.985561
20.713000	89723936.000000	2.748392	0.640389	-2.918876	8.297153	10.992604	1.763075
20.729000	89723936.000000	2.748040	0.639980	-2.929943	9.949268	11.075204	1.820696
20.760000	89723936.000000	2.746622	0.637512	-2.941563	7.190991	11.779094	1.546479
20.791000	89723944.000000	2.745852	0.639638	-2.951546	3.354759	10.606549	1.738092
20.807000	89723944.000000	2.745740	0.639629	-2.962737	5.927594	10.542455	1.474350
20.838000	89723952.000000	2.744776	0.639868	-2.973393	6.123944	9.495524	1.392744
20.854000	89723952.000000	2.744875	0.639819	-2.983866	8.644346	11.417718	1.660208
20.885000	89723952.000000	2.744875	0.639819	-2.983866	8.644346	11.417718	1.660208
20.916000	89723952.000000	2.743359	0.639936	-2.994582	5.318207	9.059659	1.153143
20.932000	89723960.000000	2.743003	0.639267	-3.015770	10.484965	10.185525	1.140021
20.963000	89723968.000000	2.741984	0.640436	-3.026082	4.676957	10.432328	1.467053
20.979000	89723968.000000	2.741185	0.640694	-3.036448	5.970395	9.704999	1.452241
21.010000	89723968.000000	2.741036	0.639994	-3.047043	8.275178	9.833899	1.162864
21.041000	89723976.000000	2.739778	0.639934	-3.057296	4.172152	10.676815	1.568071
21.057000	89723976.000000	2.740095	0.639477	-3.067540	8.402194	10.786511	1.343456
21.088000	89723976.000000	2.739251	0.638645	-3.078268	5.870149	11.367416	1.573302
21.103000	89723984.000000	2.738235	0.640198	-3.087544	5.651421	10.833799	1.438615
21.135000	89723984.000000	2.738127	0.638171	-3.098608	7.353245	11.306869	1.482906
21.166000	89723984.000000	2.736956	0.641026	-3.108121	2.573259	10.255734	1.196609
21.181000	89723992.000000	2.736565	0.639883	-3.118423	5.541001	10.569444	1.336468
21.213000	89723992.000000	2.735868	0.640059	-3.128771	7.242549	11.181398	1.312687
21.228000	89723992.000000	2.735868	0.640059	-3.128771	7.242549	11.181398	1.312687
21.259000	89724000.000000	2.736051	0.639640	-3.139044	10.536513	11.283929	1.195348
21.291000	89724000.000000	2.733238	0.640216	-3.159077	4.596202	10.213437	1.537090
21.306000	89724008.000000	2.733295	0.640433	-3.169221	9.624492	10.327798	1.140144
21.337000	89724008.000000	2.732692	0.639805	-3.179363	9.609880	11.143727	1.293201
21.353000	89724008.000000	2.732692	0.639805	-3.179363	9.609880	11.143727	1.293201
21.384000	89724016.000000	2.731208	0.639845	-3.199365	9.223118	11.132828	1.260564
21.415000	89724016.000000	2.730218	0.640895	-3.209514	9.273243	10.265700	1.154270
21.431000	89724024.000000	2.729766	0.638606	-3.220415	8.206606	11.476151	1.621619
21.462000	89724024.000000	2.729183	0.640283	-3.229997	8.434109	10.477744	1.208361
21.478000	89724024.000000	2.729183	0.640283	-3.229997	8.434109	10.477744	1.208361
21.509000	89724024.000000	2.727466	0.639489	-3.240565	4.308938	10.815011	1.154400
21.540000	89724032.000000	2.726389	0.639080	-3.261014	7.920899	11.475766	1.940920
21.556000	89724032.000000	2.725645	0.639608	-3.271141	9.255785	11.310231	1.383737
21.587000	89724040.000000	2.725518	0.638550	-3.282079	8.198528	11.495983	1.792918
21.603000	89724040.000000	2.725518	0.638550	-3.282079	8.198528	11.495983	1.792918
21.634000	89724040.000000	2.724167	0.638486	-3.292436	6.083463	11.344331	1.623947
21.665000	89724048.000000	2.722142	0.639668	-3.312527	5.904649	11.034526	1.485516
21.681000	89724048.000000	2.721704	0.639815	-3.323050	7.079429	10.606720	1.256448
21.712000	89724056.000000	2.720876	0.639603	-3.333831	6.160979	10.326052	1.350906
21.727000	89724056.000000	2.720150	0.637938	-3.345217	9.974047	12.105664	1.703821
21.759000	89724064.000000	2.718477	0.639445	-3.355478	8.988302	10.816873	1.371242
21.790000	89724064.000000	2.718324	0.639720	-3.366190	9.545775	10.651543	1.515114
21.805000	89724064.000000	2.717275	0.639505	-3.377118	8.282639	10.680933	1.471807
21.837000	89724072.000000	2.716880	0.639059	-3.388077	14.829133	11.120923	1.144749
21.852000	89724072.000000	2.716880	0.639059	-3.388077	14.829133	11.120923	1.144749
21.883000	89724072.000000	2.714898	0.639497	-3.398425	3.707176	10.550761	1.838017
21.914000	89724080.000000	2.713782	0.639358	-3.420398	9.334649	10.727206	1.523505
21.930000	89724080.000000	2.713782	0.639358	-3.420398	9.334649	10.727206	1.523505
21.961000	89724080.000000	2.713132	0.639901	-3.430995	11.795197	10.546595	1.304039
21.977000	89724080.000000	2.713132	0.639901	-3.430995	11.795197	10.546595	1.304039
22.008000	89724088.000000	2.710353	0.638929	-3.452355	0.630329	10.423834	2.243866
22.039000	89724096.000000	2.708524	0.638515	-3.474419	4.798604	11.433019	1.794319
22.055000	89724096.000000	2.707697	0.640028	-3.484193	5.986444	10.019117	1.646067
22.086000	89724096.000000	2.706711	0.639711	-3.494859	6.602421	10.836938	1.700617
22.102000	89724096.000000	2.706711	0.639711	-3.494859	6.602421	10.836938	1.700617
22.133000	89724104.000000	2.705664	0.639145	-3.505300	7.327866	9.569803	1.968473
22.164000	89724112.000000	2.703840	0.639835	-3.526071	5.948694	9.244884	2.115940
22.180000	89724112.000000	2.703840	0.639835	-3.526071	5.948694	9.244884	2.115940
22.211000	89724112.000000	2.702754	0.639249	-3.536789	8.046433	9.464290	1.952662
22.226000	89724112.000000	2.702754	0.639249	-3.536789	8.046433	9.464290	1.952662
22.258000	89724120.000000	2.701380	0.638768	-3.557028	6.252365	9.556809	2.025404
22.289000	89724120.000000	2.700103	0.638642	-3.566699	2.903416	9.841718	2.130552
22.304000	89724120.000000	2.700103	0.638642	-3.566699	2.903416	9.841718	2.130552
22.336000	89724128.000000	2.698708	0.638340	-3.586860	5.800850	10.083038	1.948928
22.351000	89724128.000000	2.698708	0.638340	-3.586860	5.800850	10.083038	1.948928
22.382000	89724128.000000	2.696585	0.639129	-3.606443	7.770761	9.512996	1.959665
22.414000	89724136.000000	2.694641	0.640172	-3.625368	1.874341	8.859534	2.426829
22.429000	89724144.000000	2.693803	0.638816	-3.634718	3.591560	9.669047	2.287299
22.460000	89724144.000000	2.693063	0.638939	-3.644692	3.750489	9.513642	2.292160
22.492000	89724144.000000	2.692081	0.638826	-3.654236	1.616074	9.610040	2.227415
22.507000	89724152.000000	2.691551	0.638966	-3.664086	5.342777	9.758992	2.202582
22.538000	89724152.000000	2.690259	0.639037	-3.673431	3.857825	9.690645	1.890571
22.554000	89724160.000000	2.689250	0.639085	-3.683002	1.258969	9.630018	2.108845
22.585000	89724160.000000	2.688788	0.639257	-3.693188	5.618292	9.529171	2.013070
22.616000	89724160.000000	2.688047	0.638650	-3.703440	2.996200	9.470551	1.945532
22.632000	89724160.000000	2.688047	0.638650	-3.703440	2.996200	9.470551	1.945532
22.663000	89724168.000000	2.687111	0.639679	-3.713045	6.939867	10.042233	1.667161
22.679000	89724168.000000	2.687111	0.639679	-3.713045	6.939867	10.042233	1.667161
22.710000	89724168.000000	2.685342	0.639652	-3.732881	3.760449	9.849698	2.038811
22.741000	89724176.000000	2.683736	0.639503	-3.753304	6.172098	9.985147	1.601347
22.757000	89724176.000000	2.683736	0.639503	-3.753304	6.172098	9.985147	1.601347
22.788000	89724176.000000	2.682744	0.639449	-3.763469	5.710179	9.971301	1.577545
22.804000	89724184.000000	2.680296	0.639100	-3.784346	0.055245	9.738173	1.866214
22.835000	89724192.000000	2.679473	0.639106	-3.794711	0.707472	9.374789	1.718313
22.866000	89724192.000000	2.678777	0.638545	-3.805701	1.202155	9.211241	1.616346
22.882000	89724192.000000	2.678668	0.639389	-3.816295	6.895231	9.895006	1.671258
22.913000	89724200.000000	2.677840	0.639235	-3.826810	7.687334	10.041782	1.322897
22.928000	89724200.000000	2.677840	0.639235	-3.826810	7.687334	10.041782	1.322897
22.960000	89724200.000000	2.676631	0.639384	-3.837301	4.480743	9.813359	1.386585
22.991000	89724208.000000	2.675516	0.639212	-3.858284	9.012874	9.964512	0.994669
23.006000	89724208.000000	2.675186	0.639410	-3.868788	10.688697	10.259355	0.959424
23.038000	89724216.000000	2.673945	0.640307	-3.878419	4.970904	9.866174	1.177558
23.053000	89724216.000000	2.674001	0.639886	-3.888875	8.019287	9.951156	1.088830
23.084000	89724216.000000	2.673259	0.639674	-3.899010	8.432969	10.203332	0.955608
23.116000	89724224.000000	2.671966	0.639577	-3.908865	3.907096	9.827793	1.190016
23.131000	89724224.000000	2.671167	0.639992	-3.918941	4.327489	9.678898	1.051811
23.162000	89724224.000000	2.670330	0.639720	-3.928559	4.462100	9.812996	1.211322
23.178000	89724232.000000	2.669981	0.639371	-3.938416	8.612731	9.889051	1.004591
23.209000	89724232.000000	2.668768	0.639662	-3.947962	4.849506	10.206414	0.755045
23.240000	89724240.000000	2.668715	0.639574	-3.957824	7.983719	10.387264	0.700958
23.256000	89724240.000000	2.667890	0.639919	-3.967229	3.647279	9.719069	0.822628
23.287000	89724240.000000	2.666814	0.639793	-3.976548	0.607731	8.943466	1.002722
23.303000	89724240.000000	2.666814	0.639793	-3.976548	0.607731	8.943466	1.002722
23.334000	89724248.000000	2.666476	0.639545	-3.986116	3.728141	9.465042	0.827493
23.365000	89724256.000000	2.665492	0.639345	-4.005186	8.357539	10.217681	0.711693
23.381000	89724256.000000	2.664222	0.639689	-4.014443	3.589859	9.667355	0.638537
23.412000	89724256.000000	2.663780	0.640299	-4.022998	3.136870	9.420359	0.974293
23.427000	89724264.000000	2.662652	0.639871	-4.032263	-0.551064	9.309939	0.883449
23.459000	89724264.000000	2.662616	0.639626	-4.042010	2.607517	9.478917	0.812133
23.490000	89724264.000000	2.662506	0.639580	-4.051373	7.247077	9.682110	0.320776
23.505000	89724272.000000	2.661876	0.639881	-4.060473	8.199559	9.977055	0.223176
23.537000	89724272.000000	2.661229	0.639801	-4.069560	5.727777	9.404167	0.472974
23.552000	89724272.000000	2.661229	0.639801	-4.069560	5.727777	9.404167	0.472974
23.583000	89724272.000000	2.660397	0.639665	-4.078760	6.156456	9.209805	0.251889
23.615000	89724280.000000	2.659413	0.639791	-4.097278	6.774882	9.277195	0.532314
23.630000	89724288.000000	2.658713	0.639871	-4.106626	7.242743	9.142658	0.326911
23.661000	89724288.000000	2.658317	0.639772	-4.115922	8.952662	9.600070	0.005320
23.677000	89724288.000000	2.658317	0.639772	-4.115922	8.952662	9.600070	0.005320
23.708000	89724288.000000	2.657919	0.639296	-4.125187	8.548832	9.647505	0.132735
23.739000	89724296.000000	2.656705	0.639334	-4.143979	9.024258	9.968987	0.125433
23.755000	89724304.000000	2.655972	0.640287	-4.153229	5.927770	9.732063	0.014463
23.786000	89724304.000000	2.655084	0.639967	-4.162746	4.290137	9.856811	0.100442
23.802000	89724304.000000	2.655084	0.639967	-4.162746	4.290137	9.856811	0.100442
23.833000	89724304.000000	2.654086	0.640216	-4.172014	1.135615	9.305652	0.108268
23.864000	89724312.000000	2.653938	0.639189	-4.191364	5.289528	9.685830	0.620347
23.880000	89724312.000000	2.653060	0.639057	-4.200994	5.572165	9.892505	0.373893
23.911000	89724320.000000	2.652469	0.638758	-4.211069	5.870833	9.262975	0.100072
23.927000	89724320.000000	2.652469	0.638758	-4.211069	5.870833	9.262975	0.100072
23.958000	89724320.000000	2.651702	0.639046	-4.221058	3.842598	10.070046	0.224320
23.989000	89724328.000000	2.650470	0.639183	-4.241905	4.630505	9.144605	0.222899
24.005000	89724328.000000	2.649358	0.639108	-4.251989	1.691439	9.844181	0.425679
24.036000	89724336.000000	2.649192	0.639234	-4.262786	8.183857	9.483394	0.161331
24.051000	89724336.000000	2.649192	0.639234	-4.262786	8.183857	9.483394	0.161331
24.083000	89724336.000000	2.648734	0.639432	-4.273612	7.944749	10.147598	0.047945
24.114000	89724344.000000	2.646997	0.639373	-4.294895	3.622366	9.135602	0.332677
24.129000	89724344.000000	2.646051	0.639341	-4.306044	0.164820	9.713112	0.682841
24.161000	89724352.000000	2.645850	0.638691	-4.316813	3.367191	10.321766	0.348341
24.176000	89724352.000000	2.645850	0.638691	-4.316813	3.367191	10.321766	0.348341
24.207000	89724352.000000	2.645229	0.639201	-4.327574	5.163224	10.684120	0.313325
24.239000	89724360.000000	2.643693	0.639253	-4.348751	3.726924	9.344268	0.238951
24.254000	89724360.000000	2.642782	0.639369	-4.359115	1.251097	9.356262	0.425643
24.285000	89724360.000000	2.642239	0.638995	-4.369975	-1.489176	9.940525	0.605183
24.317000	89724368.000000	2.641739	0.640287	-4.379391	3.034315	8.969896	0.270045
24.332000	89724368.000000	2.641209	0.639499	-4.389886	5.149454	9.577735	0.117841
24.363000	89724368.000000	2.640535	0.638228	-4.400340	7.917414	10.156079	-0.113719
24.379000	89724376.000000	2.639676	0.638366	-4.410510	4.090591	10.366233	0.356108
24.410000	89724376.000000	2.638346	0.639742	-4.419333	-0.017693	9.480855	0.639391
24.441000	89724384.000000	2.637819	0.639012	-4.428886	1.037551	10.063748	0.519318
24.457000	89724384.000000	2.637093	0.640119	-4.437555	0.305568	9.890593	0.559513
24.488000	89724384.000000	2.636429	0.639371	-4.446611	1.119805	9.430685	0.521027
24.504000	89724392.000000	2.636687	0.638637	-4.456285	3.101068	10.209236	0.634787
24.535000	89724392.000000	2.636152	0.639350	-4.464096	6.877647	9.328235	0.168215
24.566000	89724400.000000	2.635174	0.639555	-4.472099	4.426738	9.240525	0.384727
24.582000	89724400.000000	2.634634	0.638646	-4.480155	3.231891	9.979734	0.534715
24.613000	89724400.000000	2.633701	0.639707	-4.487325	-0.858531	9.805096	0.837875
24.628000	89724400.000000	2.633701	0.639707	-4.487325	-0.858531	9.805096	0.837875
24.660000	89724408.000000	2.633101	0.639726	-4.494690	-1.325705	9.647691	0.814573
24.691000	89724408.000000	2.631886	0.639529	-4.508675	-1.429768	9.368657	0.755904
24.706000	89724416.000000	2.631444	0.639370	-4.515679	-1.243405	9.492462	0.799895
24.738000	89724416.000000	2.631501	0.639267	-4.521823	0.742921	9.675763	0.806085
24.753000	89724416.000000	2.631501	0.639267	-4.521823	0.742921	9.675763	0.806085
24.784000	89724416.000000	2.631223	0.638851	-4.527986	2.964746	9.339414	0.708107
24.816000	89724424.000000	2.630015	0.638773	-4.539457	3.268253	9.326629	0.692586
24.831000	89724432.000000	2.628692	0.639207	-4.544500	-2.657191	8.781752	1.049725
24.862000	89724432.000000	2.628219	0.639177	-4.549514	-2.510365	8.866851	0.977671
24.878000	89724432.000000	2.627985	0.639651	-4.554439	-3.103396	9.086466	1.043879
24.909000	89724440.000000	2.627646	0.639682	-4.558975	-3.267997	9.177699	1.055335
24.940000	89724440.000000	2.627523	0.639774	-4.563342	-2.342941	8.750199	1.080366
24.956000	89724440.000000	2.627523	0.639774	-4.563342	-2.342941	8.750199	1.080366
24.987000	89724448.000000	2.627109	0.639576	-4.567459	-4.310239	8.862798	1.169544
25.003000	89724448.000000	2.627109	0.639576	-4.567459	-4.310239	8.862798	1.169544
25.034000	89724448.000000	2.627224	0.640029	-4.574762	-2.326589	9.202141	0.841969
25.065000	89724456.000000	2.627890	0.638914	-4.581784	6.068302	9.514917	0.475013
25.081000	89724456.000000	2.627890	0.638914	-4.581784	6.068302	9.514917	0.475013
25.112000	89724456.000000	2.627549	0.639453	-4.584828	3.714186	9.477908	0.604974
25.128000	89724456.000000	2.627549	0.639453	-4.584828	3.714186	9.477908	0.604974
25.159000	89724464.000000	2.626976	0.639576	-4.589370	3.123069	9.492588	0.525291
25.190000	89724472.000000	2.626598	0.640269	-4.593233	5.707366	8.984212	0.558401
25.206000	89724472.000000	2.626484	0.640084	-4.594688	6.803850	9.037583	0.484400
25.237000	89724480.000000	2.626325	0.640459	-4.596415	4.819700	9.200843	0.372233
25.252000	89724480.000000	2.626325	0.640459	-4.596415	4.819700	9.200843	0.372233
25.284000	89724480.000000	2.626460	0.639461	-4.597404	5.431123	9.127350	0.370503
25.315000	89724488.000000	2.626115	0.639507	-4.599159	4.375853	8.366570	0.180275
25.330000	89724488.000000	2.626198	0.639651	-4.599973	6.279274	8.471194	0.546641
25.362000	89724496.000000	2.626409	0.638874	-4.600338	8.122762	8.925476	0.064073
25.377000	89724496.000000	2.626409	0.638874	-4.600338	8.122762	8.925476	0.064073
25.408000	89724496.000000	2.625884	0.639519	-4.600460	6.709606	8.712565	0.344589
25.440000	89724504.000000	2.625941	0.639201	-4.600172	5.467143	8.722135	0.217213
25.455000	89724504.000000	2.625995	0.638815	-4.600128	6.111116	8.706433	0.251355
25.486000	89724504.000000	2.626044	0.638790	-4.600030	6.369262	8.735711	0.237933
25.502000	89724512.000000	2.625900	0.639453	-4.599802	5.468336	8.667474	0.562502
25.533000	89724512.000000	2.626037	0.638783	-4.599924	6.274506	8.704410	0.240901
25.564000	89724512.000000	2.626009	0.638747	-4.599990	6.242645	8.719487	0.240580
25.580000	89724520.000000	2.625982	0.638769	-4.600043	6.110910	8.687445	0.247269
25.611000	89724520.000000	2.625871	0.639471	-4.599924	5.362737	8.636098	0.559090
25.627000	89724520.000000	2.625871	0.639471	-4.599924	5.362737	8.636098	0.559090
25.658000	89724528.000000	2.626039	0.638872	-4.600029	6.151790	8.717182	0.229408
25.689000	89724528.000000	2.626047	0.638995	-4.599932	6.434383	8.767428	0.195202
25.705000	89724536.000000	2.626084	0.639017	-4.599937	6.584575	8.845158	0.157041
25.736000	89724536.000000	2.626091	0.639143	-4.599937	6.548579	8.913475	0.131926
25.752000	89724536.000000	2.626091	0.639143	-4.599937	6.548579	8.913475	0.131926
25.783000	89724544.000000	2.626122	0.638995	-4.600012	6.869513	8.669425	0.182060
25.814000	89724544.000000	2.626046	0.638625	-4.600081	6.431284	8.687247	0.231844
25.829000	89724552.000000	2.626149	0.638951	-4.600001	6.875427	8.665236	0.164695
25.861000	89724552.000000	2.626139	0.638863	-4.600031	6.718163	8.635646	0.155438
25.876000	89724552.000000	2.626139	0.638863	-4.600031	6.718163	8.635646	0.155438
25.907000	89724552.000000	2.626001	0.638779	-4.600028	6.270353	8.693177	0.218364
25.939000	89724560.000000	2.626068	0.638631	-4.599993	5.665793	9.125000	0.305265
25.954000	89724560.000000	2.626169	0.638886	-4.599910	6.139375	9.165954	0.472013
25.985000	89724568.000000	2.626145	0.638761	-4.600056	6.862717	8.622602	0.187213
26.017000	89724568.000000	2.626134	0.638781	-4.600036	6.871156	8.625814	0.190234
26.032000	89724576.000000	2.626133	0.638751	-4.600051	6.826494	8.666199	0.192038
26.063000	89724576.000000	2.626743	0.637497	-4.600751	2.769921	10.446205	0.839893
26.079000	89724576.000000	2.626354	0.637394	-4.600541	2.289894	10.469744	0.782181
26.110000	89724584.000000	2.626272	0.637560	-4.600745	2.819203	10.359043	0.770795
26.141000	89724584.000000	2.626080	0.637352	-4.600376	2.674634	10.526163	0.685961
26.157000	89724592.000000	2.625995	0.637534	-4.600312	1.500386	10.701992	0.703404
26.188000	89724592.000000	2.625978	0.637627	-4.600535	2.150631	10.660932	0.660620
26.204000	89724592.000000	2.625978	0.637627	-4.600535	2.150631	10.660932	0.660620
26.235000	89724592.000000	2.625966	0.638424	-4.600083	4.150731	9.892744	0.520021
26.266000	89724600.000000	2.625743	0.637543	-4.600616	2.061023	10.573955	0.602212
26.282000	89724600.000000	2.625977	0.637596	-4.600579	2.149069	10.539371	0.725803
26.313000	89724608.000000	2.625855	0.637448	-4.600559	1.823456	10.679318	0.682573
26.329000	89724608.000000	2.626032	0.637587	-4.600695	2.074506	10.544501	0.810428
26.360000	89724608.000000	2.626298	0.637665	-4.600591	2.614946	10.530689	0.665787
26.391000	89724616.000000	2.626090	0.638999	-4.599798	4.846974	8.659705	0.788764
26.407000	89724616.000000	2.625857	0.639436	-4.599880	5.456191	8.669819	0.562804
26.438000	89724624.000000	2.626090	0.639030	-4.599798	4.738321	8.670364	0.784156
26.453000	89724624.000000	2.626080	0.639024	-4.599796	4.758651	8.664984	0.788687
26.485000	89724624.000000	2.626114	0.639038	-4.599788	4.785138	8.671905	0.795864
26.516000	89724632.000000	2.626111	0.638995	-4.599770	4.672592	8.666949	0.799804
26.531000	89724632.000000	2.626113	0.638978	-4.599781	4.571564	8.676111	0.769584
26.563000	89724640.000000	2.626124	0.639011	-4.599791	4.514525	8.667932	0.799453
26.578000	89724640.000000	2.626011	0.638755	-4.600007	6.208221	8.719668	0.240277
26.609000	89724640.000000	2.625987	0.638764	-4.600009	6.179457	8.722210	0.243541
26.641000	89724648.000000	2.626077	0.638932	-4.599869	4.545444	8.799820	0.788816
26.656000	89724648.000000	2.625915	0.638997	-4.599814	4.390682	8.685984	0.585709
26.687000	89724648.000000	2.625991	0.638840	-4.600044	6.295639	8.711843	0.207355
26.703000	89724648.000000	2.625991	0.638840	-4.600044	6.295639	8.711843	0.207355
26.734000	89724656.000000	2.626019	0.638801	-4.600069	6.322667	8.727984	0.240193
26.765000	89724656.000000	2.626143	0.639009	-4.599823	4.781450	8.658339	0.790671
26.781000	89724664.000000	2.626071	0.638735	-4.600025	6.283759	8.715826	0.223300
26.812000	89724664.000000	2.626094	0.638758	-4.600002	6.318360	8.731084	0.213888
26.828000	89724664.000000	2.626094	0.638758	-4.600002	6.318360	8.731084	0.213888
26.859000	89724664.000000	2.626094	0.638758	-4.600002	6.318360	8.731084	0.213888
26.890000	89724664.000000	2.626094	0.638758	-4.600002	6.318360	8.731084	0.213888
26.906000	89724664.000000	2.626094	0.638758	-4.600002	6.318360	8.731084	0.213888
26.937000	89724672.000000	2.626102	0.638722	-4.600006	6.182800	8.713618	0.220606
26.953000	89724672.000000	2.626118	0.638727	-4.600058	5.825821	8.731612	0.263553
26.984000	89724680.000000	2.625922	0.638870	-4.600060	6.227989	8.699553	0.241217
27.015000	89724688.000000	2.625689	0.639578	-4.599906	5.275552	8.653607	0.525240
27.031000	89724696.000000	2.625962	0.638872	-4.600070	6.290143	8.696570	0.237933
27.062000	89724696.000000	2.625962	0.638872	-4.600070	6.290143	8.696570	0.237933
27.077000	89724696.000000	2.625962	0.638872	-4.600070	6.290143	8.696570	0.237933
27.108000	89724696.000000	2.625859	0.639491	-4.599896	5.495602	8.667376	0.569690
27.140000	89724696.000000	2.625928	0.638863	-4.600059	6.206918	8.711380	0.248615
27.155000	89724704.000000	2.625641	0.639593	-4.599903	5.385598	8.662017	0.538393
27.186000	89724712.000000	2.625706	0.639096	-4.599759	4.363190	8.694385	0.587912
27.202000	89724712.000000	2.625706	0.639096	-4.599759	4.363190	8.694385	0.587912
27.233000	89724712.000000	2.625758	0.639037	-4.599763	4.410327	8.692181	0.591161
27.264000	89724720.000000	2.625698	0.639186	-4.599730	4.605588	8.693085	0.570872
27.280000	89724720.000000	2.625932	0.639071	-4.599693	4.687991	8.682747	0.825037
27.311000	89724728.000000	2.625942	0.639086	-4.599679	4.702364	8.701649	0.826761
27.327000	89724728.000000	2.625942	0.639086	-4.599679	4.702364	8.701649	0.826761
27.358000	89724728.000000	2.625945	0.639068	-4.599686	4.597672	8.702450	0.837665
27.389000	89724736.000000	2.625762	0.639093	-4.599714	4.317127	8.714165	0.623106
27.405000	89724736.000000	2.625693	0.639169	-4.599736	4.122128	8.716525	0.624863
27.436000	89724744.000000	2.625678	0.639117	-4.599762	4.306714	8.721843	0.612315
27.452000	89724744.000000	2.625588	0.639384	-4.599751	4.367596	8.711710	0.606128
27.483000	89724744.000000	2.625654	0.639125	-4.599705	4.239595	8.714843	0.632322
27.514000	89724744.000000	2.625654	0.639125	-4.599705	4.239595	8.714843	0.632322
27.530000	89724744.000000	2.625654	0.639125	-4.599705	4.239595	8.714843	0.632322
27.561000	89724744.000000	2.625654	0.639125	-4.599705	4.239595	8.714843	0.632322
27.576000	89724752.000000	2.625624	0.639166	-4.599689	4.183929	8.718452	0.623895
27.608000	89724752.000000	2.625789	0.639149	-4.599709	4.712650	8.706219	0.798469
27.639000	89724760.000000	2.625886	0.639117	-4.599680	4.637197	8.711986	0.838054
27.654000	89724768.000000	2.625846	0.639150	-4.599648	4.456238	8.716511	0.813949
27.686000	89724768.000000	2.625851	0.639174	-4.599651	4.605525	8.733149	0.848767
27.701000	89724768.000000	2.625851	0.639174	-4.599651	4.605525	8.733149	0.848767
27.732000	89724776.000000	2.625610	0.639073	-4.599745	4.176245	8.883933	0.621598
27.764000	89724784.000000	2.625907	0.639117	-4.599682	4.583640	8.731339	0.851909
27.779000	89724784.000000	2.625684	0.639083	-4.599708	4.369291	8.739683	0.610875
27.810000	89724784.000000	2.625626	0.639157	-4.599738	4.174963	8.721004	0.615796
27.842000	89724792.000000	2.625651	0.639186	-4.599768	4.279734	8.744762	0.630012
27.857000	89724792.000000	2.625880	0.639207	-4.599756	4.622726	8.711891	0.859560
27.888000	89724792.000000	2.625861	0.639184	-4.599691	4.723154	8.725516	0.860143
27.904000	89724800.000000	2.625870	0.639153	-4.599656	4.594620	8.753468	0.801449
27.935000	89724800.000000	2.625718	0.639091	-4.599648	4.190331	8.743364	0.645140
27.966000	89724800.000000	2.625675	0.639113	-4.599683	4.277157	8.737457	0.625277
27.982000	89724808.000000	2.625886	0.639152	-4.599741	4.513234	8.732439	0.851261
28.013000	89724808.000000	2.625676	0.639162	-4.599771	4.084785	8.718822	0.639310
28.029000	89724816.000000	2.625719	0.639139	-4.599799	4.340064	8.723948	0.618773
28.060000	89724816.000000	2.625772	0.638958	-4.600063	5.914033	8.856239	0.313303
28.091000	89724816.000000	2.625782	0.638988	-4.600083	6.090984	8.736814	0.284876
28.107000	89724816.000000	2.625782	0.638988	-4.600083	6.090984	8.736814	0.284876
28.138000	89724824.000000	2.625786	0.638949	-4.600130	6.012715	8.716301	0.293030
28.154000	89724824.000000	2.625786	0.638949	-4.600130	6.012715	8.716301	0.293030
28.185000	89724832.000000	2.625811	0.638959	-4.600111	6.145448	8.716504	0.284678
28.216000	89724832.000000	2.625815	0.638959	-4.600081	6.077484	8.717720	0.285958
28.232000	89724832.000000	2.625815	0.638959	-4.600081	6.077484	8.717720	0.285958
28.263000	89724840.000000	2.625854	0.638929	-4.600098	6.217247	8.728216	0.278325
28.278000	89724840.000000	2.625858	0.638918	-4.600111	6.192507	8.731523	0.272729
28.310000	89724848.000000	2.625887	0.639167	-4.600050	6.161875	8.761110	0.201626
28.341000	89724848.000000	2.625832	0.638982	-4.600110	6.144231	8.732420	0.282517
28.356000	89724848.000000	2.625832	0.638982	-4.600110	6.144231	8.732420	0.282517
28.387000	89724848.000000	2.625829	0.638980	-4.599998	5.808522	9.034217	0.303820
28.403000	89724848.000000	2.625829	0.638980	-4.599998	5.808522	9.034217	0.303820
28.434000	89724856.000000	2.625734	0.638845	-4.600059	5.721456	8.742232	0.262733
28.465000	89724864.000000	2.625917	0.639160	-4.600006	6.138194	8.767929	0.201338
28.481000	89724864.000000	2.625890	0.638913	-4.600077	6.176803	8.705338	0.273875
28.512000	89724872.000000	2.625860	0.638912	-4.600100	6.255929	8.720641	0.271575
28.528000	89724872.000000	2.625675	0.638885	-4.600073	5.566580	8.730097	0.284471
28.559000	89724880.000000	2.625801	0.638951	-4.600131	6.109316	8.726563	0.286719
28.590000	89724880.000000	2.625817	0.638944	-4.600128	6.215064	8.715727	0.278456
28.606000	89724880.000000	2.625869	0.638910	-4.600111	6.240330	8.707524	0.271622
28.637000	89724888.000000	2.625890	0.639204	-4.599990	5.991097	8.761521	0.216062
28.653000	89724888.000000	2.625856	0.638932	-4.600077	6.083413	8.724592	0.287216
28.684000	89724888.000000	2.625796	0.638974	-4.600101	6.213330	8.734683	0.280179
28.715000	89724896.000000	2.625763	0.638975	-4.600110	6.012014	8.696188	0.289510
28.731000	89724896.000000	2.625779	0.638968	-4.600135	6.047857	8.710974	0.285948
28.762000	89724896.000000	2.625803	0.638954	-4.600141	6.025309	8.709906	0.289321
28.777000	89724896.000000	2.625803	0.638954	-4.600141	6.025309	8.709906	0.289321
28.809000	89724904.000000	2.625870	0.638969	-4.600121	6.313683	8.722439	0.273833
28.840000	89724912.000000	2.625736	0.639009	-4.600109	6.225605	8.712600	0.287189
28.855000	89724912.000000	2.625668	0.639063	-4.600116	6.251182	8.713363	0.299392
28.887000	89724912.000000	2.625638	0.639106	-4.600095	6.196154	8.730778	0.306962
28.902000	89724912.000000	2.625638	0.639106	-4.600095	6.196154	8.730778	0.306962
28.933000	89724920.000000	2.625658	0.639064	-4.600072	6.115041	8.737369	0.310034
28.965000	89724928.000000	2.625675	0.639189	-4.599778	4.313697	8.703363	0.617986
28.980000	89724928.000000	2.625675	0.639189	-4.599778	4.313697	8.703363	0.617986
29.011000	89724928.000000	2.625654	0.639619	-4.599896	5.496162	8.691987	0.582082
29.027000	89724928.000000	2.625652	0.639658	-4.599917	5.477408	8.673062	0.606015
29.058000	89724936.000000	2.625583	0.638965	-4.600077	5.749966	8.735925	0.286269
29.089000	89724936.000000	2.625631	0.639252	-4.599835	4.293326	8.704773	0.636061
29.105000	89724944.000000	2.625740	0.638981	-4.600036	6.098605	8.744509	0.299342
29.136000	89724944.000000	2.625774	0.638957	-4.600030	6.112352	8.756414	0.297501
29.152000	89724944.000000	2.625774	0.638957	-4.600030	6.112352	8.756414	0.297501
29.183000	89724944.000000	2.625689	0.639643	-4.599882	5.390140	8.668254	0.611959
29.214000	89724952.000000	2.625772	0.639009	-4.600126	6.195247	8.730620	0.303323
29.230000	89724960.000000	2.625818	0.638986	-4.600132	6.308995	8.733851	0.290302
29.261000	89724960.000000	2.625830	0.639000	-4.600079	6.179533	8.752219	0.302682
29.277000	89724960.000000	2.625830	0.639000	-4.600079	6.179533	8.752219	0.302682
29.308000	89724960.000000	2.625853	0.638981	-4.600063	6.301769	8.739476	0.288764
29.339000	89724968.000000	2.625847	0.638961	-4.600091	6.234235	8.748312	0.295248
29.355000	89724976.000000	2.625723	0.639662	-4.599925	5.563454	8.667659	0.620239
29.386000	89724976.000000	2.625825	0.639006	-4.600077	6.193231	8.732428	0.302234
29.401000	89724976.000000	2.625850	0.638989	-4.600068	6.211075	8.719692	0.299564
29.433000	89724984.000000	2.625874	0.638984	-4.600066	6.350542	8.741125	0.290211
29.464000	89724984.000000	2.625862	0.638970	-4.600092	6.263323	8.740198	0.297390
29.479000	89724984.000000	2.625826	0.639047	-4.600083	6.218381	8.745572	0.306315
29.511000	89724992.000000	2.625790	0.639043	-4.600091	6.351321	8.730562	0.300220
29.526000	89724992.000000	2.625790	0.639043	-4.600091	6.351321	8.730562	0.300220
29.557000	89724992.000000	2.625755	0.638997	-4.600089	6.267069	8.721943	0.310930
