8.750000	-431602080.000000	-431602080.000000	-431602080.000000	-431602080.000000	135.000000	-0.000000	135.000000
8.750000	-431602080.000000	-431602080.000000	-431602080.000000	-431602080.000000	135.000000	-0.000000	135.000000
8.766000	-431602080.000000	-431602080.000000	-431602080.000000	-431602080.000000	135.000000	-0.000000	135.000000
8.782000	82986264.000000	2.668237	0.595266	-1.526889	3.782556	18.746059	-2.284292
8.813000	82986272.000000	2.668386	0.594856	-1.527019	2.949548	18.862612	-2.281291
8.844000	82986272.000000	2.668560	0.595055	-1.526870	3.633285	18.816389	-2.314120
8.860000	82986272.000000	2.668644	0.595065	-1.526752	3.774428	18.844595	-2.294123
8.891000	82986280.000000	2.668720	0.594781	-1.526711	3.097033	18.989840	-2.312098
8.906000	82986280.000000	2.668462	0.595074	-1.526742	3.470698	18.854752	-2.316272
8.938000	82986288.000000	2.668451	0.595150	-1.526797	3.468765	18.829700	-2.316460
8.969000	82986288.000000	2.668342	0.595078	-1.526854	3.640076	18.910686	-2.212225
8.984000	82986288.000000	2.668342	0.595078	-1.526854	3.640076	18.910686	-2.212225
9.016000	82986296.000000	2.668906	0.594112	-1.526960	2.302695	19.345161	-2.235768
9.031000	82986296.000000	2.668766	0.594512	-1.526962	2.308947	18.745007	-2.224631
9.062000	82986304.000000	2.668210	0.593161	-1.526852	-0.689672	19.295229	-1.324326
9.094000	82986304.000000	2.668611	0.594586	-1.526955	2.511863	19.104483	-2.113357
9.109000	82986304.000000	2.668512	0.594147	-1.527026	2.052182	19.286402	-2.036471
9.140000	82986312.000000	2.668659	0.592590	-1.526852	2.054532	19.593052	-1.333688
9.156000	82986312.000000	2.668994	0.593687	-1.527224	-0.729640	19.784281	-1.384309
9.187000	82986312.000000	2.669126	0.593834	-1.527159	-0.579401	19.711517	-1.383148
9.218000	82986320.000000	2.669108	0.593900	-1.527139	-0.577146	19.699833	-1.406752
9.234000	82986320.000000	2.669108	0.593900	-1.527139	-0.577146	19.699833	-1.406752
9.265000	82986320.000000	2.668843	0.594237	-1.527212	1.284877	19.546690	-1.413902
9.281000	82986328.000000	2.668198	0.593782	-1.527248	0.699719	19.424726	-2.200058
9.312000	82986328.000000	2.668349	0.593725	-1.527797	1.048713	19.357168	-2.187157
9.343000	82986336.000000	2.668900	0.593099	-1.526919	3.063806	19.594219	-1.540563
9.359000	82986336.000000	2.668700	0.593070	-1.526920	3.038802	19.568335	-1.736289
9.390000	82986336.000000	2.668478	0.593769	-1.527418	1.147179	19.230080	-2.234333
9.406000	82986344.000000	2.668310	0.593835	-1.526944	0.944077	19.316818	-2.211677
9.437000	82986344.000000	2.668386	0.593834	-1.527750	1.295945	19.336613	-2.204082
9.468000	82986352.000000	2.668875	0.593163	-1.527036	3.482234	19.607735	-1.571436
9.484000	82986352.000000	2.668459	0.593852	-1.527677	1.428877	19.260622	-2.187615
9.515000	82986352.000000	2.668406	0.593774	-1.527622	0.704362	19.361332	-2.243436
9.530000	82986360.000000	2.668413	0.593898	-1.527148	1.209284	19.336218	-2.208064
9.562000	82986360.000000	2.668824	0.593191	-1.526864	3.152121	19.621607	-1.535535
9.593000	82986360.000000	2.668211	0.593836	-1.527745	0.557007	19.470629	-2.188180
9.608000	82986368.000000	2.668307	0.593856	-1.527630	1.068026	19.480154	-2.228093
9.640000	82986368.000000	2.669029	0.594378	-1.526621	3.825994	19.332510	-2.190608
9.655000	82986368.000000	2.668713	0.593182	-1.526894	2.963330	19.610109	-1.649114
9.686000	82986376.000000	2.668399	0.595505	-1.527790	1.158728	19.085789	-2.377075
9.718000	82986376.000000	2.668302	0.593898	-1.527296	0.451553	19.408592	-2.259406
9.733000	82986384.000000	2.668545	0.595159	-1.527621	1.242081	19.191334	-2.299565
9.764000	82986384.000000	2.668489	0.593111	-1.526857	3.069845	19.596992	-1.747417
9.780000	82986384.000000	2.668185	0.593871	-1.527690	0.516714	19.440695	-2.125323
9.811000	82986392.000000	2.668336	0.594204	-1.527717	0.560107	19.301668	-2.209685
9.842000	82986392.000000	2.668348	0.594482	-1.527397	1.670557	19.295986	-2.259524
9.858000	82986400.000000	2.668285	0.594133	-1.527809	0.561092	19.362814	-2.155730
9.889000	82986400.000000	2.668282	0.594178	-1.527805	0.742322	19.306677	-2.138670
9.905000	82986400.000000	2.668258	0.593983	-1.527723	0.083719	19.334816	-2.196871
9.936000	82986408.000000	2.668313	0.594113	-1.527653	0.762336	19.250839	-2.167247
9.967000	82986408.000000	2.668428	0.594335	-1.527781	0.058576	19.340857	-2.048898
9.983000	82986408.000000	2.668297	0.594397	-1.527565	-0.457489	19.196600	-2.111254
10.014000	82986416.000000	2.668481	0.594064	-1.527707	0.205867	19.358728	-2.102543
10.030000	82986416.000000	2.668446	0.594031	-1.527395	0.188172	19.354366	-2.098999
10.061000	82986416.000000	2.668380	0.594201	-1.527499	0.671590	19.373062	-2.094495
10.092000	82986424.000000	2.668610	0.594476	-1.527610	2.175418	19.356415	-2.100149
10.108000	82986424.000000	2.668739	0.595438	-1.527727	2.287647	19.085718	-2.103601
10.139000	82986432.000000	2.668411	0.594278	-1.527592	0.765814	19.385017	-2.189848
10.154000	82986432.000000	2.668509	0.594108	-1.527353	1.302981	19.480099	-2.187985
10.186000	82986432.000000	2.668383	0.594264	-1.527704	1.357757	19.614815	-2.097128
10.217000	82986440.000000	2.668360	0.594288	-1.527556	1.221706	19.540756	-2.161398
10.232000	82986440.000000	2.668542	0.594599	-1.527144	1.446879	19.134802	-2.206289
10.264000	82986448.000000	2.668449	0.594824	-1.527147	1.264436	18.975676	-2.183895
10.279000	82986448.000000	2.668588	0.593477	-1.526814	3.565832	19.871962	-1.854019
10.310000	82986448.000000	2.668211	0.594127	-1.527388	-0.487867	19.458960	-2.203150
10.342000	82986456.000000	2.668357	0.594047	-1.527493	0.476848	19.669195	-2.197606
10.357000	82986456.000000	2.668336	0.594008	-1.527438	0.485278	19.603479	-2.216440
10.388000	82986456.000000	2.668349	0.594053	-1.527556	0.575625	19.576365	-2.199269
10.404000	82986464.000000	2.668351	0.594086	-1.527431	0.652781	19.658697	-2.160149
10.435000	82986464.000000	2.668488	0.594622	-1.527405	2.625963	19.126543	-2.434287
10.466000	82986464.000000	2.668673	0.593731	-1.527087	2.008918	19.795727	-1.541425
10.482000	82986472.000000	2.668443	0.594245	-1.527379	0.798733	19.764095	-2.143591
10.513000	82986472.000000	2.668633	0.594758	-1.527498	3.277402	19.151241	-2.408024
10.529000	82986480.000000	2.668818	0.593573	-1.526993	2.101415	19.700899	-1.410490
10.560000	82986480.000000	2.668724	0.593693	-1.527022	2.883279	19.782787	-1.570665
10.591000	82986480.000000	2.668240	0.594082	-1.527480	0.423841	19.706657	-2.241026
10.607000	82986488.000000	2.668324	0.594321	-1.527371	1.006940	19.714403	-2.209863
10.638000	82986488.000000	2.668431	0.594287	-1.527581	0.939335	19.694832	-2.177868
10.654000	82986496.000000	2.668406	0.594128	-1.527128	0.655291	19.711580	-2.193083
10.685000	82986496.000000	2.668670	0.593524	-1.526866	2.342831	19.743156	-1.585557
10.716000	82986496.000000	2.668517	0.594183	-1.527756	1.068847	19.843632	-2.135789
10.732000	82986504.000000	2.668306	0.594175	-1.527445	0.013186	19.580139	-2.228001
10.763000	82986504.000000	2.668637	0.594755	-1.527370	3.215441	19.086393	-2.435025
10.778000	82986504.000000	2.668409	0.594395	-1.527510	0.485546	19.753336	-2.174949
10.810000	82986512.000000	2.668362	0.594104	-1.527292	0.159347	19.681042	-2.171754
10.841000	82986512.000000	2.668359	0.594112	-1.527542	0.133405	19.607328	-2.170626
10.856000	82986512.000000	2.668492	0.594335	-1.527393	1.196970	19.869293	-2.266968
10.888000	82986520.000000	2.668392	0.594239	-1.527601	0.774625	19.672873	-2.141210
10.903000	82986520.000000	2.668502	0.594467	-1.527401	1.904327	19.161728	-2.460879
10.934000	82986528.000000	2.668733	0.594759	-1.527071	2.122234	19.132330	-2.181005
10.966000	82986528.000000	2.669086	0.594695	-1.527051	2.924012	19.207058	-1.920334
10.981000	82986528.000000	2.668608	0.594771	-1.527427	2.386102	19.199909	-2.399801
11.012000	82986536.000000	2.668380	0.594393	-1.527568	0.313761	19.801912	-2.122068
11.044000	82986536.000000	2.668323	0.594386	-1.527502	0.760370	19.767361	-2.063623
11.059000	82986544.000000	2.668187	0.594470	-1.527783	0.377786	19.708502	-2.034450
11.090000	82986544.000000	2.668438	0.594824	-1.527837	3.231902	19.044392	-2.215151
11.106000	82986544.000000	2.668402	0.594774	-1.527416	2.661382	19.164213	-1.566365
11.137000	82986552.000000	2.668066	0.594875	-1.527693	2.185990	18.893707	-1.530367
11.168000	82986552.000000	2.667786	0.594994	-1.527971	1.664720	18.824436	-1.372012
11.184000	82986552.000000	2.668146	0.594840	-1.528881	0.830458	18.801035	-1.102175
11.215000	82986560.000000	2.667903	0.594887	-1.528828	1.222288	18.915829	-0.887266
11.231000	82986560.000000	2.667231	0.594874	-1.528583	2.963717	18.963043	-0.914523
11.262000	82986560.000000	2.667013	0.594768	-1.528826	2.548116	18.999380	-0.688671
11.293000	82986568.000000	2.666959	0.594887	-1.529114	3.266153	19.141459	-0.490451
11.309000	82986568.000000	2.666959	0.594887	-1.529114	3.266153	19.141459	-0.490451
11.340000	82986576.000000	2.666587	0.594583	-1.530436	2.083149	19.410986	0.151304
11.356000	82986576.000000	2.666229	0.594802	-1.530650	2.470042	19.141140	0.237877
11.387000	82986576.000000	2.665715	0.594317	-1.530409	3.105777	19.107267	0.445244
11.418000	82986584.000000	2.665343	0.594810	-1.531307	1.837258	19.386677	0.723894
11.434000	82986584.000000	2.665138	0.595419	-1.531154	4.165164	18.765091	0.986028
11.465000	82986592.000000	2.664917	0.595157	-1.531379	4.466707	18.705002	1.083618
11.480000	82986592.000000	2.664452	0.595041	-1.531617	4.599388	18.784702	1.181031
11.512000	82986592.000000	2.664190	0.594440	-1.532109	2.284248	18.698336	1.414388
11.543000	82986600.000000	2.664105	0.594877	-1.532273	4.273039	18.883455	1.435036
11.558000	82986600.000000	2.663995	0.594787	-1.532479	4.315208	18.844995	1.588253
11.590000	82986600.000000	2.663515	0.594747	-1.532771	2.278536	18.823868	1.823660
11.605000	82986608.000000	2.663382	0.594704	-1.533084	2.798175	18.716724	1.911448
11.636000	82986608.000000	2.663516	0.594604	-1.532822	4.346055	18.750565	2.054800
11.668000	82986608.000000	2.663340	0.595127	-1.533154	4.683178	18.680634	2.047779
11.683000	82986616.000000	2.663377	0.595519	-1.533819	4.618251	18.641563	2.148446
11.714000	82986616.000000	2.663132	0.595688	-1.533948	3.897670	18.578547	2.300302
11.730000	82986624.000000	2.662954	0.595889	-1.533674	3.490167	18.372555	2.374383
11.761000	82986624.000000	2.663086	0.596132	-1.534374	3.498185	18.378315	2.587540
11.792000	82986624.000000	2.662943	0.595895	-1.534461	4.875202	18.296747	2.662822
11.808000	82986632.000000	2.662731	0.596123	-1.534630	3.269401	18.278271	2.746083
11.839000	82986632.000000	2.662449	0.595847	-1.534663	4.174490	18.231176	2.777336
11.855000	82986640.000000	2.662111	0.595687	-1.534713	3.323158	18.132145	2.892349
11.886000	82986640.000000	2.662152	0.595843	-1.534963	3.649081	18.210085	3.210936
11.917000	82986640.000000	2.661887	0.595816	-1.535524	3.884638	18.281910	3.220885
11.933000	82986648.000000	2.661519	0.594262	-1.535033	5.274632	18.620327	3.452697
11.964000	82986648.000000	2.661121	0.596015	-1.535709	2.567393	18.438475	3.624376
11.980000	82986648.000000	2.660478	0.595827	-1.535463	1.699431	18.405279	3.767755
12.011000	82986656.000000	2.660336	0.595666	-1.535590	3.930062	18.499443	3.809450
12.042000	82986656.000000	2.660247	0.595735	-1.536431	1.965336	18.758623	4.122324
12.058000	82986656.000000	2.660082	0.595549	-1.536652	2.433380	18.853367	4.303622
12.089000	82986664.000000	2.659900	0.595474	-1.536795	2.645815	18.891226	4.413743
12.104000	82986664.000000	2.659716	0.595344	-1.536675	3.126009	18.912647	4.499765
12.136000	82986672.000000	2.659670	0.595203	-1.536951	3.096148	18.900043	4.587316
12.167000	82986672.000000	2.659498	0.595283	-1.536874	3.175153	18.874767	4.655074
12.182000	82986672.000000	2.659511	0.595263	-1.537093	3.286578	18.858723	4.764209
12.214000	82986680.000000	2.659321	0.595260	-1.537160	3.137912	18.927605	4.800705
12.229000	82986680.000000	2.659255	0.594770	-1.537229	3.040344	18.879807	4.823650
12.260000	82986688.000000	2.659174	0.594962	-1.537399	3.540973	18.926060	4.897355
12.292000	82986688.000000	2.659106	0.594991	-1.537468	3.602330	18.922199	4.942698
12.307000	82986688.000000	2.658960	0.595491	-1.537671	2.313970	18.913120	5.098979
12.338000	82986696.000000	2.659124	0.594482	-1.537533	4.276896	18.922527	4.999040
12.354000	82986696.000000	2.659133	0.594365	-1.537638	4.050999	18.983181	5.040473
12.385000	82986696.000000	2.659269	0.594383	-1.537671	4.094667	18.991116	5.075152
12.416000	82986704.000000	2.659243	0.594413	-1.537709	4.111223	18.979195	5.083717
12.432000	82986704.000000	2.659048	0.594282	-1.537842	3.557020	19.113953	5.142292
12.463000	82986704.000000	2.658908	0.595388	-1.537988	2.704565	18.927197	5.153533
12.479000	82986712.000000	2.658723	0.595125	-1.538038	3.097113	19.042917	5.031178
12.510000	82986712.000000	2.658700	0.595502	-1.537874	2.266705	19.020281	5.184645
12.541000	82986720.000000	2.658885	0.595321	-1.537932	2.679601	18.900398	5.122807
12.557000	82986720.000000	2.659122	0.595138	-1.538175	3.615998	19.014002	5.281325
12.588000	82986720.000000	2.658615	0.595344	-1.537721	2.177310	18.896322	5.142774
12.604000	82986728.000000	2.658966	0.595335	-1.538006	2.301182	18.921310	5.272624
12.635000	82986728.000000	2.658912	0.595305	-1.537960	2.678855	18.924723	5.165791
12.666000	82986736.000000	2.658844	0.595211	-1.538017	2.759663	18.947763	5.301037
12.682000	82986736.000000	2.658599	0.595227	-1.537791	2.690326	18.967499	4.972890
12.713000	82986736.000000	2.658863	0.595229	-1.537978	2.925619	18.945480	5.106470
12.728000	82986744.000000	2.659009	0.593583	-1.537619	5.666391	19.013746	5.117552
12.760000	82986744.000000	2.659015	0.593667	-1.537611	6.135567	18.861370	5.086305
12.791000	82986744.000000	2.658657	0.595279	-1.537964	2.452066	18.928535	5.277598
12.806000	82986752.000000	2.658602	0.595370	-1.537940	2.213134	18.932838	5.293935
12.838000	82986752.000000	2.658863	0.595234	-1.538028	2.839750	18.940308	5.105505
12.853000	82986752.000000	2.659036	0.595031	-1.538181	2.846349	18.997425	5.068512
12.884000	82986760.000000	2.659124	0.594187	-1.537744	4.027362	18.998699	5.078121
12.916000	82986760.000000	2.658617	0.595277	-1.537814	2.585466	18.924541	4.964374
12.931000	82986768.000000	2.658906	0.594199	-1.537764	4.070630	19.059055	4.995425
12.962000	82986768.000000	2.658892	0.595247	-1.538079	2.170760	18.858805	5.094935
12.994000	82986768.000000	2.658595	0.595464	-1.537826	1.584939	19.006651	5.206248
13.009000	82986776.000000	2.658758	0.595323	-1.537980	2.177920	18.947191	5.342478
13.040000	82986776.000000	2.658778	0.594840	-1.538066	3.231770	19.033451	4.993746
13.056000	82986784.000000	2.658773	0.595203	-1.537948	2.229626	18.951372	5.112603
13.087000	82986784.000000	2.658839	0.594903	-1.537975	3.306836	18.951538	5.054617
13.118000	82986784.000000	2.658871	0.595102	-1.538058	2.701504	18.978039	5.096079
13.134000	82986792.000000	2.658736	0.595408	-1.537972	1.608590	19.036625	5.330712
13.165000	82986792.000000	2.658820	0.595149	-1.538108	2.426825	19.029589	5.059785
13.181000	82986792.000000	2.658783	0.594785	-1.538079	3.114269	19.035151	4.994696
13.212000	82986800.000000	2.658988	0.595228	-1.538015	2.354162	18.650955	5.060294
13.243000	82986800.000000	2.658993	0.595214	-1.538077	2.007965	18.671036	5.141209
13.259000	82986800.000000	2.658725	0.595066	-1.538173	2.179450	19.144680	5.211971
13.290000	82986808.000000	2.658810	0.595415	-1.538215	1.963548	18.689671	5.112130
13.306000	82986808.000000	2.658839	0.595439	-1.538153	1.692469	18.654512	5.155724
13.337000	82986816.000000	2.658850	0.595427	-1.538124	1.686762	18.646559	5.150335
13.368000	82986816.000000	2.658869	0.595334	-1.538229	2.109354	18.723120	5.118040
13.384000	82986816.000000	2.658559	0.595556	-1.537844	1.295012	18.688177	4.981027
13.415000	82986824.000000	2.658830	0.595342	-1.538174	1.752173	18.641762	5.129409
13.430000	82986824.000000	2.658678	0.595496	-1.538050	1.207381	18.629124	5.178332
13.462000	82986832.000000	2.658694	0.595412	-1.538001	1.394611	18.779127	5.187811
13.493000	82986832.000000	2.658899	0.594801	-1.537935	3.667896	18.636690	5.060674
13.508000	82986832.000000	2.658899	0.595291	-1.538371	2.046894	18.787682	5.211148
13.540000	82986840.000000	2.658789	0.595197	-1.538273	2.232144	18.757246	5.114841
13.555000	82986840.000000	2.658831	0.595237	-1.538305	2.667756	18.802681	5.113563
13.586000	82986840.000000	2.658645	0.595245	-1.538258	2.421905	18.765026	5.073752
13.618000	82986848.000000	2.658747	0.595323	-1.538439	1.621452	18.732534	5.149642
13.633000	82986848.000000	2.658698	0.595325	-1.538488	1.551943	18.760887	5.182425
13.664000	82986848.000000	2.658713	0.595165	-1.538508	2.635594	18.779877	5.238385
13.680000	82986856.000000	2.658269	0.595415	-1.538211	1.139830	18.574995	5.149917
13.711000	82986856.000000	2.658163	0.594867	-1.538493	3.141217	18.601337	5.135339
13.742000	82986864.000000	2.658473	0.595274	-1.538563	2.447248	18.638367	5.201976
13.758000	82986864.000000	2.658396	0.595283	-1.538613	2.333781	18.613535	5.200925
13.789000	82986864.000000	2.658256	0.595236	-1.539014	1.434054	18.927883	5.448471
13.805000	82986872.000000	2.658240	0.595042	-1.539044	2.414547	18.849911	5.287256
13.836000	82986872.000000	2.658200	0.595012	-1.539129	2.401410	18.731453	5.219302
13.867000	82986880.000000	2.658185	0.595003	-1.539265	2.237971	18.722561	5.354018
13.883000	82986880.000000	2.658027	0.595069	-1.539391	1.918681	18.662859	5.316223
13.914000	82986880.000000	2.657861	0.594993	-1.539540	1.227220	18.629576	5.251770
13.917000	82986888.000000	2.657589	0.595033	-1.539717	0.631992	18.648596	5.262805
13.979000	82986888.000000	2.657654	0.594965	-1.540150	1.871619	18.529892	5.104259
13.979000	82986888.000000	2.657654	0.594965	-1.540150	1.871619	18.529892	5.104259
14.010000	82986896.000000	2.656468	0.594337	-1.540469	2.822750	18.498829	5.188894
14.041000	82986896.000000	2.657134	0.593856	-1.541421	8.282199	18.877285	4.496628
14.057000	82986896.000000	2.656559	0.593481	-1.542075	4.913837	18.350874	5.353714
14.088000	82986904.000000	2.655631	0.593872	-1.543052	4.244764	18.452330	5.481513
14.104000	82986904.000000	2.655162	0.594839	-1.544630	3.477293	18.623091	5.474998
14.135000	82986912.000000	2.653623	0.594362	-1.545711	3.063025	18.718187	5.469287
14.166000	82986912.000000	2.652316	0.594257	-1.547406	2.089629	18.776638	5.554015
14.182000	82986912.000000	2.651493	0.595281	-1.549657	1.883364	18.338644	5.405660
14.213000	82986920.000000	2.649636	0.595124	-1.551350	2.592149	18.740021	5.517814
14.229000	82986920.000000	2.648862	0.595276	-1.554258	1.891651	18.533892	5.846940
14.260000	82986928.000000	2.647767	0.594774	-1.556532	3.271021	18.710070	5.673597
14.291000	82986928.000000	2.645795	0.594699	-1.559278	1.842322	18.766613	5.668164
14.307000	82986928.000000	2.644215	0.594766	-1.561781	1.419194	18.761810	5.729215
14.338000	82986936.000000	2.642962	0.594932	-1.564930	2.667738	18.549028	6.023939
14.353000	82986936.000000	2.641191	0.594290	-1.567049	3.629225	18.674948	5.844519
14.385000	82986936.000000	2.639548	0.593867	-1.570059	3.674008	18.863743	5.882460
14.416000	82986944.000000	2.637683	0.594487	-1.573144	1.831345	18.239429	5.793660
14.431000	82986944.000000	2.636722	0.594906	-1.576625	5.534420	18.849552	5.722013
14.463000	82986944.000000	2.634877	0.594172	-1.579226	2.735556	18.972883	5.934541
14.478000	82986952.000000	2.633337	0.594664	-1.582918	1.783396	19.103865	5.649161
14.496000	82986952.000000	2.632556	0.593856	-1.585493	2.803380	18.523170	5.890251
14.543000	82986960.000000	2.632023	0.594837	-1.588946	3.977196	18.088161	5.705924
14.559000	82986960.000000	2.631059	0.594571	-1.592181	2.344713	18.746075	5.775960
14.590000	82986960.000000	2.629928	0.593809	-1.594756	3.179639	18.929068	5.606395
14.605000	82986968.000000	2.629397	0.593573	-1.597981	3.142713	18.912325	5.515766
14.637000	82986968.000000	2.628814	0.593810	-1.601560	4.356566	19.050522	5.514469
14.668000	82986976.000000	2.628220	0.594552	-1.605269	2.536633	18.271101	5.192933
14.683000	82986976.000000	2.627883	0.593884	-1.608617	3.656459	18.824787	5.256794
14.715000	82986976.000000	2.627301	0.594354	-1.612195	2.555015	18.327774	4.965408
14.730000	82986984.000000	2.626747	0.593275	-1.616099	1.809332	18.451050	5.058532
14.761000	82986984.000000	2.626417	0.593136	-1.619972	1.616181	18.808973	5.390561
14.793000	82986984.000000	2.625211	0.593821	-1.624927	0.709382	19.221094	4.842007
14.808000	82986992.000000	2.625126	0.594051	-1.628945	3.291935	18.221405	4.687872
14.839000	82986992.000000	2.624432	0.593504	-1.633588	3.818646	18.631849	4.894060
14.855000	82986992.000000	2.623973	0.592685	-1.638718	4.667581	18.804346	4.552260
14.886000	82987000.000000	2.623785	0.593558	-1.643861	3.668916	18.288374	5.006529
14.917000	82987000.000000	2.623034	0.593723	-1.649069	3.819811	18.446045	4.894543
14.933000	82987000.000000	2.623034	0.593723	-1.649069	3.819811	18.446045	4.894543
14.964000	82987008.000000	2.622424	0.593803	-1.660566	4.561410	19.139994	4.552953
14.980000	82987008.000000	2.621058	0.593189	-1.667490	0.005533	19.009838	4.623202
15.011000	82987016.000000	2.621158	0.592915	-1.673685	2.851105	18.605875	4.856450
15.042000	82987016.000000	2.621285	0.592679	-1.680065	4.223682	18.858938	4.897413
15.058000	82987024.000000	2.620703	0.592141	-1.686999	4.376778	19.215765	5.114911
15.089000	82987024.000000	2.620277	0.593682	-1.694066	2.944799	18.725195	5.023755
15.105000	82987024.000000	2.620497	0.593042	-1.701347	2.590089	18.589725	4.908505
15.136000	82987032.000000	2.619903	0.592229	-1.708798	5.422535	19.431551	5.194145
15.167000	82987032.000000	2.620063	0.593182	-1.716354	2.418541	18.778418	4.975571
15.183000	82987032.000000	2.619258	0.592620	-1.724174	1.192149	18.958261	4.603927
15.214000	82987040.000000	2.619452	0.592986	-1.731494	2.100682	18.897449	4.853111
15.229000	82987040.000000	2.619278	0.593594	-1.739458	2.839886	18.770460	4.593433
15.261000	82987040.000000	2.619748	0.592890	-1.747410	2.461938	18.953186	5.011189
15.292000	82987048.000000	2.619434	0.592575	-1.754764	4.110920	19.035156	4.764498
15.307000	82987048.000000	2.619037	0.592301	-1.762669	2.277351	19.406967	5.331350
15.339000	82987056.000000	2.619673	0.592495	-1.770754	3.020556	19.087267	4.956984
15.354000	82987056.000000	2.619522	0.591941	-1.778482	2.147234	19.293234	4.972189
15.385000	82987056.000000	2.618631	0.592504	-1.786690	2.010490	19.322281	4.696121
15.417000	82987064.000000	2.619351	0.591344	-1.793772	2.764837	19.345802	5.277194
15.432000	82987064.000000	2.619788	0.592991	-1.801900	3.966869	18.621201	4.866688
15.463000	82987072.000000	2.619925	0.591247	-1.809311	5.836275	19.236599	4.696403
15.479000	82987072.000000	2.618684	0.592339	-1.817034	-0.239071	19.054903	4.659991
15.510000	82987072.000000	2.619066	0.592079	-1.824708	0.531711	18.996744	4.520168
15.541000	82987080.000000	2.619181	0.592840	-1.831725	1.665475	18.684372	4.440550
15.557000	82987080.000000	2.619407	0.592332	-1.839169	0.661691	18.341848	4.761440
15.588000	82987080.000000	2.619126	0.592178	-1.847053	0.143293	19.062870	4.570226
15.604000	82987088.000000	2.619631	0.591662	-1.854341	1.740279	19.452642	4.608171
15.635000	82987088.000000	2.620038	0.591096	-1.861383	2.637042	19.175896	5.199612
15.666000	82987088.000000	2.621625	0.590576	-1.869534	11.762931	19.492266	3.933702
15.682000	82987096.000000	2.621051	0.589666	-1.877121	7.784561	19.688152	4.120788
15.713000	82987096.000000	2.620717	0.590847	-1.883845	4.766514	19.238834	5.047262
15.729000	82987104.000000	2.620593	0.591381	-1.891658	2.945108	19.060442	4.592579
15.760000	82987104.000000	2.620989	0.591540	-1.898659	3.393110	18.279598	4.737490
15.791000	82987104.000000	2.621039	0.591183	-1.906731	3.660441	19.074596	4.498361
15.807000	82987112.000000	2.621440	0.592213	-1.913818	3.423129	18.648888	4.366872
15.838000	82987112.000000	2.621769	0.591602	-1.921239	4.116651	18.997843	4.412711
15.853000	82987120.000000	2.621991	0.590093	-1.928308	5.230896	19.102215	4.613233
15.885000	82987120.000000	2.621620	0.591025	-1.936039	2.793610	19.230621	4.517038
15.916000	82987120.000000	2.622260	0.591673	-1.943094	3.551354	19.086432	4.365783
15.931000	82987128.000000	2.622578	0.589985	-1.950229	7.937598	19.218431	3.979583
15.963000	82987128.000000	2.622449	0.590580	-1.957619	1.531417	18.433203	4.303745
15.978000	82987128.000000	2.623509	0.591588	-1.964506	4.478373	19.444702	4.684283
16.009000	82987136.000000	2.623223	0.591111	-1.971122	4.554156	18.454128	4.402909
16.041000	82987136.000000	2.623583	0.590546	-1.978636	3.788361	19.254877	4.309759
16.056000	82987136.000000	2.623156	0.589887	-1.985406	3.716115	19.344194	4.690399
16.087000	82987144.000000	2.623880	0.590088	-1.992315	2.498993	18.869686	4.612270
16.119000	82987144.000000	2.624372	0.590301	-1.999696	4.707831	19.692629	4.029428
16.134000	82987152.000000	2.624207	0.591686	-2.007416	2.345256	19.040239	4.386145
16.165000	82987152.000000	2.624384	0.589927	-2.014311	4.113722	19.138138	4.702576
16.181000	82987152.000000	2.624933	0.590602	-2.022167	1.951527	19.160412	4.465476
16.212000	82987160.000000	2.625460	0.590306	-2.029296	4.837326	19.200098	4.177346
16.243000	82987160.000000	2.625748	0.591247	-2.037221	3.831563	19.406551	4.569321
16.259000	82987168.000000	2.626766	0.589435	-2.043998	3.394578	19.340902	4.496552
16.290000	82987168.000000	2.625936	0.588618	-2.051332	5.154451	18.729959	4.490809
16.306000	82987168.000000	2.626538	0.589613	-2.059278	3.061012	18.889154	4.650302
16.337000	82987176.000000	2.626192	0.589620	-2.066446	1.814867	18.972155	4.735437
16.368000	82987176.000000	2.626436	0.589150	-2.074215	4.464816	19.416586	4.517961
16.384000	82987176.000000	2.627635	0.590569	-2.082116	1.899160	19.225405	4.266870
16.415000	82987184.000000	2.627287	0.589950	-2.089772	2.335912	19.506117	3.978968
16.431000	82987184.000000	2.628283	0.590080	-2.097487	3.291297	19.456083	4.274071
16.462000	82987184.000000	2.628739	0.590676	-2.105664	3.738871	19.234032	4.120655
16.493000	82987192.000000	2.629188	0.589135	-2.112625	4.704181	19.256310	4.060738
16.509000	82987192.000000	2.629289	0.589159	-2.120440	3.228742	19.770845	4.504977
16.540000	82987200.000000	2.629173	0.588772	-2.128356	3.602573	19.757454	4.499739
16.555000	82987200.000000	2.630040	0.590614	-2.136579	2.132379	19.037426	4.086461
16.587000	82987200.000000	2.630691	0.590583	-2.144029	1.637715	18.738340	3.763501
16.618000	82987208.000000	2.631190	0.590011	-2.152276	4.272034	19.105341	3.867416
16.633000	82987208.000000	2.631794	0.590000	-2.159914	2.668986	18.684298	3.858130
16.665000	82987216.000000	2.632178	0.589410	-2.168038	4.388967	19.269247	4.025323
16.680000	82987216.000000	2.632646	0.590014	-2.176215	2.538551	18.789122	3.983845
16.711000	82987216.000000	2.632806	0.589730	-2.184593	2.087410	19.291838	3.866586
16.743000	82987224.000000	2.633136	0.589831	-2.192288	4.383430	18.767368	3.835954
16.758000	82987224.000000	2.633923	0.589203	-2.200588	3.582850	19.504333	3.996542
16.789000	82987224.000000	2.634119	0.588664	-2.209012	1.876254	19.100025	3.836607
16.805000	82987232.000000	2.633982	0.588879	-2.217379	2.475633	19.327587	3.678097
16.836000	82987232.000000	2.635213	0.589094	-2.225469	4.064357	19.285854	3.762763
16.867000	82987232.000000	2.635569	0.589271	-2.233702	3.590491	19.365585	3.771786
16.883000	82987240.000000	2.636200	0.589272	-2.242148	4.299316	19.171425	3.543536
16.914000	82987240.000000	2.635791	0.588188	-2.249740	-1.412289	19.611908	4.674791
16.930000	82987248.000000	2.637285	0.589542	-2.259040	3.664205	19.296532	3.561778
16.961000	82987248.000000	2.637802	0.588650	-2.267263	2.700446	19.151951	3.604671
16.992000	82987248.000000	2.638219	0.589096	-2.275635	3.773079	20.003538	3.663483
17.008000	82987256.000000	2.638591	0.588633	-2.283806	2.986324	19.190426	3.557893
17.039000	82987256.000000	2.639072	0.588241	-2.292025	3.837590	19.431108	3.711386
17.055000	82987264.000000	2.639688	0.589075	-2.300519	4.345709	19.527822	3.528776
17.086000	82987264.000000	2.639903	0.588792	-2.308889	2.289436	19.391520	3.615276
17.117000	82987264.000000	2.640736	0.589057	-2.317462	2.726683	19.689493	3.674866
17.133000	82987272.000000	2.641364	0.588733	-2.326092	4.662024	19.690334	3.673644
17.164000	82987272.000000	2.641392	0.589558	-2.334086	3.864671	19.434437	3.238041
17.179000	82987272.000000	2.642388	0.588664	-2.342454	5.418334	19.618784	3.406859
17.211000	82987280.000000	2.642473	0.588887	-2.350856	5.172988	19.584112	3.459331
17.242000	82987280.000000	2.643287	0.588566	-2.359326	4.723390	19.763083	3.612638
17.257000	82987280.000000	2.643092	0.588353	-2.367883	4.013686	19.756697	3.696785
17.289000	82987288.000000	2.644203	0.589242	-2.376060	5.677659	19.327509	3.473529
17.304000	82987288.000000	2.644203	0.589242	-2.376060	5.677659	19.327509	3.473529
17.335000	82987296.000000	2.644958	0.588530	-2.393206	4.725282	19.554426	3.452686
17.367000	82987296.000000	2.645374	0.588672	-2.401685	5.046898	19.894421	3.564667
17.382000	82987296.000000	2.645700	0.588451	-2.410192	3.922550	19.790962	3.462826
17.413000	82987304.000000	2.646497	0.588944	-2.418485	5.703366	19.835886	3.567986
17.429000	82987304.000000	2.647019	0.588988	-2.426789	4.408725	19.369633	3.514863
17.460000	82987312.000000	2.646807	0.588491	-2.435119	3.406972	19.586395	3.540704
17.491000	82987312.000000	2.647699	0.588784	-2.443523	4.970592	19.970724	3.515469
17.507000	82987312.000000	2.648111	0.588377	-2.452056	4.974920	19.795380	3.517689
17.538000	82987320.000000	2.648608	0.588846	-2.460483	6.031151	19.938681	3.555493
17.554000	82987320.000000	2.649197	0.588810	-2.469034	6.293933	19.715124	3.445281
17.585000	82987320.000000	2.649258	0.588610	-2.477563	4.234067	19.946966	3.569918
17.616000	82987328.000000	2.649746	0.589011	-2.486184	5.065137	19.626656	3.475883
17.632000	82987328.000000	2.650448	0.588494	-2.494775	5.208578	19.912077	3.554925
17.663000	82987328.000000	2.650718	0.588529	-2.503562	4.167465	20.029545	3.687892
17.679000	82987336.000000	2.651355	0.588669	-2.512147	6.566692	19.772329	3.591427
17.710000	82987336.000000	2.651540	0.588590	-2.520823	4.702718	20.026594	3.543456
17.741000	82987344.000000	2.651808	0.588640	-2.529483	5.011252	20.076317	3.584588
17.757000	82987344.000000	2.652682	0.588829	-2.538377	4.924875	19.596537	3.519876
17.775000	82987344.000000	2.653278	0.588855	-2.547153	5.684620	19.594770	3.549850
17.824000	82987352.000000	2.653929	0.588280	-2.555951	5.584045	20.045725	3.663278
17.840000	82987352.000000	2.653929	0.588280	-2.555951	5.584045	20.045725	3.663278
17.855000	82987360.000000	2.654541	0.588812	-2.573596	5.474146	19.923931	3.426324
17.886000	82987360.000000	2.655047	0.588447	-2.582556	5.253286	20.059692	3.442542
17.918000	82987360.000000	2.655047	0.588447	-2.582556	5.253286	20.059692	3.442542
17.933000	82987368.000000	2.655809	0.588543	-2.600568	4.978717	19.993279	3.562773
17.964000	82987368.000000	2.656357	0.588168	-2.609680	5.952155	19.969288	3.593808
17.980000	82987368.000000	2.656877	0.588644	-2.618717	5.616372	20.210247	3.814755
18.011000	82987376.000000	2.657091	0.588419	-2.627966	3.807243	19.980547	3.689087
18.042000	82987376.000000	2.657742	0.588372	-2.637476	4.316570	20.224962	3.724036
18.058000	82987376.000000	2.657901	0.588439	-2.645992	3.435963	20.158903	3.781749
18.089000	82987384.000000	2.658541	0.588181	-2.655846	3.956897	20.326054	3.799854
18.105000	82987384.000000	2.658615	0.588750	-2.664499	4.440495	19.535618	3.784014
18.136000	82987392.000000	2.658889	0.587948	-2.673692	4.532579	20.212021	3.721393
18.167000	82987392.000000	2.659280	0.588385	-2.682828	5.373821	19.810289	3.725586
18.183000	82987392.000000	2.659730	0.588090	-2.692101	4.807240	19.938810	3.837557
18.214000	82987400.000000	2.660062	0.588194	-2.701113	4.261606	20.072231	3.808733
18.230000	82987400.000000	2.660677	0.588326	-2.710326	4.857283	20.071232	3.786855
18.261000	82987408.000000	2.660873	0.588526	-2.719586	5.846200	19.527349	3.721861
18.292000	82987408.000000	2.661473	0.588384	-2.728697	5.790466	19.984869	3.932206
18.308000	82987408.000000	2.661681	0.588758	-2.737909	5.439917	19.519205	3.843187
18.339000	82987416.000000	2.661910	0.588729	-2.746955	4.705065	20.246536	4.062649
18.354000	82987416.000000	2.662402	0.588306	-2.756167	5.959368	19.899532	3.945839
18.386000	82987416.000000	2.662920	0.588377	-2.765323	6.076008	20.227991	4.092491
18.417000	82987424.000000	2.663036	0.588761	-2.774571	4.737154	19.730185	4.000408
18.432000	82987424.000000	2.663271	0.589045	-2.783800	4.535876	19.689785	4.090851
18.464000	82987424.000000	2.663774	0.588401	-2.793255	5.422438	20.309464	4.106461
18.479000	82987432.000000	2.664014	0.588659	-2.802596	4.316051	20.077684	4.177176
18.510000	82987432.000000	2.663815	0.587487	-2.811736	8.108399	20.997911	3.869029
18.542000	82987440.000000	2.664900	0.588163	-2.821002	5.887229	20.231966	4.137024
18.557000	82987440.000000	2.665168	0.588185	-2.831113	4.078222	20.475569	4.081049
18.588000	82987440.000000	2.665238	0.588602	-2.839580	4.786479	19.692465	4.189447
18.604000	82987448.000000	2.665413	0.588318	-2.848512	4.250377	20.269302	4.247868
18.635000	82987448.000000	2.665912	0.588839	-2.857772	5.061260	19.822449	4.299876
18.666000	82987456.000000	2.666171	0.588521	-2.867057	5.402616	19.307184	4.238768
18.682000	82987456.000000	2.666952	0.589094	-2.875942	5.995349	20.065838	4.159834
18.713000	82987456.000000	2.667076	0.588203	-2.885335	4.961326	19.925829	4.267547
18.729000	82987464.000000	2.667835	0.589351	-2.894534	3.834046	19.351583	4.337912
18.760000	82987464.000000	2.667475	0.588269	-2.903502	4.759501	19.888676	4.369041
18.791000	82987464.000000	2.667442	0.588448	-2.912613	6.145074	20.283396	4.367946
18.807000	82987472.000000	2.668821	0.588677	-2.922157	3.891562	19.787634	4.419019
18.838000	82987472.000000	2.668370	0.588198	-2.930950	4.448035	20.048748	4.346591
18.854000	82987472.000000	2.668744	0.588667	-2.940170	4.889125	19.638918	4.194962
18.885000	82987480.000000	2.669026	0.588415	-2.949713	3.761089	19.717297	4.246349
18.916000	82987480.000000	2.669520	0.588676	-2.958783	5.415009	19.856693	4.280063
18.932000	82987488.000000	2.669854	0.588429	-2.968138	5.447541	20.106892	4.253442
18.963000	82987488.000000	2.670215	0.588634	-2.977624	6.656486	19.845188	4.153608
18.978000	82987488.000000	2.670234	0.588494	-2.986732	4.522239	19.994678	4.306225
19.010000	82987496.000000	2.670742	0.588536	-2.996292	4.271878	19.533243	4.163845
19.041000	82987496.000000	2.670797	0.588800	-3.005743	4.741492	19.661360	4.377505
19.056000	82987504.000000	2.671131	0.588459	-3.014896	4.519046	20.109097	4.425398
19.088000	82987504.000000	2.671360	0.588990	-3.024478	4.659861	19.600071	4.247044
19.103000	82987504.000000	2.671494	0.588475	-3.033733	3.795707	19.730330	4.277173
19.134000	82987512.000000	2.671915	0.588341	-3.043333	3.171828	20.912683	4.043146
19.166000	82987512.000000	2.672491	0.588408	-3.052166	5.127900	20.249832	4.309040
19.181000	82987512.000000	2.672435	0.588368	-3.061612	4.539088	19.678417	4.202711
19.212000	82987520.000000	2.672971	0.588437	-3.070581	4.792261	19.984329	4.350146
19.244000	82987520.000000	2.672731	0.588265	-3.079677	3.475290	19.893389	4.313164
19.259000	82987520.000000	2.673108	0.588445	-3.088448	4.247512	20.162773	4.390658
19.290000	82987528.000000	2.673424	0.588495	-3.097707	3.953030	20.031998	4.467521
19.306000	82987528.000000	2.673544	0.588497	-3.106464	4.415455	20.177118	4.338286
19.337000	82987536.000000	2.673871	0.588372	-3.115644	4.512859	19.682743	4.282062
19.368000	82987536.000000	2.674195	0.588381	-3.124585	4.021801	20.054586	4.499273
19.384000	82987536.000000	2.674509	0.588407	-3.133596	4.014881	19.715096	4.414668
19.415000	82987544.000000	2.674794	0.588527	-3.142423	5.783555	20.220638	4.456321
19.431000	82987544.000000	2.674831	0.588422	-3.151658	5.309133	19.818472	4.414767
19.462000	82987552.000000	2.675214	0.588422	-3.160321	5.681631	19.771023	4.414278
19.493000	82987552.000000	2.675230	0.588724	-3.169362	6.241125	20.247831	4.328833
19.509000	82987552.000000	2.675860	0.588802	-3.178499	5.509367	19.501495	4.326155
19.540000	82987560.000000	2.675880	0.588574	-3.187475	5.069029	19.605606	4.462560
19.556000	82987560.000000	2.676265	0.588004	-3.196384	4.769489	20.409096	4.668509
19.587000	82987560.000000	2.676583	0.588299	-3.205413	4.410752	19.885054	4.608254
19.618000	82987568.000000	2.676800	0.588416	-3.214244	5.348284	20.073076	4.559764
19.634000	82987568.000000	2.676559	0.588442	-3.223254	3.857169	19.837921	4.604155
19.665000	82987568.000000	2.676997	0.588781	-3.232196	4.239146	19.676834	4.491103
19.680000	82987576.000000	2.677164	0.588671	-3.240868	4.876375	19.480673	4.463624
19.712000	82987576.000000	2.677534	0.588592	-3.249985	6.613681	19.752621	4.624606
19.743000	82987584.000000	2.677579	0.588658	-3.259416	4.699857	19.313442	4.366714
19.758000	82987584.000000	2.677790	0.588824	-3.268109	6.081774	20.216208	4.461143
19.790000	82987584.000000	2.677885	0.588752	-3.277092	4.612080	19.438509	4.681940
19.805000	82987592.000000	2.678181	0.589205	-3.286490	6.305315	19.584015	4.695039
19.836000	82987592.000000	2.678174	0.588816	-3.295608	5.913089	19.695192	4.533250
19.868000	82987600.000000	2.678826	0.588216	-3.305147	7.200676	19.733578	4.397587
19.883000	82987600.000000	2.679045	0.588600	-3.314337	4.843427	20.040329	5.000621
19.914000	82987600.000000	2.678609	0.588274	-3.323242	5.187141	19.666466	4.678948
19.930000	82987608.000000	2.678765	0.587779	-3.332720	6.521301	20.581041	4.562596
19.961000	82987608.000000	2.679444	0.587887	-3.342516	5.726317	20.699879	4.973383
19.992000	82987608.000000	2.679683	0.589777	-3.351647	4.802693	19.481346	4.685291
20.008000	82987616.000000	2.679501	0.589268	-3.360390	8.761052	19.432720	4.272941
20.039000	82987616.000000	2.679968	0.588307	-3.369911	5.821051	19.695269	4.099373
20.055000	82987616.000000	2.679696	0.586938	-3.379965	1.348606	21.087490	4.633117
20.086000	82987624.000000	2.679581	0.588081	-3.389162	2.097675	19.684341	4.617388
20.117000	82987624.000000	2.680097	0.588030	-3.398407	3.536335	19.532366	4.441848
20.133000	82987632.000000	2.679756	0.586659	-3.408142	3.284397	21.515265	4.255031
20.164000	82987632.000000	2.679925	0.587101	-3.417026	2.254265	20.782602	4.334143
20.180000	82987632.000000	2.680613	0.587829	-3.426467	3.841191	19.831852	4.530192
20.211000	82987640.000000	2.680541	0.587218	-3.435908	1.605228	21.083101	4.543118
20.242000	82987640.000000	2.680084	0.587311	-3.445138	1.528684	20.889244	4.461757
20.258000	82987648.000000	2.681129	0.587858	-3.454641	3.819479	20.928333	4.603314
20.289000	82987648.000000	2.681129	0.587927	-3.463063	3.805183	19.971258	4.545099
20.304000	82987648.000000	2.681264	0.587985	-3.472290	3.780964	19.750288	4.453391
20.336000	82987656.000000	2.681441	0.587710	-3.481210	2.794109	19.618782	4.427905
20.367000	82987656.000000	2.681829	0.588225	-3.489598	5.054183	19.529188	4.318660
20.382000	82987656.000000	2.682071	0.587653	-3.498650	5.437571	20.459642	4.451069
20.414000	82987664.000000	2.681978	0.587574	-3.507461	3.261749	19.877094	4.463400
20.429000	82987664.000000	2.682671	0.588767	-3.515863	5.064486	19.469715	4.319016
20.460000	82987664.000000	2.682647	0.587442	-3.525147	5.324162	20.434258	4.258692
20.492000	82987672.000000	2.683143	0.588490	-3.533687	4.163289	19.641003	4.698361
20.507000	82987672.000000	2.682832	0.587728	-3.542569	4.382551	19.451399	4.401100
20.538000	82987680.000000	2.683201	0.589274	-3.550771	5.081555	19.682386	4.211488
20.554000	82987680.000000	2.683374	0.587953	-3.559307	4.542144	19.759262	4.366815
20.585000	82987680.000000	2.683731	0.588185	-3.567505	4.457799	19.599371	4.410466
20.616000	82987688.000000	2.684042	0.587697	-3.575910	6.457396	19.748003	4.266160
20.632000	82987688.000000	2.683778	0.587505	-3.584725	3.929198	20.543022	4.204846
20.663000	82987696.000000	2.684676	0.587213	-3.593300	6.641988	19.529842	4.221159
20.679000	82987696.000000	2.684460	0.588082	-3.601348	4.870840	19.656216	4.406566
20.710000	82987696.000000	2.684759	0.587918	-3.609960	4.593340	19.479465	4.377195
20.741000	82987704.000000	2.684947	0.587934	-3.618548	4.271577	18.992359	4.109923
20.757000	82987704.000000	2.685275	0.588287	-3.626788	5.798575	19.558514	4.443088
20.788000	82987704.000000	2.685363	0.588063	-3.635218	2.637479	19.269381	4.181352
20.804000	82987712.000000	2.685971	0.587944	-3.643391	5.213433	19.690758	4.498579
20.835000	82987712.000000	2.686502	0.588308	-3.651756	6.193447	19.475718	3.934699
20.866000	82987712.000000	2.686813	0.587663	-3.660073	4.848906	19.862230	4.254464
20.882000	82987720.000000	2.687047	0.587920	-3.668414	5.460275	19.836210	4.275000
20.913000	82987720.000000	2.687279	0.587728	-3.677005	5.175828	19.607059	4.108591
20.928000	82987728.000000	2.686942	0.586958	-3.686002	3.747158	20.460312	4.238533
20.960000	82987728.000000	2.687849	0.588225	-3.693448	4.864686	19.326321	3.959496
20.991000	82987728.000000	2.687832	0.587495	-3.701603	6.239392	19.604469	4.052828
21.006000	82987736.000000	2.688495	0.587729	-3.710170	5.729665	19.702911	4.185252
21.038000	82987736.000000	2.688603	0.587518	-3.718384	6.389211	19.631346	4.298550
21.053000	82987744.000000	2.688767	0.587848	-3.726789	6.504489	19.666098	4.113939
21.084000	82987744.000000	2.688976	0.587927	-3.735319	6.177464	19.386345	4.370359
21.116000	82987744.000000	2.689156	0.587830	-3.743796	6.769961	19.404823	4.219302
21.131000	82987752.000000	2.689174	0.587943	-3.751950	6.553308	19.708979	4.085433
21.162000	82987752.000000	2.689289	0.588012	-3.760527	6.292475	19.253942	3.927482
21.194000	82987752.000000	2.690182	0.588082	-3.768773	7.401206	19.166561	4.042613
21.209000	82987760.000000	2.689801	0.588218	-3.776523	7.209771	19.095343	3.846557
21.240000	82987760.000000	2.690336	0.587716	-3.785043	6.655092	19.450289	4.174935
21.256000	82987760.000000	2.690584	0.587842	-3.793478	5.183478	19.087467	3.936215
21.287000	82987768.000000	2.690679	0.587493	-3.801469	6.666940	19.755730	3.993524
21.318000	82987768.000000	2.691224	0.587681	-3.809484	5.728403	19.815693	4.214173
21.334000	82987776.000000	2.691493	0.587735	-3.817722	5.682077	19.741405	4.002210
21.365000	82987776.000000	2.691844	0.587361	-3.825855	6.584710	20.035585	4.011830
21.381000	82987776.000000	2.691952	0.587693	-3.833652	6.752559	19.773798	4.059048
21.412000	82987784.000000	2.692369	0.586920	-3.841940	6.903661	19.395582	3.716373
21.443000	82987784.000000	2.692529	0.588206	-3.849915	6.222407	19.960804	3.795450
21.459000	82987792.000000	2.692426	0.587162	-3.857670	6.373746	19.644115	3.883026
21.490000	82987792.000000	2.692789	0.587667	-3.865585	6.093425	19.830280	3.896542
21.506000	82987792.000000	2.693398	0.587213	-3.873702	6.109585	19.750921	3.941115
21.537000	82987800.000000	2.693437	0.587451	-3.881611	4.669827	19.830124	4.071246
21.568000	82987800.000000	2.693632	0.587096	-3.889554	7.961492	19.960747	3.859070
21.584000	82987800.000000	2.693709	0.587922	-3.897687	6.634655	19.609472	3.895100
21.602000	82987808.000000	2.693766	0.587476	-3.905720	5.089763	19.742805	3.919004
21.649000	82987808.000000	2.694013	0.587503	-3.913600	7.820061	19.645241	3.702496
21.664000	82987808.000000	2.694013	0.587503	-3.913600	7.820061	19.645241	3.702496
21.680000	82987816.000000	2.694322	0.587203	-3.930049	6.428927	19.921610	3.772418
21.711000	82987816.000000	2.694624	0.587944	-3.938085	7.642799	19.805994	3.646272
21.742000	82987824.000000	2.695327	0.587431	-3.946508	5.988279	19.552221	3.956346
21.758000	82987824.000000	2.695171	0.587099	-3.954732	8.254378	19.803370	3.971093
21.789000	82987824.000000	2.695551	0.587330	-3.962829	5.716739	19.833683	3.957811
21.805000	82987832.000000	2.695707	0.587090	-3.971290	9.048994	19.933210	3.656323
21.836000	82987832.000000	2.695902	0.587351	-3.979530	6.150114	19.913942	3.748771
21.867000	82987840.000000	2.696156	0.586799	-3.988205	6.271613	20.664093	3.976951
21.883000	82987840.000000	2.696235	0.587308	-3.996405	6.659188	19.381758	3.566468
21.914000	82987840.000000	2.696299	0.587772	-4.004546	5.593881	19.841856	4.041138
21.929000	82987848.000000	2.696307	0.587474	-4.013330	5.413128	19.550497	3.676869
21.961000	82987848.000000	2.696894	0.586984	-4.021939	6.639202	20.072968	3.775554
21.992000	82987848.000000	2.696594	0.586803	-4.030444	6.030482	19.620129	3.968872
22.007000	82987856.000000	2.696792	0.587633	-4.038929	5.398442	19.740082	4.057970
22.039000	82987856.000000	2.697023	0.587008	-4.047932	5.930578	19.382238	3.552656
22.054000	82987856.000000	2.697283	0.586593	-4.056443	8.038219	19.692436	3.598941
22.085000	82987864.000000	2.696835	0.587267	-4.064961	4.149348	19.670172	3.916024
22.117000	82987864.000000	2.697095	0.586961	-4.073915	4.598557	19.063950	3.560110
22.132000	82987872.000000	2.697148	0.587099	-4.082201	8.185802	19.916208	3.750146
22.163000	82987872.000000	2.697242	0.587201	-4.091419	5.286455	19.230087	3.595231
22.179000	82987872.000000	2.697170	0.587424	-4.099883	5.297892	19.900360	3.766069
22.210000	82987880.000000	2.697466	0.586673	-4.108952	6.116981	20.881218	3.725799
22.241000	82987880.000000	2.697356	0.587434	-4.117349	6.553770	19.740232	3.591152
22.257000	82987888.000000	2.697469	0.587155	-4.125783	3.833857	19.645597	3.685729
22.288000	82987888.000000	2.697609	0.586933	-4.134360	5.752486	19.658072	3.644254
22.304000	82987888.000000	2.697559	0.587412	-4.142461	4.331552	19.763323	3.724354
22.335000	82987896.000000	2.697932	0.587042	-4.150669	4.943493	19.339363	3.570640
22.366000	82987896.000000	2.698044	0.587131	-4.158657	7.185937	19.724421	3.553663
22.382000	82987896.000000	2.697831	0.587395	-4.166512	6.377170	19.830742	3.593952
22.413000	82987904.000000	2.697441	0.588010	-4.174205	6.694226	19.738960	3.439433
22.429000	82987904.000000	2.697786	0.587292	-4.182117	4.644856	19.568146	3.649395
22.460000	82987904.000000	2.698004	0.587523	-4.189761	6.203041	19.805851	3.631013
22.491000	82987912.000000	2.697723	0.587607	-4.197190	4.311142	19.499958	3.604841
22.507000	82987912.000000	2.697685	0.587781	-4.204080	4.106084	19.722559	3.832824
22.538000	82987920.000000	2.697455	0.587194	-4.211811	4.094282	19.729263	3.697378
22.553000	82987920.000000	2.698187	0.587592	-4.219010	7.648277	19.762205	3.573614
22.585000	82987920.000000	2.697343	0.587578	-4.225793	6.003271	19.381655	3.609429
22.616000	82987928.000000	2.697529	0.588023	-4.232705	2.453651	19.218807	3.627443
22.631000	82987928.000000	2.697274	0.587888	-4.239703	4.235057	19.800655	3.791167
22.663000	82987936.000000	2.697863	0.586962	-4.247160	7.157999	19.788204	3.561743
22.678000	82987936.000000	2.698029	0.586347	-4.254260	7.488240	19.533665	3.465902
22.709000	82987936.000000	2.697392	0.587346	-4.260790	6.472783	19.956518	3.581584
22.741000	82987944.000000	2.697211	0.587311	-4.267423	5.704964	19.631880	3.598017
22.756000	82987944.000000	2.697896	0.587189	-4.274311	7.328986	19.730783	3.589033
22.787000	82987944.000000	2.697922	0.587249	-4.281091	8.184626	19.878376	3.394479
22.819000	82987952.000000	2.696983	0.587568	-4.287518	3.064813	19.542356	3.747504
22.834000	82987952.000000	2.697146	0.587742	-4.294183	3.416756	19.612408	3.660500
22.865000	82987952.000000	2.697134	0.587688	-4.300759	3.847225	19.904785	3.654073
22.881000	82987960.000000	2.697118	0.587953	-4.306974	3.652975	19.763979	3.645814
22.912000	82987960.000000	2.696963	0.587985	-4.313227	2.402691	19.488092	3.542556
22.943000	82987968.000000	2.697156	0.587775	-4.319904	3.559577	19.681545	3.604929
22.959000	82987968.000000	2.697340	0.587581	-4.326320	5.334334	19.864916	3.528419
22.990000	82987968.000000	2.697392	0.587581	-4.332511	5.894633	20.037611	3.478032
23.006000	82987976.000000	2.697372	0.587338	-4.338574	5.555351	20.123800	3.483510
23.037000	82987976.000000	2.697134	0.587562	-4.344159	4.444588	19.688128	3.500855
23.068000	82987984.000000	2.697119	0.587706	-4.350630	4.705365	19.777187	3.498815
23.084000	82987984.000000	2.697324	0.587888	-4.356414	5.632135	20.182335	3.464377
23.115000	82987984.000000	2.697156	0.587379	-4.362261	5.606797	20.210558	3.435223
23.131000	82987992.000000	2.696795	0.588209	-4.367490	5.205220	19.718100	3.454128
23.162000	82987992.000000	2.696542	0.587739	-4.373324	3.253356	19.547100	3.497893
23.193000	82987992.000000	2.696727	0.587851	-4.379332	3.564551	19.477459	3.419395
23.209000	82988000.000000	2.696530	0.587508	-4.385225	3.628281	19.563545	3.549060
23.240000	82988000.000000	2.696235	0.587655	-4.390503	4.212080	19.577303	3.437413
23.255000	82988000.000000	2.696516	0.587675	-4.396057	3.562602	19.554583	3.470580
23.287000	82988008.000000	2.696641	0.587339	-4.401866	6.013483	19.620598	3.568940
23.318000	82988008.000000	2.695948	0.587176	-4.407315	5.822782	19.804678	3.454835
23.333000	82988008.000000	2.695948	0.587176	-4.407315	5.822782	19.804678	3.454835
23.365000	82988016.000000	2.696172	0.587904	-4.418644	6.983951	20.160814	3.608810
23.380000	82988016.000000	2.695788	0.588050	-4.424294	6.279688	19.823689	3.239058
23.411000	82988024.000000	2.695774	0.587796	-4.429777	6.307550	19.903818	3.227216
23.443000	82988024.000000	2.695937	0.588216	-4.435508	5.865751	19.718975	3.158545
23.458000	82988032.000000	2.695658	0.588413	-4.441176	6.557084	19.864956	3.097634
23.489000	82988032.000000	2.695065	0.588846	-4.446867	6.758470	19.769981	3.086145
23.505000	82988032.000000	2.695126	0.588502	-4.452991	6.312126	19.934164	3.088415
23.536000	82988040.000000	2.694972	0.588287	-4.459028	3.766414	19.444620	2.998021
23.567000	82988040.000000	2.695170	0.588222	-4.465359	4.543547	19.661135	3.057366
23.583000	82988040.000000	2.694945	0.588521	-4.471172	4.178877	19.493731	3.020268
23.614000	82988048.000000	2.695017	0.588796	-4.477188	5.390886	19.752329	3.018188
23.630000	82988048.000000	2.694628	0.588362	-4.483177	4.143206	19.707172	3.048154
23.661000	82988048.000000	2.694847	0.588440	-4.489706	5.091531	19.783073	3.154914
23.692000	82988056.000000	2.694045	0.588673	-4.495334	3.695729	19.991198	3.252197
23.708000	82988056.000000	2.694820	0.588390	-4.502139	4.927270	19.820063	3.027209
23.739000	82988064.000000	2.694168	0.588449	-4.507959	4.571215	19.778435	2.975231
23.755000	82988064.000000	2.693961	0.588272	-4.514418	3.020198	19.975222	3.188651
23.786000	82988064.000000	2.693697	0.589534	-4.520021	9.848380	20.033739	2.944854
23.817000	82988072.000000	2.694098	0.588761	-4.527103	7.842109	19.909981	2.982549
23.833000	82988072.000000	2.693194	0.588643	-4.533120	4.959922	19.847109	2.980544
23.864000	82988080.000000	2.693388	0.587978	-4.539660	3.430256	19.875069	3.104599
23.879000	82988080.000000	2.693559	0.587315	-4.546443	5.269608	20.073549	3.022381
23.911000	82988080.000000	2.693066	0.587510	-4.552502	7.026820	20.035824	2.804199
23.942000	82988088.000000	2.692975	0.587547	-4.558876	5.928612	19.653296	3.040262
23.957000	82988088.000000	2.692745	0.587348	-4.565746	5.054516	19.737516	2.895419
23.989000	82988088.000000	2.692780	0.587540	-4.572332	5.164002	19.697458	3.024701
24.004000	82988096.000000	2.692692	0.586534	-4.578932	5.588392	19.376497	2.903977
24.035000	82988096.000000	2.692017	0.587636	-4.585053	3.845145	19.256567	2.937046
24.067000	82988096.000000	2.691947	0.587652	-4.591105	3.746202	19.119926	2.818433
24.082000	82988104.000000	2.692199	0.587120	-4.597932	5.500428	19.322807	2.876138
24.113000	82988104.000000	2.691800	0.588241	-4.604208	7.092193	19.437124	2.694749
24.129000	82988112.000000	2.692019	0.587416	-4.610901	4.483077	19.678839	2.877887
24.160000	82988112.000000	2.691607	0.587341	-4.617233	3.465163	20.490847	3.156739
24.191000	82988112.000000	2.691016	0.587216	-4.623756	2.826812	20.268845	2.999816
24.207000	82988120.000000	2.691021	0.587402	-4.630264	5.406359	19.862333	2.788106
24.238000	82988120.000000	2.690781	0.587709	-4.635968	2.101629	19.313625	2.927896
24.254000	82988128.000000	2.690769	0.586539	-4.642544	4.783494	19.573072	2.965381
24.285000	82988128.000000	2.690442	0.587134	-4.648412	3.851783	19.601284	2.937726
24.316000	82988128.000000	2.689887	0.587469	-4.654438	2.672036	19.452518	2.965043
24.332000	82988136.000000	2.689707	0.587385	-4.660373	3.150949	19.323862	2.797594
24.363000	82988136.000000	2.689441	0.587600	-4.666147	4.424568	19.600752	2.834120
24.379000	82988136.000000	2.688661	0.588551	-4.671373	4.918739	19.837412	2.822780
24.410000	82988144.000000	2.688469	0.588121	-4.677042	4.580362	19.922153	2.803986
24.441000	82988144.000000	2.688511	0.588568	-4.682166	5.218274	19.792320	2.859070
24.457000	82988144.000000	2.688130	0.588169	-4.687722	4.328325	19.743118	2.805587
24.488000	82988152.000000	2.687495	0.588754	-4.692859	3.697418	20.397915	3.099094
24.503000	82988152.000000	2.687060	0.589638	-4.697819	1.978033	19.704348	3.071817
24.550000	82988160.000000	2.687161	0.588700	-4.703691	2.352219	20.261961	3.129066
24.566000	82988160.000000	2.687161	0.588700	-4.703691	2.352219	20.261961	3.129066
24.581000	82988160.000000	2.687028	0.589288	-4.713679	2.239716	20.712011	2.929515
24.613000	82988168.000000	2.691693	0.586229	-4.719223	41.684345	20.407372	1.105315
24.628000	82988168.000000	2.686291	0.587233	-4.723107	0.274468	19.896431	2.973022
24.659000	82988176.000000	2.686267	0.587920	-4.727215	4.295906	20.295446	2.865272
24.691000	82988176.000000	2.686296	0.587199	-4.731242	8.493592	20.165506	2.565045
24.706000	82988176.000000	2.685305	0.587519	-4.735105	3.139230	20.414953	3.224883
24.737000	82988184.000000	2.686012	0.587864	-4.738881	5.567627	20.628967	2.967957
24.769000	82988184.000000	2.685538	0.588486	-4.742189	7.123717	20.129723	2.945980
24.784000	82988184.000000	2.685997	0.588359	-4.745412	7.530293	20.562708	2.791189
24.815000	82988192.000000	2.685147	0.587839	-4.748574	6.419358	20.186459	2.897042
24.831000	82988192.000000	2.685971	0.589776	-4.751079	10.006965	19.872635	3.178604
24.862000	82988192.000000	2.684781	0.588507	-4.753882	7.761549	20.656446	2.985043
24.893000	82988200.000000	2.685225	0.588107	-4.756157	11.891259	20.479946	2.648447
24.909000	82988200.000000	2.684322	0.588051	-4.758441	2.266503	20.050724	3.126818
24.940000	82988208.000000	2.685118	0.588625	-4.760595	9.413410	21.133207	2.875475
24.956000	82988208.000000	2.686240	0.589589	-4.762680	16.313231	20.861948	3.687449
24.987000	82988208.000000	2.684597	0.588106	-4.764721	7.403707	20.764387	3.440229
25.018000	82988216.000000	2.683860	0.588102	-4.766035	2.890630	20.829794	3.625328
25.034000	82988216.000000	2.685316	0.589785	-4.767012	15.746502	20.455679	2.661105
25.065000	82988224.000000	2.684715	0.589907	-4.768303	9.637506	21.265184	2.879221
25.081000	82988224.000000	2.683939	0.590074	-4.769085	12.323812	22.090006	2.748665
25.112000	82988224.000000	2.682844	0.589643	-4.770132	2.236252	21.141520	2.756709
25.143000	82988232.000000	2.682115	0.589943	-4.770816	-5.144631	20.786699	2.775053
25.159000	82988232.000000	2.683279	0.587983	-4.771659	-0.213004	21.092073	3.602821
25.190000	82988232.000000	2.683991	0.588988	-4.771943	5.499913	20.966494	3.711363
25.205000	82988240.000000	2.683050	0.589377	-4.771588	0.362143	20.832516	2.968294
25.237000	82988240.000000	2.682846	0.589379	-4.771511	-2.885888	20.421587	3.467627
25.268000	82988240.000000	2.683215	0.588562	-4.771561	0.810954	20.670641	2.989695
25.283000	82988240.000000	2.683215	0.588562	-4.771561	0.810954	20.670641	2.989695
25.315000	82988248.000000	2.683153	0.589004	-4.771125	1.084272	21.127798	3.017212
25.330000	82988256.000000	2.684129	0.587744	-4.771291	2.520175	21.220512	3.516572
25.361000	82988256.000000	2.684278	0.587009	-4.771701	2.725639	20.874889	3.480290
25.393000	82988256.000000	2.684391	0.586586	-4.771773	0.923201	20.688543	3.429644
25.408000	82988264.000000	2.684666	0.586284	-4.771927	1.625338	20.540472	3.240536
25.439000	82988264.000000	2.684570	0.586533	-4.771897	0.482535	20.607645	3.353979
25.455000	82988272.000000	2.684648	0.586436	-4.771971	0.303756	20.624456	3.371393
25.486000	82988272.000000	2.684090	0.586370	-4.771894	-1.342417	20.698648	3.484650
25.517000	82988272.000000	2.684203	0.586031	-4.771906	-1.808134	20.663174	3.525178
25.533000	82988280.000000	2.684829	0.585947	-4.772064	0.048484	20.560402	3.294338
25.564000	82988280.000000	2.684198	0.586267	-4.771863	-2.189658	20.543360	3.496365
25.580000	82988280.000000	2.684305	0.586066	-4.771788	-2.097876	20.557543	3.532230
25.611000	82988288.000000	2.684037	0.586571	-4.771704	-3.020738	20.552370	3.444714
25.642000	82988288.000000	2.683955	0.586452	-4.771772	-2.795399	20.665005	3.571560
25.658000	82988288.000000	2.684304	0.585832	-4.772066	-1.654846	20.517962	4.030939
25.689000	82988296.000000	2.683953	0.586562	-4.771791	-3.206727	20.652464	3.524106
25.705000	82988296.000000	2.683975	0.586624	-4.771758	-2.886217	20.587612	3.531085
25.736000	82988304.000000	2.683908	0.586741	-4.771571	-2.823584	20.602663	3.550260
25.767000	82988304.000000	2.684547	0.586744	-4.771722	-0.731751	20.549004	3.358696
25.783000	82988304.000000	2.684482	0.586912	-4.771677	-0.686865	20.540045	3.362120
25.814000	82988312.000000	2.684056	0.587142	-4.771639	-0.289013	20.599260	3.290845
25.829000	82988312.000000	2.683535	0.587167	-4.771481	-4.652850	21.163105	3.840598
25.861000	82988320.000000	2.683525	0.587055	-4.771542	-4.448906	21.174881	3.821282
25.892000	82988320.000000	2.684282	0.587224	-4.771649	-1.546736	21.168802	3.644983
25.907000	82988320.000000	2.684302	0.587311	-4.771556	-1.439789	21.178076	3.665502
25.939000	82988328.000000	2.684277	0.587259	-4.771611	-1.593298	21.148926	3.651282
25.954000	82988328.000000	2.683571	0.587180	-4.771421	-4.636769	21.124407	3.830640
25.985000	82988328.000000	2.683583	0.587165	-4.771425	-4.709609	21.147423	3.834794
26.017000	82988336.000000	2.684287	0.587232	-4.771602	-1.532248	21.178757	3.656567
26.032000	82988336.000000	2.683604	0.587122	-4.771421	-4.760250	21.156742	3.835087
26.063000	82988336.000000	2.684337	0.587258	-4.771538	-1.585658	21.142725	3.660486
26.095000	82988344.000000	2.683570	0.587164	-4.771419	-4.714052	21.165199	3.845787
26.110000	82988344.000000	2.683570	0.587164	-4.771419	-4.714052	21.165199	3.845787
26.141000	82988352.000000	2.683571	0.587114	-4.771467	-4.826228	21.185570	3.863526
26.157000	82988352.000000	2.683640	0.587120	-4.771427	-4.756630	21.157064	3.839091
26.188000	82988352.000000	2.683635	0.587101	-4.771338	-4.575086	21.150949	3.838406
26.219000	82988360.000000	2.683641	0.587108	-4.771451	-4.872564	21.183256	3.877595
26.235000	82988360.000000	2.683637	0.587111	-4.771434	-4.764250	21.145340	3.835951
26.266000	82988368.000000	2.684277	0.587176	-4.771635	-1.796520	21.140444	3.684425
26.282000	82988368.000000	2.684299	0.587194	-4.771602	-1.874206	21.191418	3.688257
26.313000	82988368.000000	2.684229	0.587217	-4.771623	-1.540714	21.187630	3.689952
26.344000	82988376.000000	2.684280	0.587173	-4.771621	-1.836974	21.156054	3.689694
26.360000	82988376.000000	2.683621	0.587097	-4.771456	-4.740940	21.197451	3.858262
26.391000	82988376.000000	2.683589	0.586909	-4.771559	-4.382248	21.343254	3.858612
26.407000	82988384.000000	2.683676	0.587110	-4.771431	-4.648547	21.153091	3.842592
26.438000	82988384.000000	2.684305	0.587165	-4.771636	-1.733883	21.191872	3.694107
26.469000	82988384.000000	2.683684	0.587064	-4.771455	-4.699234	21.200975	3.845635
26.485000	82988392.000000	2.684032	0.587424	-4.771270	-3.971944	21.180124	4.182203
26.516000	82988392.000000	2.684088	0.587441	-4.771311	-3.765187	21.153215	4.185295
26.531000	82988400.000000	2.683666	0.587101	-4.771460	-4.598023	21.166479	3.841620
26.536000	82988400.000000	2.683673	0.587057	-4.771465	-4.802554	21.202278	3.865456
26.614000	82988400.000000	2.684063	0.587623	-4.771982	-4.966282	21.112705	4.121912
26.614000	82988400.000000	2.684063	0.587623	-4.771982	-4.966282	21.112705	4.121912
26.630000	82988408.000000	2.684079	0.587775	-4.772010	-5.152461	21.090706	4.190184
26.661000	82988416.000000	2.684284	0.587200	-4.771591	-1.570614	21.193319	3.663376
26.692000	82988416.000000	2.684276	0.587198	-4.771606	-1.511973	21.219055	3.701075
26.708000	82988416.000000	2.683491	0.586987	-4.771544	-4.449689	21.203402	3.847461
26.739000	82988424.000000	2.683756	0.587782	-4.771424	-5.678393	20.807413	3.909540
26.755000	82988424.000000	2.683537	0.587043	-4.771431	-4.521365	21.204275	3.858199
26.786000	82988424.000000	2.683556	0.587015	-4.771437	-4.730225	21.210073	3.873082
26.817000	82988432.000000	2.683711	0.587153	-4.771271	-4.594889	21.161091	3.826925
26.833000	82988432.000000	2.684359	0.587130	-4.771582	-1.523623	21.221399	3.647319
26.864000	82988432.000000	2.684370	0.587144	-4.771518	-1.760764	21.222700	3.683540
26.880000	82988440.000000	2.683670	0.587011	-4.771389	-4.652721	21.213680	3.837195
26.911000	82988440.000000	2.683700	0.587005	-4.771377	-4.675869	21.219059	3.840354
26.942000	82988448.000000	2.684378	0.587153	-4.771516	-1.537261	21.240936	3.666670
26.958000	82988448.000000	2.683677	0.586997	-4.771404	-4.733858	21.222773	3.852428
26.989000	82988448.000000	2.683647	0.587004	-4.771421	-4.645616	21.201612	3.848972
27.004000	82988456.000000	2.684245	0.587107	-4.771559	-1.718447	21.224503	3.680703
27.036000	82988456.000000	2.683508	0.587333	-4.771506	-7.543496	21.193480	4.141705
27.067000	82988464.000000	2.683635	0.587062	-4.771414	-4.672720	21.206871	3.854114
27.082000	82988464.000000	2.683616	0.586924	-4.771502	-4.294837	21.227205	3.827931
27.114000	82988464.000000	2.683657	0.587014	-4.771398	-4.556359	21.182440	3.830907
27.129000	82988472.000000	2.683665	0.587008	-4.771398	-4.826511	21.211681	3.858613
27.160000	82988472.000000	2.684360	0.587101	-4.771550	-1.793863	21.238485	3.673543
27.192000	82988472.000000	2.683683	0.587005	-4.771391	-4.627745	21.211309	3.830568
27.207000	82988480.000000	2.684305	0.587084	-4.771520	-1.686522	21.239861	3.654643
27.238000	82988480.000000	2.683693	0.586986	-4.771403	-4.581094	21.188341	3.835032
27.254000	82988480.000000	2.683639	0.587012	-4.771411	-4.824099	21.221857	3.858512
27.285000	82988488.000000	2.683877	0.587717	-4.771388	-5.881692	20.913895	4.061847
27.316000	82988488.000000	2.683851	0.587737	-4.771424	-5.854573	20.846628	3.986805
27.332000	82988496.000000	2.683643	0.587074	-4.771415	-4.661734	21.199539	3.850274
27.363000	82988496.000000	2.683610	0.587020	-4.771465	-4.512676	21.368780	3.879219
27.379000	82988496.000000	2.683950	0.587640	-4.771386	-5.358685	20.965376	4.043012
27.410000	82988504.000000	2.683635	0.587057	-4.771442	-4.694783	21.191763	3.854634
27.428000	82988504.000000	2.684263	0.587429	-4.771777	-3.923336	21.268642	4.075646
27.475000	82988512.000000	2.683779	0.587658	-4.771501	-5.533813	21.002316	3.970754
27.490000	82988512.000000	2.683779	0.587658	-4.771501	-5.533813	21.002316	3.970754
27.506000	82988512.000000	2.683832	0.587830	-4.771352	-6.013951	20.883554	4.039155
27.537000	82988520.000000	2.683648	0.587022	-4.771400	-4.701344	21.200500	3.855697
27.568000	82988520.000000	2.683673	0.587075	-4.771396	-4.473372	21.180410	3.833196
27.584000	82988520.000000	2.683702	0.587137	-4.771265	-4.539842	21.188011	3.834649
27.615000	82988528.000000	2.683647	0.587076	-4.771394	-4.752193	21.195251	3.848010
27.631000	82988528.000000	2.684328	0.587158	-4.771531	-1.703990	21.208633	3.666976
27.662000	82988528.000000	2.683665	0.587055	-4.771392	-4.636025	21.211832	3.843199
27.693000	82988536.000000	2.683911	0.587650	-4.771466	-5.539497	20.869623	3.969906
27.709000	82988536.000000	2.683986	0.587324	-4.770646	-4.776554	21.004990	3.488425
27.740000	82988544.000000	2.684308	0.587193	-4.771578	-1.575959	21.198421	3.669339
27.756000	82988544.000000	2.684270	0.587230	-4.771596	-1.579601	21.211090	3.676680
27.787000	82988544.000000	2.683512	0.587157	-4.771414	-4.879815	21.193293	3.889086
27.818000	82988552.000000	2.683498	0.587017	-4.771502	-4.666426	21.199415	3.869960
27.834000	82988552.000000	2.683959	0.587523	-4.771220	-6.405262	21.099638	3.958908
27.865000	82988560.000000	2.683589	0.586900	-4.771517	-4.699117	21.185114	3.857610
27.880000	82988560.000000	2.683636	0.587144	-4.771446	-4.081214	21.175888	3.794946
27.912000	82988560.000000	2.684221	0.587242	-4.771599	-1.501883	21.203428	3.677144
27.943000	82988568.000000	2.683561	0.587186	-4.771457	-4.183144	21.145124	3.807745
27.958000	82988568.000000	2.683561	0.587186	-4.771457	-4.183144	21.145124	3.807745
27.990000	82988568.000000	2.683635	0.587121	-4.771488	-4.107115	21.156591	3.796991
28.005000	82988576.000000	2.684194	0.587889	-4.771224	-3.690176	20.598906	3.430263
28.036000	82988576.000000	2.683646	0.587137	-4.771490	-4.079458	21.180361	3.807544
28.068000	82988576.000000	2.683798	0.587517	-4.771072	-6.769124	21.100864	4.029123
28.083000	82988584.000000	2.683589	0.587175	-4.771473	-4.073342	21.156782	3.801237
28.114000	82988584.000000	2.683602	0.587171	-4.771478	-4.135237	21.179913	3.811688
28.130000	82988592.000000	2.683615	0.587141	-4.771468	-4.116858	21.154060	3.800419
28.161000	82988592.000000	2.684141	0.587582	-4.771229	-3.144094	21.079346	3.934321
28.192000	82988592.000000	2.684200	0.587178	-4.771171	3.230800	21.540026	3.436810
28.208000	82988592.000000	2.684200	0.587178	-4.771171	3.230800	21.540026	3.436810
28.239000	82988600.000000	2.684481	0.587061	-4.771444	-1.921191	21.204792	3.673146
28.255000	82988608.000000	2.683752	0.587327	-4.771169	2.829263	21.412121	3.615802
28.286000	82988608.000000	2.684125	0.587000	-4.771218	-0.923873	21.380066	3.589816
28.317000	82988608.000000	2.684424	0.586743	-4.771209	1.895025	21.195244	3.389170
28.333000	82988616.000000	2.683407	0.586949	-4.771302	-0.072630	21.243559	3.680232
28.364000	82988616.000000	2.683568	0.587779	-4.770995	3.807863	21.448778	3.549095
28.380000	82988616.000000	2.683638	0.586771	-4.771112	-5.263437	21.331717	3.770705
28.411000	82988624.000000	2.684281	0.587817	-4.770970	1.852921	21.450947	3.567870
28.442000	82988624.000000	2.683815	0.586866	-4.771232	-0.516941	21.341164	3.486176
28.458000	82988624.000000	2.683756	0.587078	-4.771152	-0.913924	21.223047	3.613007
28.489000	82988632.000000	2.683745	0.587020	-4.771231	-1.011478	21.247177	3.688563
28.504000	82988632.000000	2.683710	0.586933	-4.771186	-0.678312	21.257664	3.632720
28.536000	82988640.000000	2.684048	0.586879	-4.771247	-0.844603	21.343012	3.666311
28.567000	82988640.000000	2.683478	0.586898	-4.770992	-5.112847	21.367048	3.774701
28.582000	82988640.000000	2.684189	0.586839	-4.771225	-0.656471	21.374022	3.385542
28.614000	82988648.000000	2.683921	0.586940	-4.771190	-0.413177	21.265495	3.599273
28.629000	82988648.000000	2.683792	0.586952	-4.771242	-0.045571	21.277239	3.712833
28.660000	82988656.000000	2.684331	0.586723	-4.771601	2.273947	21.311453	3.617357
28.692000	82988656.000000	2.683941	0.587442	-4.770992	1.838916	21.350813	3.637294
28.707000	82988656.000000	2.684236	0.587321	-4.771020	2.003093	21.410564	3.692586
28.738000	82988664.000000	2.684581	0.586429	-4.771346	0.851466	20.628397	3.162191
28.754000	82988664.000000	2.684313	0.586537	-4.771424	0.866888	20.678652	3.252932
28.785000	82988664.000000	2.684399	0.586322	-4.771266	3.297771	20.714815	3.317473
28.816000	82988672.000000	2.684270	0.586260	-4.771494	0.150367	20.502790	3.302620
28.832000	82988672.000000	2.684312	0.586221	-4.771530	0.369454	20.491796	3.251294
28.863000	82988672.000000	2.684384	0.586281	-4.771373	0.564971	20.460062	3.140553
28.879000	82988680.000000	2.684667	0.586151	-4.771447	0.897079	20.548876	3.182946
28.910000	82988680.000000	2.684413	0.586234	-4.771457	0.938390	20.455296	3.145908
28.941000	82988688.000000	2.684410	0.586339	-4.771472	0.835485	20.450676	3.167508
28.957000	82988688.000000	2.684356	0.586279	-4.771480	0.829364	20.441137	3.151616
28.988000	82988688.000000	2.684418	0.586260	-4.771580	0.847810	20.320267	3.144160
29.004000	82988696.000000	2.684400	0.586173	-4.771494	0.960391	20.339720	3.151357
29.035000	82988696.000000	2.684501	0.586189	-4.771539	1.064958	20.436052	3.113772
29.066000	82988704.000000	2.684537	0.586167	-4.771468	0.947562	20.470770	3.194480
29.082000	82988704.000000	2.684386	0.586184	-4.771574	0.963402	20.366215	3.155377
29.113000	82988704.000000	2.684494	0.585969	-4.771606	1.425498	20.011452	2.992363
29.128000	82988712.000000	2.684499	0.585961	-4.771543	1.504755	20.024733	2.981603
29.160000	82988712.000000	2.684578	0.585904	-4.771535	1.566836	20.033710	2.969496
29.191000	82988712.000000	2.684812	0.585951	-4.771487	1.642154	20.055288	2.990125
29.206000	82988720.000000	2.684670	0.585975	-4.771455	1.261209	20.052319	3.002312
29.238000	82988720.000000	2.684578	0.585917	-4.771592	1.378726	20.057859	2.992486
29.253000	82988720.000000	2.684530	0.585937	-4.771533	1.523951	20.042788	2.987196
29.284000	82988728.000000	2.684504	0.585951	-4.771611	1.425080	20.039690	3.001636
29.316000	82988728.000000	2.684552	0.585938	-4.771540	1.558938	20.053123	2.985491
29.331000	82988736.000000	2.684638	0.585908	-4.771500	1.215352	20.093636	3.011397
29.362000	82988736.000000	2.684657	0.585840	-4.771673	1.427636	20.338184	3.198917
29.394000	82988736.000000	2.684599	0.585899	-4.771552	1.472326	20.085623	3.054081
29.409000	82988744.000000	2.684525	0.585911	-4.771422	1.473757	20.083115	2.964331
29.440000	82988744.000000	2.684578	0.585980	-4.771422	1.346398	20.041367	3.007205
29.456000	82988752.000000	2.684911	0.586023	-4.771967	3.516214	20.193893	2.727626
29.487000	82988752.000000	2.684525	0.586058	-4.771483	1.349715	20.204369	2.988785
29.518000	82988752.000000	2.684770	0.585989	-4.771646	1.132538	20.209808	3.030072
29.534000	82988760.000000	2.683985	0.585419	-4.771433	-1.340182	20.207457	3.989017
29.565000	82988760.000000	2.683862	0.585659	-4.771177	-2.236246	19.961540	3.787684
29.581000	82988760.000000	2.684535	0.585921	-4.771536	0.438833	20.187656	3.183186
29.612000	82988768.000000	2.683566	0.585966	-4.771346	-3.488631	20.200512	3.429507
29.643000	82988768.000000	2.684241	0.586023	-4.771369	-0.131787	20.173309	3.112231
29.659000	82988768.000000	2.683943	0.585319	-4.771641	-1.960051	20.373926	3.899778
29.690000	82988776.000000	2.684536	0.585582	-4.771792	1.944992	20.483355	3.252130
29.706000	82988776.000000	2.684618	0.585148	-4.771466	0.812269	20.117556	3.485783
29.737000	82988784.000000	2.684400	0.586071	-4.771511	0.161715	20.599308	3.211201
29.768000	82988784.000000	2.683820	0.585282	-4.771521	-1.272086	20.248880	3.938742
29.784000	82988784.000000	2.683777	0.585450	-4.771318	-2.266772	20.439888	4.091506
29.815000	82988792.000000	2.684435	0.585990	-4.771507	0.054503	20.581684	3.221846
29.830000	82988792.000000	2.684361	0.586092	-4.771574	0.297952	20.555916	3.158791
29.862000	82988800.000000	2.683920	0.585656	-4.771682	-2.188920	20.505466	3.763405
29.893000	82988800.000000	2.683976	0.585500	-4.771499	-1.763315	20.393660	3.811216
29.908000	82988800.000000	2.684404	0.586016	-4.771500	0.036601	20.544497	3.250205
29.940000	82988808.000000	2.683961	0.585704	-4.771728	-1.577082	20.417454	3.667417
29.955000	82988808.000000	2.684463	0.586001	-4.771361	0.547164	20.586164	3.214805
29.986000	82988808.000000	2.684383	0.586229	-4.771563	0.247186	20.470501	3.191432
30.018000	82988816.000000	2.683929	0.586313	-4.771393	-1.413084	20.497080	3.295027
30.033000	82988816.000000	2.684362	0.586348	-4.771345	0.951743	20.406013	3.089084
30.064000	82988816.000000	2.684441	0.586271	-4.771532	0.502951	20.477507	3.195698
30.080000	82988824.000000	2.684363	0.586377	-4.771378	0.953079	20.443464	3.081296
30.111000	82988824.000000	2.683981	0.586398	-4.771337	-1.531542	20.493504	3.302466
30.142000	82988832.000000	2.683893	0.586372	-4.771283	-1.837801	20.588211	3.323478
30.158000	82988832.000000	2.684375	0.586256	-4.771538	0.768610	20.545004	3.154899
30.189000	82988832.000000	2.684636	0.586051	-4.771397	2.279896	19.995754	2.902317
30.205000	82988840.000000	2.684131	0.587073	-4.771183	-0.528133	21.292574	3.431208
30.236000	82988840.000000	2.683743	0.587557	-4.771112	-2.652368	22.137924	3.963190
30.267000	82988848.000000	2.684594	0.585671	-4.771730	1.257638	19.635572	3.031808
30.283000	82988848.000000	2.684162	0.587890	-4.770943	-3.125402	22.859959	3.772537
30.314000	82988848.000000	2.681133	0.588431	-4.771029	-17.009621	23.073647	4.236159
30.330000	82988856.000000	2.684180	0.586755	-4.771344	-0.352428	21.146177	3.366935
30.361000	82988856.000000	2.683802	0.586715	-4.771289	-0.297761	20.940641	3.541619
30.392000	82988856.000000	2.684096	0.586477	-4.771770	-0.699907	20.599852	3.419961
30.395000	82988864.000000	2.683838	0.587415	-4.771205	-1.264139	21.787931	3.716584
30.457000	82988864.000000	2.682780	0.587443	-4.770889	-8.804323	21.620466	4.204442
30.457000	82988864.000000	2.682780	0.587443	-4.770889	-8.804323	21.620466	4.204442
30.488000	82988872.000000	2.682572	0.587655	-4.770694	-9.101887	21.729794	4.266334
30.504000	82988872.000000	2.682689	0.587613	-4.770847	-7.890476	21.786898	4.278626
30.535000	82988880.000000	2.682680	0.587546	-4.770856	-7.799798	21.797634	4.239339
30.566000	82988880.000000	2.682707	0.587696	-4.770734	-7.884913	21.777607	4.245431
30.582000	82988880.000000	2.682759	0.587636	-4.770788	-7.823960	21.785334	4.222643
30.613000	82988888.000000	2.682772	0.587597	-4.770827	-7.463644	21.814215	4.303605
30.629000	82988888.000000	2.682657	0.587540	-4.770801	-7.959809	21.804668	4.267427
30.660000	82988896.000000	2.682709	0.587573	-4.770815	-7.791922	21.792137	4.242892
