2.028000	-431602080.000000	-431602080.000000	-431602080.000000	-431602080.000000	135.000000	-0.000000	135.000000
2.028000	-431602080.000000	-431602080.000000	-431602080.000000	-431602080.000000	135.000000	-0.000000	135.000000
2.059000	89739808.000000	2.637708	0.652889	-0.106862	1.386254	8.992259	0.744201
2.075000	89739808.000000	2.637708	0.652889	-0.106862	1.386254	8.992259	0.744201
2.106000	89739808.000000	2.637737	0.652960	-0.106932	0.743880	9.098955	0.839365
2.137000	89739808.000000	2.637737	0.652960	-0.106932	0.743880	9.098955	0.839365
2.153000	89739808.000000	2.637737	0.652960	-0.106932	0.743880	9.098955	0.839365
2.184000	89739816.000000	2.637767	0.652846	-0.106865	1.106405	8.976674	0.778532
2.200000	89739824.000000	2.637820	0.652833	-0.106907	1.534488	8.953404	0.720793
2.231000	89739824.000000	2.637779	0.652924	-0.106887	0.856825	8.996822	0.801302
2.262000	89739832.000000	2.637818	0.652897	-0.106890	1.161317	8.969116	0.765242
2.277000	89739832.000000	2.637818	0.652897	-0.106890	1.161317	8.969116	0.765242
2.309000	89739832.000000	2.637805	0.652893	-0.106887	0.847466	9.000263	0.793633
2.324000	89739832.000000	2.637805	0.652893	-0.106887	0.847466	9.000263	0.793633
2.355000	89739840.000000	2.637822	0.652824	-0.106989	1.169150	9.019896	0.768697
2.387000	89739848.000000	2.637803	0.652857	-0.106908	1.114164	9.013801	0.771677
2.402000	89739848.000000	2.637803	0.652857	-0.106908	1.114164	9.013801	0.771677
2.433000	89739848.000000	2.638088	0.651025	-0.106329	5.975316	9.475584	0.608834
2.449000	89739848.000000	2.638088	0.651025	-0.106329	5.975316	9.475584	0.608834
2.480000	89739856.000000	2.637804	0.652872	-0.106598	1.341407	8.974394	0.704547
2.511000	89739864.000000	2.637803	0.652851	-0.106770	0.895708	9.038867	0.783212
2.527000	89739864.000000	2.637803	0.652851	-0.106770	0.895708	9.038867	0.783212
2.558000	89739864.000000	2.637799	0.652906	-0.106805	1.091867	9.060603	0.769814
2.574000	89739864.000000	2.637799	0.652906	-0.106805	1.091867	9.060603	0.769814
2.605000	89739872.000000	2.637826	0.652858	-0.106891	1.090477	9.038482	0.783363
2.636000	89739880.000000	2.637825	0.652888	-0.106913	1.054439	9.032688	0.770528
2.652000	89739880.000000	2.637825	0.652888	-0.106913	1.054439	9.032688	0.770528
2.683000	89739880.000000	2.637795	0.652857	-0.106926	1.112834	9.028242	0.787087
2.699000	89739880.000000	2.637795	0.652857	-0.106926	1.112834	9.028242	0.787087
2.730000	89739888.000000	2.637832	0.652880	-0.106952	0.761057	9.084841	0.805047
2.761000	89739888.000000	2.637832	0.652830	-0.106885	1.056071	9.010073	0.740373
2.777000	89739888.000000	2.637832	0.652830	-0.106885	1.056071	9.010073	0.740373
2.808000	89739896.000000	2.637849	0.652885	-0.107048	1.378245	9.064048	0.815479
2.823000	89739896.000000	2.637849	0.652885	-0.107048	1.378245	9.064048	0.815479
2.855000	89739904.000000	2.637806	0.652898	-0.106655	0.849101	9.031202	0.777791
2.886000	89739904.000000	2.637843	0.652630	-0.106873	1.315528	8.990067	0.708929
2.901000	89739904.000000	2.637843	0.652630	-0.106873	1.315528	8.990067	0.708929
2.933000	89739912.000000	2.637818	0.652844	-0.106959	1.046706	9.036788	0.768122
2.948000	89739912.000000	2.637818	0.652844	-0.106959	1.046706	9.036788	0.768122
2.979000	89739920.000000	2.637745	0.652729	-0.106787	0.954690	9.104801	0.801486
3.011000	89739920.000000	2.637851	0.652634	-0.106883	0.913918	9.068320	0.754655
3.026000	89739920.000000	2.637851	0.652634	-0.106883	0.913918	9.068320	0.754655
3.057000	89739928.000000	2.637865	0.652632	-0.106781	0.037413	9.090220	0.846989
3.073000	89739928.000000	2.637865	0.652632	-0.106781	0.037413	9.090220	0.846989
3.104000	89739928.000000	2.637773	0.652701	-0.106836	0.917547	9.120448	0.822233
3.135000	89739936.000000	2.637914	0.652528	-0.106813	1.204961	9.025099	0.656786
3.151000	89739936.000000	2.637914	0.652528	-0.106813	1.204961	9.025099	0.656786
3.182000	89739936.000000	2.637853	0.652661	-0.106560	0.866065	9.079832	0.752381
3.198000	89739936.000000	2.637853	0.652661	-0.106560	0.866065	9.079832	0.752381
3.229000	89739944.000000	2.637913	0.652557	-0.106876	1.036975	9.028408	0.721845
3.260000	89739952.000000	2.637916	0.652566	-0.106912	1.297803	9.022448	0.675140
3.276000	89739952.000000	2.637916	0.652566	-0.106912	1.297803	9.022448	0.675140
3.307000	89739952.000000	2.637893	0.652605	-0.106677	1.077225	9.061126	0.748094
3.323000	89739952.000000	2.637893	0.652605	-0.106677	1.077225	9.061126	0.748094
3.354000	89739960.000000	2.637936	0.652696	-0.106505	0.247479	9.138815	0.844386
3.385000	89739968.000000	2.638038	0.652606	-0.106555	1.305104	9.051913	0.711751
3.401000	89739968.000000	2.638038	0.652606	-0.106555	1.305104	9.051913	0.711751
3.432000	89739968.000000	2.637939	0.652635	-0.106717	1.141347	9.096642	0.717981
3.447000	89739968.000000	2.637939	0.652635	-0.106717	1.141347	9.096642	0.717981
3.494000	89739976.000000	2.637857	0.652775	-0.107038	1.186631	9.048911	0.748822
3.510000	89739984.000000	2.638105	0.652680	-0.106971	1.569364	8.986677	0.689036
3.525000	89739984.000000	2.638105	0.652680	-0.106971	1.569364	8.986677	0.689036
3.556000	89739984.000000	2.637938	0.652768	-0.107024	0.872752	9.062233	0.753694
3.588000	89739992.000000	2.637893	0.652696	-0.106856	1.026630	9.158813	0.839208
3.603000	89739992.000000	2.637893	0.652696	-0.106856	1.026630	9.158813	0.839208
3.634000	89739992.000000	2.637982	0.652554	-0.106703	1.133710	9.002981	0.656759
3.650000	89740000.000000	2.637861	0.652630	-0.106945	0.918645	9.058844	0.764728
3.681000	89740000.000000	2.637886	0.652581	-0.106542	0.523893	9.027990	0.771330
3.712000	89740000.000000	2.638021	0.652695	-0.106878	0.744709	9.027061	0.810469
3.728000	89740000.000000	2.638021	0.652695	-0.106878	0.744709	9.027061	0.810469
3.759000	89740008.000000	2.637995	0.652528	-0.106872	1.201918	9.012040	0.703627
3.775000	89740008.000000	2.637995	0.652528	-0.106872	1.201918	9.012040	0.703627
3.806000	89740016.000000	2.637913	0.652652	-0.106653	0.898737	9.042917	0.748428
3.837000	89740024.000000	2.637934	0.652612	-0.106748	1.126837	9.027328	0.769987
3.853000	89740024.000000	2.637934	0.652612	-0.106748	1.126837	9.027328	0.769987
3.884000	89740024.000000	2.637901	0.652627	-0.106727	0.711298	9.074679	0.778421
3.900000	89740024.000000	2.637901	0.652627	-0.106727	0.711298	9.074679	0.778421
3.931000	89740032.000000	2.637998	0.652562	-0.106857	1.472938	8.996261	0.656690
3.962000	89740032.000000	2.637825	0.652686	-0.106860	0.632579	9.197608	0.882451
3.978000	89740032.000000	2.637825	0.652686	-0.106860	0.632579	9.197608	0.882451
4.009000	89740040.000000	2.637965	0.652369	-0.106870	0.488116	9.234756	0.798089
4.024000	89740048.000000	2.637942	0.652510	-0.106432	0.883832	9.240538	0.744867
4.056000	89740048.000000	2.637905	0.652348	-0.106802	0.307758	9.249627	0.794237
4.087000	89740048.000000	2.637929	0.652480	-0.106543	0.960536	9.210397	0.747611
4.102000	89740048.000000	2.637929	0.652480	-0.106543	0.960536	9.210397	0.747611
4.134000	89740056.000000	2.637919	0.652463	-0.106737	1.032784	9.225936	0.762917
4.149000	89740056.000000	2.637919	0.652463	-0.106737	1.032784	9.225936	0.762917
4.180000	89740064.000000	2.637977	0.652352	-0.106838	0.309537	9.266129	0.821564
4.212000	89740064.000000	2.637939	0.652648	-0.106844	1.308829	9.056242	0.712989
4.227000	89740064.000000	2.637939	0.652648	-0.106844	1.308829	9.056242	0.712989
4.258000	89740072.000000	2.637935	0.652473	-0.106572	0.892801	9.235012	0.758489
4.274000	89740072.000000	2.637935	0.652473	-0.106572	0.892801	9.235012	0.758489
4.305000	89740072.000000	2.637916	0.652348	-0.107071	0.653258	9.225223	0.811208
4.336000	89740080.000000	2.637953	0.652447	-0.106558	0.918741	9.215163	0.744589
4.352000	89740080.000000	2.637953	0.652447	-0.106558	0.918741	9.215163	0.744589
4.383000	89740080.000000	2.637977	0.652496	-0.106799	1.081865	9.093186	0.722255
4.399000	89740080.000000	2.637977	0.652496	-0.106799	1.081865	9.093186	0.722255
4.430000	89740088.000000	2.637965	0.652402	-0.106848	0.550103	9.159685	0.810376
4.461000	89740096.000000	2.638062	0.652535	-0.106751	1.187416	9.045866	0.646095
4.477000	89740096.000000	2.638062	0.652535	-0.106751	1.187416	9.045866	0.646095
4.524000	89740096.000000	2.637988	0.652476	-0.106901	1.185027	8.968814	0.726043
4.524000	89740104.000000	2.638004	0.652450	-0.106713	1.438923	8.913981	0.682441
4.555000	89740112.000000	2.638066	0.652608	-0.106880	0.969231	9.050005	0.715479
4.586000	89740112.000000	2.637953	0.652318	-0.106725	0.969899	8.927648	0.756234
4.602000	89740112.000000	2.637953	0.652318	-0.106725	0.969899	8.927648	0.756234
4.633000	89740112.000000	2.638036	0.652197	-0.106754	1.184139	8.878513	0.698938
4.648000	89740112.000000	2.638036	0.652197	-0.106754	1.184139	8.878513	0.698938
4.680000	89740120.000000	2.638009	0.652420	-0.106627	0.923767	8.921738	0.771833
4.711000	89740120.000000	2.638039	0.652185	-0.106746	1.156813	8.862633	0.701928
4.726000	89740120.000000	2.638039	0.652185	-0.106746	1.156813	8.862633	0.701928
4.758000	89740128.000000	2.637983	0.652231	-0.106764	1.159412	8.875554	0.711622
4.773000	89740128.000000	2.637990	0.651961	-0.106624	1.333417	8.848888	0.703462
4.804000	89740136.000000	2.637997	0.651806	-0.106549	0.905611	8.849805	0.689192
4.835000	89740136.000000	2.637997	0.651806	-0.106549	0.905611	8.849805	0.689192
4.851000	89740136.000000	2.637997	0.651806	-0.106549	0.905611	8.849805	0.689192
4.882000	89740136.000000	2.637997	0.651806	-0.106549	0.905611	8.849805	0.689192
4.898000	89740136.000000	2.637997	0.651806	-0.106549	0.905611	8.849805	0.689192
4.929000	89740144.000000	2.637972	0.651811	-0.106500	0.652007	8.892135	0.740467
4.960000	89740144.000000	2.637742	0.651766	-0.106294	0.303186	8.858537	0.738117
4.976000	89740152.000000	2.637972	0.651743	-0.106463	0.473177	8.871930	0.732715
5.007000	89740160.000000	2.637961	0.651772	-0.106356	0.435620	8.860542	0.717380
5.023000	89740160.000000	2.637961	0.651772	-0.106356	0.435620	8.860542	0.717380
5.054000	89740168.000000	2.637963	0.651751	-0.106290	0.458420	8.857811	0.705030
5.085000	89740168.000000	2.637978	0.651843	-0.106513	0.952221	8.869914	0.687595
5.101000	89740168.000000	2.637978	0.651843	-0.106513	0.952221	8.869914	0.687595
5.132000	89740176.000000	2.637894	0.651608	-0.106088	-1.275169	9.032664	0.700597
5.147000	89740176.000000	2.637894	0.651608	-0.106088	-1.275169	9.032664	0.700597
5.179000	89740176.000000	2.637987	0.652238	-0.106972	1.827028	8.973478	0.530294
5.210000	89740184.000000	2.638071	0.652104	-0.106534	1.698380	9.022060	0.509715
5.225000	89740184.000000	2.638071	0.652104	-0.106534	1.698380	9.022060	0.509715
5.257000	89740192.000000	2.638045	0.652181	-0.106462	1.916994	9.107490	0.570756
5.272000	89740192.000000	2.638045	0.652181	-0.106462	1.916994	9.107490	0.570756
5.303000	89740192.000000	2.638330	0.652078	-0.106679	0.437760	9.118813	0.814211
5.335000	89740200.000000	2.638078	0.651542	-0.106109	-5.251081	9.306759	1.126537
5.350000	89740200.000000	2.638078	0.651542	-0.106109	-5.251081	9.306759	1.126537
5.381000	89740208.000000	2.638025	0.651990	-0.106565	-0.514752	9.320230	0.890849
5.413000	89740208.000000	2.637780	0.651334	-0.106342	-4.145674	9.342957	1.086792
5.428000	89740216.000000	2.637517	0.650699	-0.106141	3.023692	9.660772	0.654010
5.459000	89740216.000000	2.638026	0.652978	-0.106492	1.712435	9.274678	0.632568
5.475000	89740216.000000	2.638026	0.652978	-0.106492	1.712435	9.274678	0.632568
5.506000	89740216.000000	2.638077	0.652197	-0.106323	-0.943854	9.395198	0.865851
5.537000	89740224.000000	2.638035	0.652127	-0.106349	-1.265203	9.241093	0.844498
5.553000	89740224.000000	2.638036	0.652136	-0.106133	-2.164795	9.190253	0.985976
5.584000	89740232.000000	2.638008	0.652159	-0.106253	-1.640653	9.206043	0.889135
5.600000	89740232.000000	2.638008	0.652159	-0.106253	-1.640653	9.206043	0.889135
5.631000	89740232.000000	2.638001	0.652174	-0.105925	-2.043104	9.136140	0.957187
5.662000	89740240.000000	2.638323	0.652034	-0.107067	0.201589	9.107923	0.722229
5.678000	89740240.000000	2.638323	0.652034	-0.107067	0.201589	9.107923	0.722229
5.709000	89740240.000000	2.638409	0.652017	-0.107115	-0.585293	9.083140	0.923102
5.725000	89740240.000000	2.638409	0.652017	-0.107115	-0.585293	9.083140	0.923102
5.756000	89740248.000000	2.638359	0.652280	-0.107153	0.971075	9.028474	0.883536
5.787000	89740256.000000	2.638375	0.651787	-0.107463	0.117791	9.060300	0.916867
5.803000	89740256.000000	2.638375	0.651787	-0.107463	0.117791	9.060300	0.916867
5.834000	89740256.000000	2.638430	0.651814	-0.107154	0.482435	9.006270	0.903129
5.849000	89740256.000000	2.638430	0.651814	-0.107154	0.482435	9.006270	0.903129
5.881000	89740264.000000	2.638945	0.648792	-0.108251	7.821289	10.069484	0.406697
5.912000	89740272.000000	2.642618	0.645952	-0.108040	23.389605	10.237421	-2.397817
5.927000	89740272.000000	2.642618	0.645952	-0.108040	23.389605	10.237421	-2.397817
5.959000	89740272.000000	2.638633	0.651786	-0.110288	-0.594995	8.721504	1.253775
5.974000	89740272.000000	2.638633	0.651786	-0.110288	-0.594995	8.721504	1.253775
6.005000	89740280.000000	2.638586	0.651550	-0.112434	-0.279555	8.860736	1.406751
6.037000	89740288.000000	2.638679	0.652125	-0.114968	0.018823	8.724934	1.515640
6.083000	89740288.000000	2.638902	0.651311	-0.116270	-0.240752	8.832574	1.451067
6.083000	89740288.000000	2.638902	0.651311	-0.116270	-0.240752	8.832574	1.451067
6.099000	89740288.000000	2.638902	0.651311	-0.116270	-0.240752	8.832574	1.451067
6.130000	89740296.000000	2.638758	0.651869	-0.118946	-1.299010	8.671742	1.604568
6.161000	89740296.000000	2.638946	0.652232	-0.120818	-1.194979	8.717771	1.626723
6.177000	89740296.000000	2.638946	0.652232	-0.120818	-1.194979	8.717771	1.626723
6.208000	89740304.000000	2.639368	0.651982	-0.124199	-0.967307	8.810499	1.666456
6.224000	89740304.000000	2.639368	0.651982	-0.124199	-0.967307	8.810499	1.666456
6.255000	89740312.000000	2.639971	0.649715	-0.127798	8.552805	10.199352	0.632949
6.286000	89740312.000000	2.639647	0.651565	-0.132594	1.152463	9.541927	1.590732
6.302000	89740312.000000	2.639647	0.651565	-0.132594	1.152463	9.541927	1.590732
6.333000	89740320.000000	2.639514	0.649542	-0.134319	3.820700	10.117215	1.489545
6.348000	89740320.000000	2.639514	0.649542	-0.134319	3.820700	10.117215	1.489545
6.380000	89740320.000000	2.639793	0.649681	-0.138868	7.230608	9.829924	1.046914
6.411000	89740328.000000	2.640149	0.649603	-0.143182	6.638414	10.009152	1.176356
6.426000	89740328.000000	2.640149	0.649603	-0.143182	6.638414	10.009152	1.176356
6.458000	89740336.000000	2.640617	0.649244	-0.146162	7.616260	10.119493	0.985664
6.473000	89740336.000000	2.640617	0.649244	-0.146162	7.616260	10.119493	0.985664
6.504000	89740336.000000	2.640018	0.651827	-0.150597	-0.200629	8.873821	1.550385
6.536000	89740344.000000	2.640165	0.652332	-0.156114	-0.908559	8.717053	1.652987
6.551000	89740344.000000	2.640165	0.652332	-0.156114	-0.908559	8.717053	1.652987
6.582000	89740352.000000	2.640333	0.651480	-0.158788	-0.413491	9.031154	1.629266
6.614000	89740352.000000	2.640467	0.651410	-0.164082	0.384893	9.121872	1.741197
6.629000	89740360.000000	2.640456	0.651854	-0.167418	-1.757877	8.824639	1.764580
6.660000	89740360.000000	2.640619	0.651799	-0.170592	0.568056	9.075818	1.831476
6.676000	89740360.000000	2.640619	0.651799	-0.170592	0.568056	9.075818	1.831476
6.707000	89740360.000000	2.640694	0.651739	-0.173777	-1.679751	9.486788	1.981177
6.723000	89740360.000000	2.640694	0.651739	-0.173777	-1.679751	9.486788	1.981177
6.754000	89740368.000000	2.640560	0.651665	-0.181536	-1.488051	9.194939	2.089638
6.785000	89740376.000000	2.640171	0.651084	-0.189278	-0.901956	9.183276	2.105602
6.801000	89740376.000000	2.640171	0.651084	-0.189278	-0.901956	9.183276	2.105602
6.832000	89740376.000000	2.640167	0.652273	-0.193833	-1.295707	8.835865	2.229468
6.848000	89740376.000000	2.640167	0.652273	-0.193833	-1.295707	8.835865	2.229468
6.879000	89740384.000000	2.640428	0.650749	-0.202687	-2.047913	9.226974	2.218148
6.910000	89740384.000000	2.640428	0.650749	-0.202687	-2.047913	9.226974	2.218148
6.926000	89740384.000000	2.640428	0.650749	-0.202687	-2.047913	9.226974	2.218148
6.957000	89740384.000000	2.640339	0.651239	-0.207849	-0.834681	9.126490	2.147390
6.972000	89740392.000000	2.640232	0.651785	-0.217911	-0.331132	8.656165	2.190850
7.035000	89740400.000000	2.639860	0.651612	-0.228580	0.603104	8.790426	2.356840
7.035000	89740408.000000	2.639594	0.651052	-0.239733	-0.140167	9.162818	2.795132
7.050000	89740408.000000	2.639594	0.651052	-0.239733	-0.140167	9.162818	2.795132
7.097000	89740408.000000	2.641398	0.647223	-0.246360	14.625298	9.724154	1.612224
7.097000	89740408.000000	2.641398	0.647223	-0.246360	14.625298	9.724154	1.612224
7.128000	89740416.000000	2.638512	0.650505	-0.258077	0.146866	9.012823	3.100769
7.160000	89740416.000000	2.637705	0.651395	-0.264257	-0.034851	9.258453	3.273110
7.175000	89740416.000000	2.637705	0.651395	-0.264257	-0.034851	9.258453	3.273110
7.206000	89740424.000000	2.635995	0.650493	-0.277536	0.091234	9.075951	3.205001
7.238000	89740432.000000	2.634887	0.648483	-0.291350	7.125629	10.408850	2.930683
7.253000	89740432.000000	2.634887	0.648483	-0.291350	7.125629	10.408850	2.930683
7.284000	89740432.000000	2.633964	0.648909	-0.298409	2.386295	9.653131	3.563869
7.300000	89740432.000000	2.633964	0.648909	-0.298409	2.386295	9.653131	3.563869
7.331000	89740440.000000	2.633520	0.648390	-0.313638	3.102612	9.730715	3.247683
7.362000	89740448.000000	2.633355	0.649955	-0.330376	-0.416374	9.600227	3.157171
7.378000	89740448.000000	2.633355	0.649955	-0.330376	-0.416374	9.600227	3.157171
7.409000	89740448.000000	2.633816	0.650112	-0.338756	0.297117	9.316327	3.074329
7.425000	89740448.000000	2.633816	0.650112	-0.338756	0.297117	9.316327	3.074329
7.456000	89740456.000000	2.634020	0.650657	-0.355996	-3.353324	8.884237	2.896430
7.487000	89740456.000000	2.635144	0.648569	-0.373595	-2.095786	10.867106	3.629605
7.503000	89740456.000000	2.635144	0.648569	-0.373595	-2.095786	10.867106	3.629605
7.534000	89740464.000000	2.635946	0.649760	-0.382651	-0.803317	9.197869	2.915109
7.549000	89740464.000000	2.635946	0.649760	-0.382651	-0.803317	9.197869	2.915109
7.581000	89740464.000000	2.636596	0.649415	-0.400357	-2.038508	9.124928	2.737123
7.612000	89740472.000000	2.636895	0.648240	-0.418314	-0.059558	10.041292	3.839464
7.627000	89740480.000000	2.637124	0.649720	-0.427613	-1.005123	9.546423	2.773308
7.659000	89740480.000000	2.636906	0.649512	-0.437230	-1.037124	9.212951	2.922255
7.674000	89740480.000000	2.636906	0.649512	-0.437230	-1.037124	9.212951	2.922255
7.705000	89740480.000000	2.636829	0.649131	-0.446276	-1.611616	9.451060	2.781980
7.737000	89740488.000000	2.636271	0.649289	-0.464808	-1.711509	9.445944	3.096046
7.752000	89740488.000000	2.636271	0.649289	-0.464808	-1.711509	9.445944	3.096046
7.783000	89740496.000000	2.636399	0.647583	-0.474211	4.902226	10.015470	2.533387
7.799000	89740496.000000	2.636399	0.647583	-0.474211	4.902226	10.015470	2.533387
7.830000	89740496.000000	2.634922	0.649576	-0.494713	-0.558804	9.144125	3.126650
7.861000	89740504.000000	2.633641	0.649240	-0.514523	-1.293176	9.209911	3.264997
7.877000	89740504.000000	2.633641	0.649240	-0.514523	-1.293176	9.209911	3.264997
7.908000	89740504.000000	2.632979	0.649097	-0.524730	-0.817529	9.342540	3.346782
7.924000	89740504.000000	2.632979	0.649097	-0.524730	-0.817529	9.342540	3.346782
7.955000	89740512.000000	2.631137	0.648228	-0.545716	-0.418810	9.418347	3.420602
7.986000	89740520.000000	2.630085	0.649139	-0.568871	-1.856548	9.138556	3.572173
8.002000	89740520.000000	2.629416	0.648997	-0.580032	-2.787379	9.190181	3.634009
8.033000	89740528.000000	2.630658	0.645367	-0.592098	13.563357	10.105588	1.733279
8.049000	89740528.000000	2.630658	0.645367	-0.592098	13.563357	10.105588	1.733279
8.080000	89740528.000000	2.627844	0.648036	-0.603704	-1.590053	9.202415	3.570125
8.111000	89740536.000000	2.626303	0.649966	-0.628348	-0.963005	9.348723	3.808957
8.142000	89740536.000000	2.625708	0.648133	-0.640282	-2.391698	9.345985	3.909338
8.158000	89740544.000000	2.624787	0.648940	-0.652857	-1.704671	9.312522	3.818559
8.173000	89740544.000000	2.624787	0.648940	-0.652857	-1.704671	9.312522	3.818559
8.205000	89740544.000000	2.623381	0.647163	-0.663554	-0.664941	10.364924	4.324533
8.236000	89740552.000000	2.622844	0.648200	-0.689881	-0.250120	9.315968	3.748194
8.251000	89740552.000000	2.622166	0.648344	-0.702579	-3.369450	9.495137	3.618288
8.283000	89740552.000000	2.621630	0.648227	-0.714286	-2.059630	9.241481	4.033546
8.298000	89740552.000000	2.621630	0.648227	-0.714286	-2.059630	9.241481	4.033546
8.329000	89740560.000000	2.620975	0.647744	-0.727524	-1.602918	9.417826	3.808790
8.361000	89740560.000000	2.619507	0.647836	-0.752639	-2.648155	9.346726	3.843864
8.376000	89740560.000000	2.619507	0.647836	-0.752639	-2.648155	9.346726	3.843864
8.407000	89740568.000000	2.618910	0.648465	-0.765283	-1.560802	9.698425	3.870264
8.423000	89740568.000000	2.618910	0.648465	-0.765283	-1.560802	9.698425	3.870264
8.454000	89740576.000000	2.617609	0.648233	-0.789646	-1.864430	9.451591	3.761747
8.485000	89740576.000000	2.616656	0.645948	-0.814357	-3.063509	9.498337	3.551283
8.501000	89740576.000000	2.616656	0.645948	-0.814357	-3.063509	9.498337	3.551283
8.532000	89740584.000000	2.616935	0.644890	-0.827220	6.134873	10.139311	3.158973
8.548000	89740584.000000	2.616935	0.644890	-0.827220	6.134873	10.139311	3.158973
8.579000	89740592.000000	2.615947	0.648274	-0.852215	-0.257859	9.759295	3.672816
8.610000	89740592.000000	2.614967	0.647577	-0.877886	-2.505128	9.774667	3.760489
8.626000	89740600.000000	2.614914	0.646073	-0.890704	0.354227	9.743576	3.659527
8.657000	89740600.000000	2.614364	0.647742	-0.904084	-0.322358	8.831164	3.510316
8.688000	89740600.000000	2.614009	0.646778	-0.916820	-0.508968	10.086164	3.655072
8.704000	89740608.000000	2.613317	0.645315	-0.930011	1.654990	10.153404	3.780688
8.735000	89740608.000000	2.613345	0.646792	-0.943771	-1.813898	9.447271	4.026240
8.750000	89740608.000000	2.613345	0.646792	-0.943771	-1.813898	9.447271	4.026240
8.782000	89740608.000000	2.613370	0.644329	-0.956937	5.771253	9.984737	3.058940
8.797000	89740608.000000	2.613370	0.644329	-0.956937	5.771253	9.984737	3.058940
8.828000	89740616.000000	2.612279	0.645303	-0.983992	-2.512647	9.869768	3.680319
8.860000	89740624.000000	2.611766	0.645318	-1.011600	-2.285058	9.810951	3.712312
8.875000	89740624.000000	2.611766	0.645318	-1.011600	-2.285058	9.810951	3.712312
8.906000	89740624.000000	2.611549	0.645606	-1.025556	-0.085724	9.736322	3.686154
8.938000	89740632.000000	2.611719	0.645331	-1.053594	2.488541	9.823134	3.523767
8.953000	89740632.000000	2.611719	0.645331	-1.053594	2.488541	9.823134	3.523767
8.984000	89740640.000000	2.611339	0.645369	-1.067956	5.143234	10.263644	2.982772
9.000000	89740640.000000	2.611339	0.645369	-1.067956	5.143234	10.263644	2.982772
9.031000	89740640.000000	2.611339	0.645369	-1.067956	5.143234	10.263644	2.982772
9.062000	89740640.000000	2.610162	0.644888	-1.081527	0.810153	9.898124	3.569430
9.078000	89740648.000000	2.610146	0.645391	-1.110056	0.671020	9.839989	3.623000
9.109000	89740648.000000	2.609230	0.644998	-1.138487	-0.399111	10.398452	3.764890
9.125000	89740648.000000	2.609230	0.644998	-1.138487	-0.399111	10.398452	3.764890
9.156000	89740656.000000	2.608674	0.645116	-1.167429	-0.601686	10.267904	3.786613
9.187000	89740664.000000	2.607320	0.644527	-1.195702	-4.241088	10.307098	4.387264
9.203000	89740664.000000	2.607320	0.644527	-1.195702	-4.241088	10.307098	4.387264
9.234000	89740664.000000	2.607968	0.645299	-1.210829	-0.824588	10.287459	4.017265
9.250000	89740664.000000	2.607968	0.645299	-1.210829	-0.824588	10.287459	4.017265
9.281000	89740664.000000	2.607968	0.645299	-1.210829	-0.824588	10.287459	4.017265
9.312000	89740672.000000	2.607001	0.645251	-1.225543	-2.116103	10.303181	3.617186
9.328000	89740672.000000	2.607624	0.645335	-1.254521	2.102050	10.292889	3.944715
9.359000	89740680.000000	2.605438	0.646540	-1.284232	-1.616499	8.875131	3.951170
9.374000	89740680.000000	2.605438	0.646540	-1.284232	-1.616499	8.875131	3.951170
9.406000	89740688.000000	2.605353	0.644390	-1.314182	2.302258	10.670082	4.652336
9.437000	89740696.000000	2.605162	0.645820	-1.344566	1.786472	9.886539	3.897735
9.452000	89740696.000000	2.605162	0.645820	-1.344566	1.786472	9.886539	3.897735
9.484000	89740696.000000	2.604921	0.644203	-1.359430	0.648706	9.997850	4.126433
9.499000	89740696.000000	2.604921	0.644203	-1.359430	0.648706	9.997850	4.126433
9.530000	89740704.000000	2.603110	0.643607	-1.389739	-1.667713	11.230891	4.802208
9.562000	89740704.000000	2.604473	0.645098	-1.420928	5.346260	10.738816	4.526739
9.577000	89740712.000000	2.603002	0.645175	-1.435710	1.812740	8.750524	3.786138
9.608000	89740712.000000	2.602079	0.645282	-1.451192	-1.551200	8.404314	3.950267
9.624000	89740712.000000	2.602079	0.645282	-1.451192	-1.551200	8.404314	3.950267
9.655000	89740720.000000	2.602726	0.644653	-1.466906	3.038571	9.575473	3.568894
9.686000	89740720.000000	2.602620	0.643481	-1.498473	5.080603	10.997181	4.493533
9.702000	89740728.000000	2.601384	0.643821	-1.514490	-2.517682	9.625407	3.243500
9.733000	89740728.000000	2.601607	0.644547	-1.530567	-0.868434	9.067736	3.318422
9.749000	89740728.000000	2.601607	0.644547	-1.530567	-0.868434	9.067736	3.318422
9.780000	89740736.000000	2.601430	0.645028	-1.546838	-0.866560	9.227926	3.357738
9.811000	89740736.000000	2.600940	0.645323	-1.579688	-3.220890	9.084404	3.192000
9.827000	89740736.000000	2.600940	0.645323	-1.579688	-3.220890	9.084404	3.192000
9.858000	89740744.000000	2.600858	0.644212	-1.596248	-3.077670	9.149369	2.976709
9.874000	89740744.000000	2.600858	0.644212	-1.596248	-3.077670	9.149369	2.976709
9.905000	89740744.000000	2.600792	0.643680	-1.629271	-0.062243	9.463969	2.802668
9.936000	89740752.000000	2.600273	0.644680	-1.661597	-1.260672	8.778125	2.869012
9.952000	89740752.000000	2.600273	0.644680	-1.661597	-1.260672	8.778125	2.869012
9.983000	89740752.000000	2.600193	0.644030	-1.678127	-1.526390	9.206697	2.874064
9.998000	89740752.000000	2.600193	0.644030	-1.678127	-1.526390	9.206697	2.874064
10.029000	89740760.000000	2.599530	0.644221	-1.710833	-1.170045	8.495975	3.036376
10.061000	89740768.000000	2.600162	0.642917	-1.743816	6.684959	9.412098	2.595557
10.076000	89740768.000000	2.600162	0.642917	-1.743816	6.684959	9.412098	2.595557
10.107000	89740768.000000	2.599168	0.642784	-1.760637	3.824559	9.204062	2.736664
10.123000	89740776.000000	2.598693	0.642721	-1.777126	1.837281	9.034560	2.932474
10.154000	89740776.000000	2.598519	0.642761	-1.793796	5.056647	9.741265	2.774432
10.185000	89740784.000000	2.597971	0.642968	-1.827528	2.800448	9.049416	2.758195
10.201000	89740784.000000	2.597313	0.642819	-1.843661	5.104677	9.935437	2.909114
10.232000	89740792.000000	2.596730	0.642256	-1.860345	4.941507	10.489599	3.023688
10.248000	89740792.000000	2.596730	0.642256	-1.860345	4.941507	10.489599	3.023688
10.279000	89740792.000000	2.596730	0.642256	-1.860345	4.941507	10.489599	3.023688
10.310000	89740792.000000	2.596730	0.642256	-1.860345	4.941507	10.489599	3.023688
10.326000	89740792.000000	2.596065	0.641756	-1.877480	2.593020	9.462435	2.940430
10.357000	89740800.000000	2.594657	0.642428	-1.911412	0.356381	8.799437	3.236629
10.373000	89740800.000000	2.594294	0.640666	-1.946583	4.338739	10.566896	3.069591
10.404000	89740808.000000	2.592730	0.641924	-1.963008	-0.708443	8.782974	3.346983
10.435000	89740816.000000	2.591944	0.640711	-1.997901	2.222589	10.356101	3.170253
10.451000	89740816.000000	2.591944	0.640711	-1.997901	2.222589	10.356101	3.170253
10.482000	89740816.000000	2.591667	0.640776	-2.014756	4.604332	10.040447	3.344855
10.497000	89740816.000000	2.591667	0.640776	-2.014756	4.604332	10.040447	3.344855
10.529000	89740824.000000	2.590416	0.640992	-2.049935	3.345287	9.279949	3.521332
10.560000	89740832.000000	2.588764	0.640499	-2.085019	6.203068	9.706758	3.504750
10.575000	89740832.000000	2.588764	0.640499	-2.085019	6.203068	9.706758	3.504750
10.607000	89740832.000000	2.588223	0.639818	-2.102593	7.165717	11.091449	3.839746
10.622000	89740832.000000	2.588223	0.639818	-2.102593	7.165717	11.091449	3.839746
10.653000	89740840.000000	2.585674	0.640871	-2.137572	3.849159	8.925367	3.683797
10.685000	89740840.000000	2.584858	0.639193	-2.172363	3.982319	10.561348	4.214396
10.700000	89740840.000000	2.584858	0.639193	-2.172363	3.982319	10.561348	4.214396
10.731000	89740848.000000	2.583385	0.639739	-2.189905	2.393107	9.982302	3.965479
10.763000	89740848.000000	2.581504	0.639288	-2.223629	4.200796	9.093670	4.069062
10.778000	89740856.000000	2.581232	0.640142	-2.240771	3.186690	10.273795	4.350609
10.809000	89740856.000000	2.580025	0.640328	-2.257717	1.764207	9.546854	4.488584
10.825000	89740856.000000	2.580025	0.640328	-2.257717	1.764207	9.546854	4.488584
10.856000	89740864.000000	2.579130	0.639818	-2.274456	5.739811	9.318074	4.310835
10.887000	89740864.000000	2.576735	0.639981	-2.307752	1.259042	9.759393	4.664695
10.903000	89740872.000000	2.575927	0.638754	-2.324478	3.298205	10.133949	4.975103
10.934000	89740872.000000	2.575110	0.638503	-2.341118	3.250728	9.677497	4.473372
10.950000	89740872.000000	2.575110	0.638503	-2.341118	3.250728	9.677497	4.473372
10.981000	89740880.000000	2.574571	0.639691	-2.357460	2.983186	9.892642	4.604771
11.012000	89740880.000000	2.572860	0.639405	-2.390571	1.214435	9.533664	4.820843
11.028000	89740880.000000	2.572860	0.639405	-2.390571	1.214435	9.533664	4.820843
11.059000	89740888.000000	2.571978	0.639051	-2.407692	2.824940	10.587390	4.501014
11.075000	89740888.000000	2.571978	0.639051	-2.407692	2.824940	10.587390	4.501014
11.106000	89740888.000000	2.570606	0.639312	-2.440326	1.772826	9.041249	4.286549
11.137000	89740896.000000	2.569021	0.638880	-2.474296	5.717993	9.834802	4.298228
11.153000	89740896.000000	2.568363	0.638595	-2.491176	3.820127	10.226241	4.370657
11.184000	89740904.000000	2.567306	0.640543	-2.507858	0.135964	9.041964	4.490873
11.215000	89740904.000000	2.566779	0.639176	-2.525723	2.716936	9.953844	4.274616
11.231000	89740912.000000	2.566355	0.638218	-2.543214	3.458094	10.059349	4.064564
11.262000	89740912.000000	2.565827	0.639082	-2.560415	3.803761	9.532802	3.833362
11.277000	89740912.000000	2.565827	0.639082	-2.560415	3.803761	9.532802	3.833362
11.309000	89740912.000000	2.564491	0.638643	-2.578320	-2.053546	9.833122	3.915861
11.324000	89740912.000000	2.564491	0.638643	-2.578320	-2.053546	9.833122	3.915861
11.355000	89740920.000000	2.564855	0.639225	-2.612927	7.478814	9.654594	3.476003
11.386000	89740928.000000	2.563498	0.637966	-2.647776	5.075085	10.540996	3.470208
11.402000	89740928.000000	2.563498	0.637966	-2.647776	5.075085	10.540996	3.470208
11.433000	89740928.000000	2.562189	0.638852	-2.665476	-1.494527	10.023594	3.603307
11.449000	89740928.000000	2.562189	0.638852	-2.665476	-1.494527	10.023594	3.603307
11.480000	89740936.000000	2.561896	0.638591	-2.699791	2.305576	10.301168	3.572526
11.511000	89740944.000000	2.560699	0.638821	-2.734199	1.581324	9.519450	3.197840
11.527000	89740944.000000	2.560699	0.638821	-2.734199	1.581324	9.519450	3.197840
11.558000	89740944.000000	2.559666	0.638241	-2.751885	-2.729189	10.009317	3.495352
11.574000	89740944.000000	2.559666	0.638241	-2.751885	-2.729189	10.009317	3.495352
11.605000	89740952.000000	2.559502	0.638906	-2.785626	3.669245	9.930169	3.545001
11.636000	89740960.000000	2.558059	0.639045	-2.819834	0.425502	9.090180	3.586829
11.652000	89740960.000000	2.558194	0.637304	-2.837160	4.144176	11.165792	3.710170
11.683000	89740960.000000	2.557860	0.636962	-2.854856	4.590936	11.191341	3.462117
11.698000	89740960.000000	2.557860	0.636962	-2.854856	4.590936	11.191341	3.462117
11.745000	89740968.000000	2.558290	0.638252	-2.871083	3.677647	10.477396	3.547808
11.761000	89740976.000000	2.557218	0.637274	-2.905859	3.187075	10.635285	3.737474
11.776000	89740976.000000	2.556581	0.637832	-2.923233	2.450628	10.658101	3.450759
11.808000	89740976.000000	2.556631	0.638534	-2.939857	8.506092	11.149954	3.224424
11.823000	89740976.000000	2.556631	0.638534	-2.939857	8.506092	11.149954	3.224424
11.854000	89740984.000000	2.554742	0.638097	-2.957517	2.403241	10.757156	3.181310
11.886000	89740984.000000	2.554500	0.637399	-2.992402	6.144649	10.816837	3.529743
11.901000	89740984.000000	2.554500	0.637399	-2.992402	6.144649	10.816837	3.529743
11.932000	89740992.000000	2.554768	0.639841	-3.009426	10.422409	9.806438	3.176471
11.948000	89740992.000000	2.554768	0.639841	-3.009426	10.422409	9.806438	3.176471
11.979000	89740992.000000	2.553741	0.637774	-3.043973	6.139415	10.541616	3.246225
12.010000	89741000.000000	2.552617	0.638980	-3.078462	7.096360	10.694881	3.288643
12.026000	89741000.000000	2.552617	0.638980	-3.078462	7.096360	10.694881	3.288643
12.057000	89741008.000000	2.552243	0.638364	-3.095605	7.982182	10.739265	3.205265
12.073000	89741008.000000	2.552243	0.638364	-3.095605	7.982182	10.739265	3.205265
12.104000	89741008.000000	2.550596	0.639637	-3.129592	3.061308	10.949029	3.769203
12.135000	89741016.000000	2.549168	0.639646	-3.164018	3.647845	10.822551	3.853655
12.151000	89741016.000000	2.549168	0.639646	-3.164018	3.647845	10.822551	3.853655
12.182000	89741024.000000	2.549191	0.639131	-3.181319	3.338539	10.618619	3.942240
12.198000	89741024.000000	2.549191	0.639131	-3.181319	3.338539	10.618619	3.942240
12.229000	89741024.000000	2.547191	0.639437	-3.215073	1.910819	10.232870	4.139608
12.260000	89741032.000000	2.546777	0.638775	-3.248670	12.323129	10.324271	3.233257
12.276000	89741032.000000	2.545709	0.639092	-3.265129	5.731740	10.951696	4.048319
12.307000	89741040.000000	2.544112	0.639451	-3.282043	2.117581	9.482761	4.019899
12.322000	89741040.000000	2.544112	0.639451	-3.282043	2.117581	9.482761	4.019899
12.354000	89741040.000000	2.543668	0.639307	-3.298859	5.739478	10.837319	4.269526
12.385000	89741048.000000	2.541903	0.639120	-3.332481	7.406610	10.159475	3.844357
12.400000	89741048.000000	2.541903	0.639120	-3.332481	7.406610	10.159475	3.844357
12.432000	89741048.000000	2.541074	0.639364	-3.348994	6.728599	10.432211	4.062789
12.447000	89741048.000000	2.541074	0.639364	-3.348994	6.728599	10.432211	4.062789
12.478000	89741056.000000	2.539018	0.638106	-3.382664	1.336928	9.903692	4.406630
12.510000	89741064.000000	2.537878	0.638827	-3.416305	13.853022	10.589489	3.711668
12.525000	89741064.000000	2.537878	0.638827	-3.416305	13.853022	10.589489	3.711668
12.556000	89741064.000000	2.536484	0.638920	-3.433146	7.746538	11.042192	4.300325
12.588000	89741072.000000	2.532082	0.640624	-3.466439	-9.686839	11.268008	6.018050
12.603000	89741072.000000	2.533492	0.638169	-3.484648	8.763965	11.887914	4.140912
12.634000	89741080.000000	2.532450	0.638753	-3.501328	9.730286	10.501970	3.899299
12.650000	89741080.000000	2.532450	0.638753	-3.501328	9.730286	10.501970	3.899299
12.681000	89741080.000000	2.530458	0.639457	-3.518144	-0.540067	9.532613	4.464227
12.712000	89741088.000000	2.528890	0.638684	-3.552409	0.979433	10.262590	4.125276
12.728000	89741088.000000	2.528007	0.639108	-3.569077	4.782878	9.496406	3.923906
12.759000	89741088.000000	2.528151	0.639681	-3.586565	8.396694	10.217463	3.672074
12.775000	89741096.000000	2.527294	0.638570	-3.603597	7.027192	9.661169	3.795562
12.806000	89741096.000000	2.526304	0.638977	-3.620538	5.811634	8.559539	3.820543
12.837000	89741104.000000	2.524464	0.638305	-3.639014	-3.314240	10.847223	3.769104
12.853000	89741104.000000	2.524641	0.638373	-3.655493	7.244297	9.208659	3.353061
12.884000	89741104.000000	2.522744	0.638241	-3.671905	-1.606197	8.880824	3.532854
12.899000	89741104.000000	2.522744	0.638241	-3.671905	-1.606197	8.880824	3.532854
12.931000	89741112.000000	2.523119	0.640067	-3.688755	-1.339671	8.198478	4.290976
12.962000	89741112.000000	2.521528	0.638747	-3.703916	-5.243102	9.032161	3.581851
12.977000	89741112.000000	2.521528	0.638747	-3.703916	-5.243102	9.032161	3.581851
13.009000	89741120.000000	2.523489	0.639484	-3.737871	-1.756581	10.707439	4.262290
13.024000	89741120.000000	2.520408	0.638821	-3.753559	3.529755	10.214294	3.143305
13.055000	89741128.000000	2.520111	0.639278	-3.769588	3.623592	9.918782	2.962869
13.087000	89741128.000000	2.518258	0.638762	-3.784208	-4.554814	8.303004	2.625216
13.102000	89741136.000000	2.518784	0.638704	-3.816299	1.973730	9.848987	2.704431
13.133000	89741136.000000	2.516067	0.637066	-3.832366	-17.476608	8.387180	3.054645
13.149000	89741136.000000	2.516067	0.637066	-3.832366	-17.476608	8.387180	3.054645
13.180000	89741136.000000	2.516392	0.638301	-3.847400	-7.358768	7.894669	2.090154
13.211000	89741144.000000	2.515286	0.637416	-3.878962	-10.950696	7.823559	2.430066
13.227000	89741144.000000	2.515286	0.637416	-3.878962	-10.950696	7.823559	2.430066
13.258000	89741152.000000	2.515646	0.639057	-3.893285	-2.469103	9.395385	2.188669
13.274000	89741152.000000	2.515646	0.639057	-3.893285	-2.469103	9.395385	2.188669
13.305000	89741152.000000	2.514503	0.639194	-3.924027	-1.116479	9.422350	1.973444
13.336000	89741160.000000	2.513929	0.637982	-3.954895	0.388717	8.718122	1.400895
13.352000	89741160.000000	2.513929	0.637982	-3.954895	0.388717	8.718122	1.400895
13.383000	89741168.000000	2.513443	0.637603	-3.970222	-1.130682	8.961555	1.746557
13.399000	89741168.000000	2.513443	0.637603	-3.970222	-1.130682	8.961555	1.746557
13.430000	89741168.000000	2.512143	0.637097	-4.001581	-4.316047	8.503947	2.102754
13.461000	89741176.000000	2.510477	0.637736	-4.031320	-5.169266	8.485836	1.833867
13.477000	89741176.000000	2.510477	0.637736	-4.031320	-5.169266	8.485836	1.833867
13.508000	89741176.000000	2.510130	0.638031	-4.046830	-0.635714	9.148574	1.831579
13.523000	89741176.000000	2.510130	0.638031	-4.046830	-0.635714	9.148574	1.831579
13.555000	89741184.000000	2.508787	0.638728	-4.078089	0.977998	9.067889	2.055593
13.586000	89741192.000000	2.506452	0.638343	-4.109282	-2.766384	8.524323	2.218575
13.601000	89741192.000000	2.506586	0.637827	-4.124698	4.345011	10.439034	2.148027
13.633000	89741200.000000	2.505752	0.638240	-4.140550	3.208055	9.301031	1.993840
13.648000	89741200.000000	2.505752	0.638240	-4.140550	3.208055	9.301031	1.993840
13.679000	89741200.000000	2.503841	0.639095	-4.155335	-3.153325	8.861073	2.318693
13.711000	89741208.000000	2.502431	0.639778	-4.185580	-1.566713	9.438094	2.305709
13.726000	89741208.000000	2.502431	0.639778	-4.185580	-1.566713	9.438094	2.305709
13.757000	89741208.000000	2.502185	0.638996	-4.201101	3.721113	10.036496	2.096167
13.773000	89741208.000000	2.502185	0.638996	-4.201101	3.721113	10.036496	2.096167
13.820000	89741216.000000	2.499310	0.638620	-4.231055	-4.405948	9.163838	2.532568
13.835000	89741224.000000	2.498169	0.639611	-4.260638	-1.073551	9.154591	2.332418
13.851000	89741224.000000	2.497149	0.639660	-4.275774	1.063113	10.066339	2.158698
13.882000	89741224.000000	2.496960	0.638644	-4.291028	4.253705	10.489036	2.039056
13.898000	89741224.000000	2.496960	0.638644	-4.291028	4.253705	10.489036	2.039056
13.929000	89741232.000000	2.495310	0.640275	-4.304066	-4.417962	9.022926	2.157879
13.960000	89741232.000000	2.493181	0.640879	-4.333300	-4.581862	8.683452	2.081776
13.976000	89741232.000000	2.493181	0.640879	-4.333300	-4.581862	8.683452	2.081776
14.007000	89741240.000000	2.492785	0.639651	-4.345916	-2.100684	9.304096	1.994802
14.022000	89741240.000000	2.492785	0.639651	-4.345916	-2.100684	9.304096	1.994802
14.054000	89741248.000000	2.492687	0.638320	-4.373888	5.089149	8.921245	1.344803
14.085000	89741248.000000	2.490276	0.639098	-4.399656	-6.017261	9.511763	1.857390
14.100000	89741248.000000	2.490276	0.639098	-4.399656	-6.017261	9.511763	1.857390
14.132000	89741256.000000	2.489666	0.640996	-4.412814	-12.574039	8.127406	2.327981
14.147000	89741256.000000	2.489666	0.640996	-4.412814	-12.574039	8.127406	2.327981
14.178000	89741264.000000	2.489812	0.638077	-4.438568	2.428952	10.078911	1.641586
14.210000	89741264.000000	2.488083	0.639172	-4.461607	-5.484913	9.300573	1.976761
14.225000	89741264.000000	2.488083	0.639172	-4.461607	-5.484913	9.300573	1.976761
14.256000	89741272.000000	2.488418	0.638947	-4.472028	4.337775	8.878237	3.224724
14.288000	89741272.000000	2.486605	0.639011	-4.492464	-2.618206	8.419130	2.474850
14.303000	89741280.000000	2.486044	0.639038	-4.503670	-1.870718	8.490059	1.974208
14.350000	89741280.000000	2.485558	0.637154	-4.514596	-3.059811	10.736181	2.057820
14.350000	89741280.000000	2.485558	0.637154	-4.514596	-3.059811	10.736181	2.057820
14.381000	89741280.000000	2.485558	0.637154	-4.514596	-3.059811	10.736181	2.057820
14.412000	89741288.000000	2.484106	0.638579	-4.531460	-4.641697	8.416466	1.438746
14.428000	89741296.000000	2.483612	0.638715	-4.547679	-4.038557	8.485949	1.387352
14.459000	89741296.000000	2.483675	0.638560	-4.554778	-5.691976	8.861852	1.454106
14.475000	89741296.000000	2.483675	0.638560	-4.554778	-5.691976	8.861852	1.454106
14.506000	89741296.000000	2.483537	0.639029	-4.561471	-4.306530	8.626439	1.336746
14.537000	89741304.000000	2.484279	0.637627	-4.573728	1.412947	9.008989	0.463611
14.553000	89741312.000000	2.482476	0.637190	-4.579466	-3.180055	8.851308	0.954739
14.584000	89741312.000000	2.482524	0.638235	-4.584288	0.819565	8.686481	0.644833
14.600000	89741312.000000	2.482524	0.638235	-4.584288	0.819565	8.686481	0.644833
14.631000	89741312.000000	2.482149	0.637820	-4.589139	-3.771631	8.551749	0.741870
14.662000	89741320.000000	2.481737	0.640144	-4.596041	-9.776660	8.572706	1.171221
14.678000	89741320.000000	2.481229	0.638807	-4.599257	-9.955824	8.011795	1.048846
14.709000	89741328.000000	2.481800	0.637690	-4.602712	-3.743642	8.549305	0.477578
14.724000	89741328.000000	2.481800	0.637690	-4.602712	-3.743642	8.549305	0.477578
14.756000	89741328.000000	2.481731	0.637464	-4.605469	-4.257794	7.923873	0.661606
14.787000	89741336.000000	2.482128	0.638224	-4.609945	-4.648907	8.351413	0.726894
14.802000	89741336.000000	2.482186	0.637482	-4.612454	0.534934	8.139589	0.276739
14.865000	89741344.000000	2.481899	0.637556	-4.614063	-1.240404	8.230988	0.485270
14.865000	89741344.000000	2.481899	0.637556	-4.614063	-1.240404	8.230988	0.485270
14.880000	89741344.000000	2.482100	0.637134	-4.617343	5.070787	8.143827	0.015978
14.912000	89741352.000000	2.481884	0.637613	-4.618137	-0.939539	7.894975	0.468023
14.927000	89741352.000000	2.481884	0.637613	-4.618137	-0.939539	7.894975	0.468023
14.958000	89741352.000000	2.481704	0.637963	-4.619221	0.002148	8.074026	0.396034
14.974000	89741352.000000	2.481704	0.637963	-4.619221	0.002148	8.074026	0.396034
15.005000	89741360.000000	2.481827	0.637674	-4.620664	-1.119615	8.194476	0.496890
15.036000	89741368.000000	2.482196	0.637275	-4.622169	4.580079	8.150421	-0.020850
15.052000	89741368.000000	2.482196	0.637275	-4.622169	4.580079	8.150421	-0.020850
15.083000	89741368.000000	2.482133	0.637192	-4.622201	4.448658	8.104294	-0.030068
15.099000	89741368.000000	2.482133	0.637192	-4.622201	4.448658	8.104294	-0.030068
15.130000	89741376.000000	2.482037	0.637529	-4.621641	4.801909	8.109666	-0.154696
15.161000	89741376.000000	2.482087	0.637741	-4.621165	3.910222	8.179376	0.048431
15.177000	89741376.000000	2.482087	0.637741	-4.621165	3.910222	8.179376	0.048431
15.208000	89741384.000000	2.481556	0.638080	-4.620742	0.061974	7.949794	0.269162
15.224000	89741384.000000	2.481556	0.638080	-4.620742	0.061974	7.949794	0.269162
15.255000	89741384.000000	2.481556	0.638080	-4.620742	0.061974	7.949794	0.269162
15.286000	89741384.000000	2.481502	0.638144	-4.620641	0.120058	8.018318	0.305073
15.301000	89741392.000000	2.481842	0.637394	-4.621167	-1.020677	8.077110	0.533490
15.348000	89741400.000000	2.481866	0.637690	-4.621056	-0.318835	8.072418	0.518782
15.348000	89741400.000000	2.481866	0.637690	-4.621056	-0.318835	8.072418	0.518782
15.379000	89741408.000000	2.482219	0.636666	-4.621367	3.875840	9.444199	0.330390
15.411000	89741408.000000	2.481594	0.637277	-4.620780	-1.501745	8.389881	0.561347
15.426000	89741408.000000	2.481594	0.637277	-4.620780	-1.501745	8.389881	0.561347
15.457000	89741416.000000	2.481581	0.637510	-4.620943	-1.611220	8.486750	0.551499
15.473000	89741416.000000	2.481581	0.637510	-4.620943	-1.611220	8.486750	0.551499
15.504000	89741416.000000	2.481648	0.637433	-4.621038	-1.208967	8.350473	0.529932
15.535000	89741424.000000	2.482179	0.637109	-4.621133	4.229060	8.686531	0.249294
15.551000	89741424.000000	2.482179	0.637109	-4.621133	4.229060	8.686531	0.249294
15.582000	89741424.000000	2.481496	0.637641	-4.620933	-0.887117	8.238856	0.378295
15.598000	89741424.000000	2.481496	0.637641	-4.620933	-0.887117	8.238856	0.378295
15.629000	89741432.000000	2.481497	0.637664	-4.620849	-0.979423	8.231401	0.382638
15.660000	89741440.000000	2.481522	0.637733	-4.620954	-0.977656	8.271880	0.390503
15.676000	89741440.000000	2.481522	0.637733	-4.620954	-0.977656	8.271880	0.390503
15.707000	89741440.000000	2.481491	0.637683	-4.620835	-1.051371	8.237247	0.379942
15.723000	89741440.000000	2.481491	0.637683	-4.620835	-1.051371	8.237247	0.379942
15.754000	89741448.000000	2.481461	0.637860	-4.620785	-0.461615	8.177703	0.353651
15.785000	89741456.000000	2.481491	0.637667	-4.620821	-1.068720	8.245071	0.384684
15.801000	89741456.000000	2.481491	0.637667	-4.620821	-1.068720	8.245071	0.384684
15.832000	89741456.000000	2.482048	0.637267	-4.621123	3.787417	8.550839	0.117826
15.847000	89741456.000000	2.482048	0.637267	-4.621123	3.787417	8.550839	0.117826
15.879000	89741464.000000	2.481490	0.637656	-4.620942	-0.992241	8.224900	0.379008
15.910000	89741472.000000	2.481478	0.637701	-4.620815	-1.055158	8.245513	0.390742
15.925000	89741472.000000	2.481478	0.637701	-4.620815	-1.055158	8.245513	0.390742
15.957000	89741472.000000	2.481516	0.637690	-4.620791	-0.901749	8.252011	0.383819
15.972000	89741472.000000	2.481516	0.637690	-4.620791	-0.901749	8.252011	0.383819
16.003000	89741480.000000	2.481499	0.637887	-4.620747	-0.310759	8.215010	0.355829
16.035000	89741488.000000	2.481501	0.637675	-4.620928	-1.001051	8.240880	0.379097
16.050000	89741488.000000	2.481501	0.637675	-4.620928	-1.001051	8.240880	0.379097
16.081000	89741488.000000	2.481491	0.637872	-4.620747	-0.316920	8.197370	0.354650
16.113000	89741496.000000	2.482055	0.637309	-4.621111	3.827722	8.534226	0.116231
16.128000	89741496.000000	2.481535	0.637671	-4.620979	-0.936545	8.237446	0.371129
16.159000	89741504.000000	2.481536	0.637702	-4.620967	-0.999750	8.240064	0.382786
16.175000	89741504.000000	2.481536	0.637702	-4.620967	-0.999750	8.240064	0.382786
16.206000	89741504.000000	2.481502	0.637659	-4.620954	-1.016870	8.233992	0.376016
16.237000	89741512.000000	2.482050	0.637297	-4.621148	3.808889	8.549206	0.111422
16.253000	89741512.000000	2.482050	0.637297	-4.621148	3.808889	8.549206	0.111422
16.284000	89741512.000000	2.481546	0.637676	-4.620980	-1.053967	8.230152	0.379472
16.300000	89741512.000000	2.481546	0.637676	-4.620980	-1.053967	8.230152	0.379472
16.331000	89741520.000000	2.481470	0.637667	-4.620978	-1.123990	8.235346	0.380708
16.409000	89741520.000000	2.481436	0.638006	-4.620817	-0.250433	8.248335	0.378743
16.409000	89741528.000000	2.481428	0.638057	-4.620842	-0.265715	8.265342	0.372915
16.409000	89741528.000000	2.481428	0.638057	-4.620842	-0.265715	8.265342	0.372915
16.425000	89741536.000000	2.481508	0.637740	-4.620998	-0.935617	8.262821	0.379097
16.456000	89741536.000000	2.481497	0.637746	-4.621024	-0.908360	8.254599	0.385741
16.487000	89741536.000000	2.482033	0.637252	-4.621181	3.950068	8.546824	0.127117
16.503000	89741544.000000	2.481496	0.637751	-4.621000	-0.930026	8.262358	0.389278
16.534000	89741544.000000	2.481495	0.637668	-4.620981	-1.001394	8.226179	0.382610
16.549000	89741544.000000	2.481495	0.637668	-4.620981	-1.001394	8.226179	0.382610
16.580000	89741552.000000	2.481467	0.637883	-4.620816	-0.280445	8.227054	0.355171
16.612000	89741552.000000	2.481445	0.637922	-4.620852	-0.286354	8.226138	0.368870
16.627000	89741560.000000	2.481446	0.637664	-4.620892	-0.953474	8.250837	0.399341
16.658000	89741560.000000	2.481437	0.637686	-4.620779	-0.860929	8.244226	0.395853
16.674000	89741560.000000	2.481437	0.637686	-4.620779	-0.860929	8.244226	0.395853
16.705000	89741560.000000	2.481421	0.637645	-4.620864	-0.830388	8.245619	0.387265
16.736000	89741560.000000	2.481421	0.637645	-4.620864	-0.830388	8.245619	0.387265
16.752000	89741560.000000	2.481421	0.637645	-4.620864	-0.830388	8.245619	0.387265
16.783000	89741568.000000	2.481360	0.637972	-4.620833	-0.199096	8.256557	0.392830
16.799000	89741576.000000	2.481365	0.637700	-4.620929	-0.871977	8.252318	0.395433
16.830000	89741576.000000	2.481222	0.638022	-4.620680	-0.270883	8.406750	0.426256
16.877000	89741584.000000	2.481222	0.638016	-4.620638	-0.141506	8.383996	0.429051
16.877000	89741584.000000	2.481222	0.638016	-4.620638	-0.141506	8.383996	0.429051
16.908000	89741592.000000	2.481318	0.637706	-4.620900	-0.766795	8.274802	0.403992
16.924000	89741592.000000	2.481318	0.637706	-4.620900	-0.766795	8.274802	0.403992
16.955000	89741592.000000	2.481302	0.637764	-4.620818	-0.868727	8.310143	0.410162
16.986000	89741600.000000	2.481239	0.638000	-4.620690	0.042165	8.403863	0.405111
17.002000	89741600.000000	2.481239	0.638000	-4.620690	0.042165	8.403863	0.405111
17.033000	89741600.000000	2.481317	0.637699	-4.620940	-0.725928	8.277686	0.396494
17.048000	89741600.000000	2.481317	0.637699	-4.620940	-0.725928	8.277686	0.396494
17.080000	89741608.000000	2.481286	0.637776	-4.620966	-0.822928	8.302723	0.427893
17.111000	89741616.000000	2.481391	0.637674	-4.620953	-0.878593	8.255937	0.391714
17.126000	89741616.000000	2.481391	0.637674	-4.620953	-0.878593	8.255937	0.391714
17.158000	89741616.000000	2.481388	0.637730	-4.620945	-0.824494	8.267908	0.402924
17.173000	89741616.000000	2.481388	0.637730	-4.620945	-0.824494	8.267908	0.402924
17.204000	89741624.000000	2.481347	0.637779	-4.620940	-0.752373	8.265638	0.400707
17.236000	89741632.000000	2.481427	0.637694	-4.620985	-0.965691	8.250172	0.407357
17.251000	89741632.000000	2.481427	0.637694	-4.620985	-0.965691	8.250172	0.407357
17.282000	89741632.000000	2.482068	0.637235	-4.621191	3.837459	8.578593	0.129972
17.298000	89741632.000000	2.482068	0.637235	-4.621191	3.837459	8.578593	0.129972
17.329000	89741640.000000	2.482316	0.637218	-4.621220	3.861828	8.560164	0.164357
17.360000	89741648.000000	2.482332	0.637189	-4.621471	3.893084	8.548381	0.152622
17.392000	89741648.000000	2.482277	0.637261	-4.621378	3.770941	8.544800	0.168227
17.407000	89741648.000000	2.482226	0.637225	-4.621234	3.715882	8.572817	0.176921
17.423000	89741648.000000	2.482226	0.637225	-4.621234	3.715882	8.572817	0.176921
17.454000	89741656.000000	2.482157	0.637227	-4.621143	3.860387	8.587826	0.175967
17.485000	89741656.000000	2.481434	0.637743	-4.620769	-0.954210	8.253685	0.401989
17.501000	89741656.000000	2.481434	0.637743	-4.620769	-0.954210	8.253685	0.401989
17.532000	89741656.000000	2.481434	0.637743	-4.620769	-0.954210	8.253685	0.401989
17.548000	89741656.000000	2.481434	0.637743	-4.620769	-0.954210	8.253685	0.401989
17.579000	89741664.000000	2.481444	0.637926	-4.620724	-0.305349	8.238256	0.371957
17.610000	89741664.000000	2.481494	0.637672	-4.621011	-0.909796	8.246619	0.389805
17.626000	89741672.000000	2.482086	0.637286	-4.621204	3.853755	8.547014	0.152339
17.657000	89741680.000000	2.481501	0.637710	-4.620805	-0.897731	8.283292	0.393905
17.672000	89741680.000000	2.481501	0.637710	-4.620805	-0.897731	8.283292	0.393905
17.704000	89741680.000000	2.481447	0.637931	-4.620837	-0.222236	8.240697	0.360580
17.735000	89741688.000000	2.481519	0.637735	-4.620922	-1.058599	8.261504	0.388725
17.750000	89741688.000000	2.481519	0.637735	-4.620922	-1.058599	8.261504	0.388725
17.782000	89741696.000000	2.481521	0.637702	-4.620991	-1.082340	8.253005	0.385162
17.797000	89741696.000000	2.481521	0.637702	-4.620991	-1.082340	8.253005	0.385162
17.828000	89741696.000000	2.481510	0.637725	-4.620804	-0.994854	8.261818	0.397779
17.859000	89741704.000000	2.481468	0.637957	-4.620819	-0.360868	8.237385	0.375078
17.875000	89741704.000000	2.481468	0.637957	-4.620819	-0.360868	8.237385	0.375078
17.922000	89741704.000000	2.481480	0.637909	-4.620846	-0.318907	8.220271	0.363732
17.922000	89741704.000000	2.481480	0.637909	-4.620846	-0.318907	8.220271	0.363732
17.953000	89741712.000000	2.481468	0.638021	-4.620803	-0.176509	8.261374	0.377011
17.984000	89741720.000000	2.481369	0.637735	-4.620890	-0.879936	8.282684	0.403272
18.000000	89741720.000000	2.481369	0.637735	-4.620890	-0.879936	8.282684	0.403272
18.031000	89741720.000000	2.481329	0.637782	-4.620784	-0.785781	8.292778	0.419722
18.062000	89741728.000000	2.481426	0.637733	-4.620961	-0.857598	8.277499	0.391699
18.078000	89741728.000000	2.481521	0.637658	-4.620990	-1.018470	8.253247	0.385895
18.109000	89741736.000000	2.482116	0.637244	-4.621193	3.888205	8.563122	0.121588
18.125000	89741736.000000	2.482116	0.637244	-4.621193	3.888205	8.563122	0.121588
18.156000	89741736.000000	2.482106	0.637311	-4.621216	3.830782	8.557907	0.113839
18.187000	89741744.000000	2.481489	0.637756	-4.621012	-0.869320	8.275835	0.383611
18.203000	89741744.000000	2.481489	0.637756	-4.621012	-0.869320	8.275835	0.383611
18.234000	89741744.000000	2.481467	0.637680	-4.621012	-0.923835	8.214721	0.383835
18.249000	89741744.000000	2.481467	0.637680	-4.621012	-0.923835	8.214721	0.383835
18.281000	89741752.000000	2.482093	0.637285	-4.621062	3.814094	8.561066	0.117599
18.312000	89741760.000000	2.482111	0.637271	-4.621173	3.881429	8.565582	0.170734
18.327000	89741760.000000	2.481490	0.637873	-4.620891	-0.287588	8.213415	0.348129
18.359000	89741760.000000	2.481505	0.637717	-4.620873	-0.872340	8.269974	0.387568
18.374000	89741760.000000	2.481505	0.637717	-4.620873	-0.872340	8.269974	0.387568
18.405000	89741768.000000	2.481496	0.637790	-4.620876	-0.981035	8.298018	0.405347
18.437000	89741776.000000	2.482102	0.637263	-4.621098	3.802582	8.589401	0.123832
18.452000	89741776.000000	2.481547	0.637792	-4.620954	-0.900419	8.308542	0.396854
18.483000	89741776.000000	2.481508	0.637733	-4.621010	-0.977008	8.259173	0.380191
18.499000	89741776.000000	2.481508	0.637733	-4.621010	-0.977008	8.259173	0.380191
18.530000	89741784.000000	2.481481	0.637888	-4.620930	-0.304937	8.222657	0.355298
18.561000	89741792.000000	2.481487	0.637970	-4.620828	-0.212090	8.266273	0.354828
18.577000	89741792.000000	2.481513	0.638001	-4.620852	-0.184496	8.271950	0.370497
18.608000	89741792.000000	2.482083	0.637323	-4.621125	3.818230	8.543247	0.109371
18.624000	89741792.000000	2.482083	0.637323	-4.621125	3.818230	8.543247	0.109371
18.655000	89741800.000000	2.482094	0.637290	-4.621145	3.822060	8.560332	0.151078
18.686000	89741800.000000	2.481499	0.637790	-4.620999	-1.056319	8.275000	0.398286
18.702000	89741808.000000	2.481539	0.637679	-4.620864	-0.933208	8.250562	0.381339
