%time	0	1	2	3	4	5	6
55.520000	-431602080.000000	-431602080.000000	-431602080.000000	-431602080.000000	135.000000	-0.000000	135.000000
55.554000	14683305.000000	-2.521352	0.968106	-1.604232	1.267585	0.290755	97.294960
55.604000	14683311.000000	-2.521343	0.968103	-1.604246	1.198243	0.333112	97.312111
55.654000	14683317.000000	-2.521371	0.968086	-1.604227	1.300401	0.334384	97.309303
55.704000	14683323.000000	-2.521288	0.968436	-1.604190	1.212802	1.229393	97.437492
55.754000	14683329.000000	-2.521372	0.968086	-1.604222	1.272058	0.406250	97.326248
55.804000	14683335.000000	-2.521346	0.968088	-1.604230	1.248571	0.323246	97.299278
55.854000	14683341.000000	-2.521371	0.968076	-1.604239	1.267929	0.263000	97.287437
55.904000	14683347.000000	-2.521353	0.968058	-1.604233	1.296211	0.342200	97.304008
55.954000	14683353.000000	-2.521349	0.968075	-1.604237	1.236653	0.234997	97.295074
56.004000	14683359.000000	-2.521367	0.968123	-1.604223	1.295953	0.346760	97.299416
56.054000	14683365.000000	-2.521344	0.968066	-1.604231	1.317142	0.316562	97.297852
56.104000	14683371.000000	-2.521321	0.968473	-1.604201	1.207753	1.222755	97.430962
56.154000	14683377.000000	-2.521337	0.968117	-1.604224	1.282946	0.298763	97.295372
56.204000	14683383.000000	-2.521369	0.968083	-1.604231	1.293468	0.370305	97.313858
56.254000	14683389.000000	-2.521357	0.968075	-1.604223	1.275719	0.345676	97.308701
56.304000	14683395.000000	-2.521359	0.968095	-1.604235	1.305803	0.390171	97.316223
56.354000	14683401.000000	-2.521381	0.968102	-1.604232	1.273140	0.389437	97.299202
56.404000	14683407.000000	-2.521349	0.968059	-1.604218	1.296199	0.296019	97.288795
56.454000	14683413.000000	-2.521321	0.968430	-1.604194	1.177655	1.122197	97.428703
56.504000	14683419.000000	-2.521358	0.968113	-1.604224	1.247058	0.401826	97.310921
56.554000	14683425.000000	-2.521355	0.968098	-1.604241	1.321300	0.350726	97.301903
56.604000	14683431.000000	-2.521367	0.968100	-1.604225	1.247607	0.350622	97.300774
56.654000	14683437.000000	-2.521350	0.968086	-1.604237	1.291253	0.399032	97.302750
56.704000	14683443.000000	-2.521361	0.968056	-1.604242	1.302765	0.291030	97.288307
56.754000	14683449.000000	-2.521287	0.968448	-1.604183	1.197234	1.252039	97.448303
56.804000	14683455.000000	-2.521363	0.968080	-1.604229	1.293965	0.329436	97.312767
56.854000	14683461.000000	-2.521352	0.968059	-1.604228	1.254549	0.258183	97.297554
56.904000	14683467.000000	-2.521345	0.968090	-1.604224	1.251414	0.260196	97.299141
56.954000	14683473.000000	-2.521366	0.968047	-1.604237	1.261979	0.295330	97.298439
57.004000	14683479.000000	-2.521362	0.968072	-1.604239	1.241920	0.334762	97.304184
57.054000	14683485.000000	-2.521359	0.968099	-1.604230	1.268535	0.294031	97.300858
57.104000	14683491.000000	-2.521341	0.968103	-1.604228	1.276464	0.315374	97.306465
57.154000	14683497.000000	-2.521363	0.968097	-1.604230	1.292847	0.265222	97.291283
57.204000	14683503.000000	-2.521345	0.968081	-1.604230	1.261339	0.306369	97.300575
57.254000	14683509.000000	-2.521368	0.968078	-1.604223	1.316852	0.345366	97.295074
57.304000	14683515.000000	-2.521355	0.968081	-1.604225	1.315634	0.347442	97.295471
57.354000	14683521.000000	-2.521349	0.968040	-1.604238	1.272542	0.285112	97.292343
57.404000	14683527.000000	-2.521361	0.968122	-1.604229	1.291790	0.401171	97.312920
57.454000	14683533.000000	-2.521360	0.968068	-1.604230	1.288342	0.299165	97.299049
57.504000	14683539.000000	-2.521309	0.968391	-1.604190	1.229767	1.093088	97.426712
57.554000	14683545.000000	-2.521327	0.968403	-1.604194	1.179401	1.120713	97.431870
57.604000	14683551.000000	-2.521360	0.968087	-1.604243	1.264696	0.286543	97.304741
57.654000	14683557.000000	-2.521353	0.968082	-1.604235	1.303063	0.406449	97.314713
57.704000	14683563.000000	-2.521355	0.968066	-1.604233	1.291941	0.283638	97.294182
57.754000	14683569.000000	-2.521368	0.968081	-1.604220	1.268226	0.305952	97.309113
57.804000	14683575.000000	-2.521318	0.968419	-1.604191	1.152640	1.120395	97.434761
57.854000	14683581.000000	-2.521350	0.968107	-1.604229	1.320582	0.363946	97.312340
57.904000	14683587.000000	-2.521362	0.968082	-1.604227	1.253057	0.342235	97.310936
57.954000	14683593.000000	-2.521356	0.968090	-1.604233	1.247201	0.319895	97.317627
58.004000	14683599.000000	-2.521356	0.968125	-1.604218	1.254167	0.391063	97.318352
58.054000	14683605.000000	-2.521340	0.968080	-1.604242	1.280346	0.337217	97.315559
58.104000	14683611.000000	-2.521369	0.968064	-1.604228	1.312885	0.374758	97.308945
58.154000	14683617.000000	-2.521352	0.968114	-1.604238	1.247207	0.378764	97.306740
58.204000	14683623.000000	-2.521368	0.968081	-1.604246	1.233755	0.222296	97.283409
58.254000	14683629.000000	-2.521308	0.968433	-1.604202	1.132317	1.165942	97.437996
58.304000	14683635.000000	-2.521370	0.968060	-1.604240	1.275112	0.305457	97.299591
58.354000	14683641.000000	-2.521365	0.968106	-1.604242	1.254655	0.364835	97.303017
58.404000	14683647.000000	-2.521302	0.968447	-1.604181	1.117104	1.267429	97.458694
58.454000	14683653.000000	-2.521311	0.968472	-1.604193	1.192999	1.192559	97.448029
58.504000	14683659.000000	-2.521347	0.968077	-1.604219	1.279048	0.352601	97.306770
58.554000	14683665.000000	-2.521362	0.968049	-1.604240	1.225012	0.270910	97.301788
58.604000	14683671.000000	-2.521359	0.968104	-1.604226	1.282658	0.383718	97.314835
58.654000	14683677.000000	-2.521305	0.968440	-1.604191	1.164743	1.133183	97.445183
58.704000	14683683.000000	-2.521353	0.968054	-1.604233	1.238255	0.247567	97.292114
58.754000	14683689.000000	-2.521342	0.968100	-1.604226	1.256065	0.344140	97.304672
58.804000	14683695.000000	-2.521322	0.968438	-1.604196	1.164475	1.164213	97.425491
58.854000	14683701.000000	-2.521355	0.968128	-1.604223	1.296203	0.401080	97.313202
58.904000	14683707.000000	-2.521362	0.968077	-1.604250	1.295861	0.378274	97.318642
58.954000	14683713.000000	-2.521351	0.968086	-1.604246	1.334906	0.379977	97.318611
59.004000	14683719.000000	-2.521352	0.968070	-1.604229	1.281578	0.287725	97.308418
59.054000	14683725.000000	-2.521358	0.968088	-1.604224	1.233210	0.325016	97.302513
59.104000	14683731.000000	-2.521349	0.968112	-1.604234	1.280919	0.417568	97.305389
59.154000	14683737.000000	-2.521366	0.968052	-1.604231	1.288346	0.280602	97.300858
59.204000	14683743.000000	-2.521349	0.968078	-1.604233	1.274632	0.306551	97.301292
59.254000	14683749.000000	-2.521360	0.968039	-1.604244	1.295161	0.398990	97.318245
59.304000	14683755.000000	-2.521352	0.968072	-1.604233	1.292447	0.327559	97.307030
59.354000	14683761.000000	-2.521355	0.968092	-1.604242	1.277894	0.341907	97.304497
59.404000	14683767.000000	-2.521363	0.968086	-1.604215	1.310757	0.318700	97.301582
59.454000	14683773.000000	-2.521298	0.968454	-1.604180	1.195721	1.106300	97.443779
59.504000	14683779.000000	-2.521357	0.968078	-1.604242	1.283677	0.330383	97.303062
59.554000	14683785.000000	-2.521298	0.968462	-1.604182	1.221192	1.211631	97.437897
59.604000	14683791.000000	-2.521364	0.968077	-1.604226	1.265799	0.299870	97.305824
59.654000	14683797.000000	-2.521301	0.968438	-1.604179	1.213816	1.133652	97.431740
59.704000	14683803.000000	-2.521344	0.968096	-1.604220	1.268922	0.316945	97.300224
59.754000	14683809.000000	-2.521355	0.968086	-1.604222	1.258033	0.312790	97.316811
59.804000	14683815.000000	-2.521359	0.968088	-1.604236	1.295251	0.370408	97.310928
59.854000	14683821.000000	-2.521368	0.968143	-1.604239	1.286375	0.367606	97.307816
59.904000	14683827.000000	-2.521368	0.968051	-1.604236	1.291738	0.306824	97.285950
59.954000	14683833.000000	-2.521368	0.968060	-1.604238	1.292103	0.388340	97.301109
60.004000	14683839.000000	-2.521348	0.968063	-1.604229	1.274393	0.334165	97.299080
60.054000	14683845.000000	-2.521312	0.968427	-1.604205	1.156880	1.130818	97.425858
60.104000	14683851.000000	-2.521342	0.968085	-1.604231	1.260022	0.309224	97.300659
60.154000	14683857.000000	-2.521356	0.968077	-1.604236	1.343664	0.332306	97.304626
60.204000	14683863.000000	-2.521369	0.968085	-1.604236	1.227484	0.373314	97.308502
60.254000	14683869.000000	-2.521348	0.968057	-1.604226	1.281065	0.365237	97.314957
60.304000	14683875.000000	-2.521355	0.968072	-1.604232	1.221548	0.304905	97.315582
60.354000	14683881.000000	-2.521344	0.968073	-1.604236	1.296133	0.269165	97.298317
60.404000	14683887.000000	-2.521314	0.968394	-1.604199	1.216598	1.133346	97.432243
60.454000	14683893.000000	-2.521342	0.968064	-1.604227	1.304696	0.283386	97.306572
60.504000	14683899.000000	-2.521351	0.968117	-1.604240	1.328552	0.351138	97.297913
60.554000	14683905.000000	-2.521375	0.968089	-1.604245	1.275046	0.345211	97.297943
60.604000	14683911.000000	-2.521315	0.968391	-1.604177	1.167730	1.021133	97.416481
60.654000	14683917.000000	-2.521348	0.968087	-1.604258	1.270820	0.344437	97.303810
60.704000	14683923.000000	-2.521360	0.968092	-1.604233	1.306112	0.328499	97.294640
60.754000	14683929.000000	-2.521356	0.968091	-1.604228	1.278143	0.337443	97.306763
60.804000	14683935.000000	-2.521301	0.968411	-1.604203	1.147741	1.095170	97.429184
60.854000	14683941.000000	-2.521343	0.968089	-1.604230	1.253980	0.310857	97.303207
60.904000	14683947.000000	-2.521353	0.968074	-1.604239	1.285558	0.304264	97.310081
60.954000	14683953.000000	-2.521337	0.968068	-1.604227	1.338363	0.312272	97.305786
61.004000	14683959.000000	-2.521296	0.968433	-1.604189	1.185975	1.207477	97.434586
61.054000	14683965.000000	-2.521317	0.968450	-1.604191	1.215380	1.168869	97.452950
61.104000	14683971.000000	-2.521360	0.968130	-1.604231	1.295796	0.370846	97.304520
61.154000	14683977.000000	-2.521360	0.968091	-1.604233	1.261732	0.296021	97.296173
61.204000	14683983.000000	-2.521357	0.968094	-1.604223	1.267193	0.331671	97.308807
61.254000	14683989.000000	-2.521358	0.968093	-1.604230	1.263898	0.363886	97.309441
61.304000	14683995.000000	-2.521373	0.968057	-1.604230	1.266476	0.302842	97.291496
61.354000	14684001.000000	-2.521309	0.968432	-1.604210	1.190914	1.104669	97.409645
61.404000	14684007.000000	-2.521355	0.968043	-1.604247	1.315842	0.264284	97.283676
61.454000	14684013.000000	-2.521384	0.968068	-1.604245	1.229580	0.297102	97.301300
61.504000	14684019.000000	-2.521361	0.968050	-1.604231	1.257269	0.299235	97.298714
61.554000	14684025.000000	-2.521366	0.968084	-1.604224	1.273740	0.327777	97.296669
61.604000	14684031.000000	-2.521322	0.968479	-1.604189	1.166958	1.246622	97.454559
61.654000	14684037.000000	-2.521372	0.968061	-1.604233	1.275538	0.287632	97.289139
61.704000	14684043.000000	-2.521370	0.968058	-1.604252	1.255605	0.278442	97.293755
61.754000	14684049.000000	-2.521348	0.968119	-1.604227	1.280349	0.357500	97.298660
61.804000	14684055.000000	-2.521362	0.968069	-1.604233	1.373718	0.362079	97.318016
61.854000	14684061.000000	-2.521351	0.968076	-1.604226	1.287278	0.301035	97.308594
61.904000	14684067.000000	-2.521329	0.968384	-1.604187	1.166605	1.060129	97.426964
61.954000	14684073.000000	-2.521365	0.968109	-1.604243	1.249055	0.392314	97.317322
62.004000	14684079.000000	-2.521359	0.968098	-1.604229	1.304783	0.334015	97.301712
62.054000	14684085.000000	-2.521340	0.968071	-1.604233	1.255359	0.269246	97.303360
62.104000	14684091.000000	-2.521343	0.968103	-1.604239	1.250887	0.343780	97.309639
62.154000	14684097.000000	-2.521356	0.968074	-1.604241	1.285562	0.265457	97.289078
62.204000	14684103.000000	-2.521295	0.968461	-1.604203	1.131482	1.202184	97.440880
62.254000	14684109.000000	-2.521317	0.968403	-1.604206	1.186419	1.093068	97.411652
62.304000	14684115.000000	-2.521292	0.968499	-1.604184	1.148469	1.294053	97.446762
62.354000	14684121.000000	-2.521369	0.968089	-1.604230	1.257634	0.291305	97.295349
62.404000	14684127.000000	-2.521309	0.968499	-1.604177	1.110028	1.223520	97.432755
62.454000	14684133.000000	-2.521364	0.968070	-1.604249	1.331771	0.325964	97.295540
62.504000	14684139.000000	-2.521365	0.968066	-1.604230	1.302072	0.229990	97.294533
62.554000	14684145.000000	-2.521336	0.968088	-1.604242	1.282554	0.321303	97.287071
62.604000	14684151.000000	-2.521366	0.968091	-1.604230	1.294986	0.335110	97.310127
62.654000	14684157.000000	-2.521338	0.968098	-1.604223	1.282091	0.358612	97.297997
62.704000	14684163.000000	-2.521389	0.968077	-1.604252	1.266699	0.362454	97.301323
62.754000	14684169.000000	-2.521386	0.968140	-1.604242	1.281173	0.377273	97.308739
62.804000	14684175.000000	-2.521268	0.968438	-1.604179	1.203524	1.164221	97.422638
62.854000	14684181.000000	-2.521336	0.968080	-1.604253	1.305860	0.270604	97.295219
62.904000	14684187.000000	-2.521369	0.968045	-1.604219	1.298964	0.272752	97.288681
62.954000	14684193.000000	-2.521378	0.968062	-1.604238	1.308739	0.278478	97.295151
63.004000	14684199.000000	-2.521300	0.968061	-1.604238	1.296143	0.296855	97.296249
63.054000	14684205.000000	-2.521362	0.968089	-1.604212	1.295392	0.342317	97.303825
63.104000	14684211.000000	-2.521380	0.968116	-1.604247	1.253239	0.301450	97.302422
63.154000	14684217.000000	-2.521325	0.968057	-1.604226	1.241557	0.314228	97.295898
63.204000	14684223.000000	-2.521350	0.968080	-1.604230	1.220485	0.253082	97.303543
63.254000	14684229.000000	-2.521377	0.968042	-1.604228	1.289920	0.231017	97.271721
63.304000	14684235.000000	-2.521371	0.968099	-1.604222	1.297456	0.301660	97.304573
63.354000	14684241.000000	-2.521317	0.968083	-1.604244	1.294382	0.417374	97.321663
63.404000	14684247.000000	-2.521368	0.968068	-1.604214	1.299656	0.288981	97.287102
63.454000	14684253.000000	-2.521368	0.968055	-1.604251	1.279359	0.285913	97.301445
63.504000	14684259.000000	-2.521338	0.968063	-1.604218	1.246369	0.375466	97.292313
63.554000	14684265.000000	-2.521358	0.968111	-1.604231	1.312386	0.368432	97.304413
63.604000	14684271.000000	-2.521363	0.968079	-1.604243	1.290777	0.346179	97.293976
63.654000	14684277.000000	-2.521361	0.968033	-1.604227	1.250757	0.234608	97.285233
63.704000	14684283.000000	-2.521329	0.968101	-1.604231	1.246551	0.305509	97.305565
63.754000	14684289.000000	-2.521304	0.968456	-1.604185	1.170792	1.192222	97.432365
63.804000	14684295.000000	-2.521368	0.968073	-1.604238	1.303124	0.314457	97.300552
63.854000	14684301.000000	-2.521336	0.968055	-1.604239	1.315625	0.366645	97.315697
63.904000	14684307.000000	-2.521363	0.968093	-1.604241	1.298925	0.294184	97.287781
63.954000	14684313.000000	-2.521361	0.968069	-1.604238	1.313080	0.330964	97.302048
64.004000	14684319.000000	-2.521349	0.968091	-1.604237	1.277760	0.334674	97.302315
64.054000	14684325.000000	-2.521336	0.968061	-1.604236	1.312227	0.373177	97.306374
64.104000	14684331.000000	-2.521379	0.968085	-1.604223	1.280860	0.306001	97.308083
64.154000	14684337.000000	-2.521358	0.968074	-1.604229	1.289773	0.379209	97.291512
64.204000	14684343.000000	-2.521341	0.968066	-1.604242	1.318586	0.309979	97.302757
64.254000	14684349.000000	-2.521363	0.968077	-1.604218	1.319731	0.333725	97.292274
64.304000	14684355.000000	-2.521360	0.968059	-1.604249	1.316425	0.341687	97.302284
64.354000	14684361.000000	-2.521340	0.968097	-1.604225	1.290584	0.310763	97.302368
64.404000	14684367.000000	-2.521346	0.968080	-1.604241	1.308031	0.300598	97.292084
64.454000	14684373.000000	-2.521362	0.968106	-1.604232	1.265025	0.287777	97.307808
64.504000	14684379.000000	-2.521367	0.968093	-1.604235	1.246730	0.300059	97.290848
64.554000	14684385.000000	-2.521342	0.968104	-1.604241	1.324838	0.355684	97.296486
64.604000	14684391.000000	-2.521367	0.968064	-1.604241	1.276405	0.326726	97.298958
64.654000	14684397.000000	-2.521345	0.968081	-1.604241	1.256765	0.309596	97.282448
64.704000	14684403.000000	-2.521336	0.968045	-1.604231	1.310051	0.317412	97.290886
64.754000	14684409.000000	-2.521348	0.968111	-1.604226	1.288902	0.416884	97.303596
64.804000	14684415.000000	-2.521351	0.968057	-1.604243	1.267032	0.256272	97.286697
64.854000	14684421.000000	-2.521354	0.968073	-1.604235	1.295670	0.360371	97.310143
64.904000	14684427.000000	-2.521348	0.968088	-1.604231	1.282884	0.379170	97.308472
64.954000	14684433.000000	-2.521367	0.968084	-1.604225	1.262200	0.349342	97.317398
65.004000	14684439.000000	-2.521353	0.968055	-1.604238	1.352795	0.294174	97.290916
65.054000	14684445.000000	-2.521360	0.968080	-1.604226	1.208905	0.371314	97.302116
65.105000	14684451.000000	-2.521361	0.968077	-1.604229	1.313826	0.305797	97.302940
65.154000	14684457.000000	-2.521338	0.968099	-1.604232	1.324455	0.322723	97.301292
65.204000	14684463.000000	-2.521356	0.968099	-1.604237	1.321831	0.336145	97.284912
65.254000	14684469.000000	-2.521361	0.968089	-1.604231	1.269073	0.320114	97.308182
65.304000	14684475.000000	-2.521358	0.968107	-1.604226	1.261668	0.344974	97.314743
65.354000	14684481.000000	-2.521356	0.968115	-1.604232	1.290180	0.371000	97.306877
65.404000	14684487.000000	-2.521309	0.968472	-1.604191	1.192854	1.204176	97.429855
65.454000	14684493.000000	-2.521362	0.968054	-1.604236	1.319389	0.307555	97.308327
65.504000	14684499.000000	-2.521357	0.968060	-1.604229	1.286468	0.325713	97.294617
65.554000	14684505.000000	-2.521325	0.968479	-1.604199	1.175019	1.284611	97.459999
65.604000	14684511.000000	-2.521335	0.968095	-1.604213	1.261670	0.341285	97.309662
65.654000	14684517.000000	-2.521370	0.968042	-1.604254	1.290248	0.332477	97.290359
65.704000	14684523.000000	-2.521355	0.968063	-1.604236	1.287482	0.311664	97.297630
65.754000	14684529.000000	-2.521305	0.968473	-1.604185	1.180175	1.276009	97.430840
65.804000	14684535.000000	-2.521343	0.968068	-1.604243	1.253333	0.290964	97.307655
65.854000	14684541.000000	-2.521341	0.968086	-1.604225	1.273219	0.347020	97.304710
65.904000	14684547.000000	-2.521368	0.968044	-1.604246	1.308373	0.331436	97.301727
65.954000	14684553.000000	-2.521336	0.968076	-1.604233	1.302344	0.311998	97.304543
66.004000	14684559.000000	-2.521315	0.968481	-1.604195	1.156257	1.281126	97.457260
66.054000	14684565.000000	-2.521357	0.968082	-1.604227	1.278402	0.337123	97.304855
66.104000	14684571.000000	-2.521355	0.968031	-1.604230	1.291672	0.278341	97.297348
66.154000	14684577.000000	-2.521305	0.968395	-1.604197	1.148411	1.063862	97.424530
66.204000	14684583.000000	-2.521354	0.968104	-1.604214	1.305734	0.350792	97.301788
66.254000	14684589.000000	-2.521361	0.968037	-1.604242	1.303581	0.279000	97.288177
66.304000	14684595.000000	-2.521354	0.968058	-1.604233	1.291822	0.326011	97.321556
66.354000	14684601.000000	-2.521356	0.968069	-1.604224	1.214403	0.264627	97.297279
66.404000	14684607.000000	-2.521345	0.968027	-1.604258	1.241266	0.244502	97.297356
66.454000	14684613.000000	-2.521353	0.968065	-1.604244	1.318164	0.263971	97.282799
66.504000	14684619.000000	-2.521308	0.968403	-1.604202	1.122996	1.067227	97.419518
66.554000	14684625.000000	-2.521342	0.968084	-1.604229	1.295083	0.336650	97.311249
66.604000	14684631.000000	-2.521311	0.968434	-1.604189	1.181837	1.128034	97.425041
66.654000	14684637.000000	-2.521336	0.968095	-1.604247	1.327636	0.343475	97.306961
66.704000	14684643.000000	-2.521373	0.968020	-1.604232	1.269819	0.243302	97.293747
66.754000	14684649.000000	-2.521337	0.968070	-1.604224	1.290929	0.356071	97.296600
66.804000	14684655.000000	-2.521296	0.968395	-1.604196	1.242631	1.118193	97.431664
66.854000	14684661.000000	-2.521364	0.968049	-1.604234	1.308224	0.292783	97.293289
66.904000	14684667.000000	-2.521358	0.968066	-1.604244	1.330486	0.331644	97.302185
66.954000	14684673.000000	-2.521346	0.968092	-1.604230	1.288944	0.350073	97.306641
67.004000	14684679.000000	-2.521345	0.968049	-1.604249	1.281926	0.269487	97.300346
67.054000	14684685.000000	-2.521359	0.968054	-1.604219	1.290322	0.298994	97.311356
67.104000	14684691.000000	-2.521345	0.968096	-1.604229	1.277292	0.359476	97.313171
67.154000	14684697.000000	-2.521344	0.968048	-1.604245	1.318086	0.320852	97.308617
67.204000	14684703.000000	-2.521358	0.968045	-1.604228	1.317087	0.304477	97.306854
67.254000	14684709.000000	-2.521289	0.968386	-1.604207	1.165816	1.056971	97.436577
67.304000	14684715.000000	-2.521366	0.968062	-1.604238	1.253027	0.310414	97.291908
67.354000	14684721.000000	-2.521347	0.968060	-1.604230	1.276508	0.371904	97.307083
67.404000	14684727.000000	-2.521381	0.968087	-1.604234	1.289186	0.283711	97.307541
67.454000	14684733.000000	-2.521360	0.968100	-1.604222	1.285492	0.338986	97.302208
67.504000	14684739.000000	-2.521353	0.968054	-1.604240	1.309608	0.262718	97.307442
67.554000	14684745.000000	-2.521358	0.968074	-1.604237	1.274153	0.307199	97.298843
67.604000	14684751.000000	-2.521363	0.968059	-1.604239	1.315511	0.255927	97.288399
67.654000	14684757.000000	-2.521363	0.968054	-1.604233	1.275168	0.324212	97.295067
67.704000	14684763.000000	-2.521360	0.968080	-1.604232	1.284166	0.349441	97.290176
67.754000	14684769.000000	-2.521322	0.968442	-1.604181	1.185003	1.123205	97.424797
67.804000	14684775.000000	-2.521357	0.968047	-1.604239	1.314360	0.328332	97.308609
67.854000	14684781.000000	-2.521362	0.968041	-1.604249	1.290558	0.246633	97.291214
67.904000	14684787.000000	-2.521356	0.968086	-1.604222	1.355095	0.255392	97.283676
67.954000	14684793.000000	-2.521347	0.968061	-1.604235	1.229748	0.289888	97.309196
68.004000	14684799.000000	-2.521370	0.968095	-1.604227	1.285550	0.421302	97.307991
68.054000	14684805.000000	-2.521357	0.968069	-1.604221	1.317455	0.344433	97.306519
68.104000	14684811.000000	-2.521351	0.968112	-1.604251	1.290900	0.389159	97.305946
68.154000	14684817.000000	-2.521310	0.968420	-1.604195	1.254675	1.170313	97.442284
68.204000	14684823.000000	-2.521364	0.968112	-1.604248	1.261046	0.353501	97.310921
68.254000	14684829.000000	-2.521362	0.968064	-1.604222	1.318454	0.384155	97.315445
68.304000	14684835.000000	-2.521356	0.968068	-1.604240	1.267679	0.376794	97.302719
68.354000	14684841.000000	-2.521357	0.968105	-1.604221	1.258139	0.341655	97.309532
68.404000	14684847.000000	-2.521346	0.968059	-1.604232	1.276145	0.365366	97.314049
68.454000	14684853.000000	-2.521312	0.968414	-1.604185	1.205456	1.167012	97.438164
68.504000	14684859.000000	-2.521358	0.968090	-1.604248	1.272614	0.349515	97.299614
68.554000	14684865.000000	-2.521343	0.968074	-1.604217	1.284317	0.344208	97.306282
68.604000	14684871.000000	-2.521372	0.968033	-1.604242	1.247829	0.199666	97.288048
68.654000	14684877.000000	-2.521338	0.968113	-1.604216	1.267464	0.363006	97.309441
68.704000	14684883.000000	-2.521349	0.968083	-1.604237	1.284305	0.323789	97.304878
68.754000	14684889.000000	-2.521338	0.968063	-1.604230	1.271087	0.346414	97.315346
68.804000	14684895.000000	-2.521301	0.968446	-1.604193	1.194438	1.175941	97.445427
68.854000	14684901.000000	-2.521360	0.968062	-1.604253	1.243255	0.321393	97.305733
68.904000	14684907.000000	-2.521345	0.968074	-1.604240	1.294033	0.398233	97.308350
68.954000	14684913.000000	-2.521367	0.968098	-1.604236	1.321583	0.259991	97.286903
69.004000	14684919.000000	-2.521365	0.968064	-1.604240	1.248040	0.333629	97.316368
69.054000	14684925.000000	-2.521309	0.968467	-1.604193	1.225497	1.301273	97.452560
69.104000	14684931.000000	-2.521358	0.968070	-1.604245	1.229500	0.304156	97.299805
69.154000	14684937.000000	-2.521354	0.968104	-1.604229	1.272067	0.322677	97.301476
69.204000	14684943.000000	-2.521356	0.968100	-1.604242	1.275146	0.367130	97.297646
69.254000	14684949.000000	-2.521331	0.968061	-1.604241	1.331308	0.297837	97.298630
69.304000	14684955.000000	-2.521369	0.968100	-1.604231	1.346897	0.315168	97.306061
69.354000	14684961.000000	-2.521363	0.968085	-1.604243	1.274987	0.302950	97.286049
69.404000	14684967.000000	-2.521334	0.968085	-1.604228	1.317583	0.301482	97.294548
69.454000	14684973.000000	-2.521363	0.968071	-1.604237	1.359346	0.334925	97.301903
69.504000	14684979.000000	-2.521343	0.968113	-1.604240	1.304233	0.336161	97.297928
69.554000	14684984.000000	-2.521355	0.968113	-1.604221	1.318511	0.330604	97.307365
69.604000	14684991.000000	-2.521333	0.968086	-1.604239	1.275643	0.300170	97.304581
69.654000	14684997.000000	-2.521357	0.968087	-1.604242	1.304099	0.316862	97.304100
69.704000	14685003.000000	-2.521338	0.968094	-1.604235	1.250678	0.342883	97.311066
69.754000	14685009.000000	-2.521358	0.968071	-1.604224	1.294249	0.284973	97.291214
69.804000	14685015.000000	-2.521358	0.968097	-1.604237	1.308602	0.381969	97.312630
69.854000	14685021.000000	-2.521342	0.968085	-1.604238	1.272719	0.320744	97.307587
69.904000	14685027.000000	-2.521349	0.968089	-1.604225	1.239514	0.279874	97.304787
69.954000	14685033.000000	-2.521301	0.968432	-1.604192	1.186255	1.169850	97.432686
70.004000	14685039.000000	-2.521411	0.968076	-1.604236	1.284378	0.373982	97.311829
70.054000	14685045.000000	-2.521320	0.968453	-1.604182	1.219760	1.211772	97.432312
70.104000	14685051.000000	-2.521315	0.968090	-1.604226	1.284304	0.321518	97.300369
70.154000	14685057.000000	-2.521336	0.968032	-1.604227	1.243407	0.218246	97.287506
70.204000	14685063.000000	-2.521325	0.968477	-1.604184	1.197479	1.201588	97.450424
70.254000	14685069.000000	-2.521319	0.968451	-1.604190	1.150268	1.227030	97.449295
70.304000	14685075.000000	-2.521302	0.968048	-1.604236	1.267209	0.291094	97.305031
70.354000	14685081.000000	-2.521327	0.968439	-1.604193	1.193263	1.230689	97.442604
70.404000	14685087.000000	-2.521382	0.968066	-1.604231	1.262701	0.289734	97.290199
70.454000	14685093.000000	-2.521346	0.968089	-1.604247	1.244917	0.331155	97.299011
70.504000	14685099.000000	-2.521368	0.968062	-1.604231	1.247730	0.272824	97.280190
70.554000	14685105.000000	-2.521313	0.968458	-1.604183	1.217190	1.196677	97.453873
70.604000	14685111.000000	-2.521355	0.968108	-1.604222	1.278778	0.417176	97.325653
70.654000	14685117.000000	-2.521315	0.968079	-1.604238	1.267742	0.344694	97.296440
70.704000	14685123.000000	-2.521375	0.968056	-1.604236	1.251762	0.231323	97.282982
70.754000	14685129.000000	-2.521348	0.968087	-1.604235	1.274799	0.289917	97.297676
70.804000	14685135.000000	-2.521334	0.968055	-1.604235	1.319805	0.293199	97.310287
70.854000	14685141.000000	-2.521308	0.968434	-1.604174	1.201970	1.121830	97.433205
70.904000	14685147.000000	-2.521355	0.968062	-1.604245	1.333663	0.344277	97.305656
70.954000	14685153.000000	-2.521355	0.968083	-1.604211	1.315281	0.284375	97.293938
71.004000	14685159.000000	-2.521332	0.968056	-1.604245	1.303032	0.289923	97.295959
71.054000	14685165.000000	-2.521368	0.968057	-1.604240	1.275552	0.299311	97.290947
71.104000	14685171.000000	-2.521312	0.968457	-1.604184	1.149645	1.232897	97.435158
71.154000	14685177.000000	-2.521345	0.968068	-1.604241	1.230875	0.293889	97.308907
71.204000	14685183.000000	-2.521326	0.968425	-1.604184	1.207168	1.098739	97.410461
71.254000	14685189.000000	-2.521347	0.968081	-1.604267	1.271041	0.340049	97.298767
71.304000	14685195.000000	-2.521369	0.968090	-1.604233	1.280965	0.394995	97.298203
71.354000	14685201.000000	-2.521359	0.968031	-1.604244	1.317941	0.323723	97.299599
71.404000	14685207.000000	-2.521350	0.968080	-1.604255	1.297297	0.371585	97.321785
71.454000	14685213.000000	-2.521363	0.968077	-1.604225	1.291694	0.316692	97.298553
71.504000	14685219.000000	-2.521363	0.968065	-1.604250	1.313352	0.276673	97.294907
71.554000	14685225.000000	-2.521288	0.968415	-1.604178	1.227705	1.172582	97.431129
71.604000	14685231.000000	-2.521364	0.968118	-1.604261	1.256205	0.399349	97.318153
71.654000	14685237.000000	-2.521320	0.968442	-1.604212	1.169442	1.190974	97.454231
71.704000	14685243.000000	-2.521340	0.968107	-1.604242	1.235284	0.385619	97.301865
71.754000	14685249.000000	-2.521351	0.968085	-1.604249	1.301161	0.344268	97.307220
71.804000	14685255.000000	-2.521363	0.968083	-1.604229	1.260344	0.307776	97.296875
71.854000	14685261.000000	-2.521377	0.968071	-1.604250	1.271561	0.352299	97.301361
71.904000	14685267.000000	-2.521319	0.968420	-1.604193	1.202124	1.168912	97.445610
71.954000	14685273.000000	-2.521313	0.968405	-1.604202	1.226782	1.076568	97.414268
72.004000	14685279.000000	-2.521367	0.968094	-1.604241	1.281940	0.353522	97.310814
72.054000	14685285.000000	-2.521289	0.968458	-1.604179	1.137984	1.204428	97.442329
72.104000	14685291.000000	-2.521358	0.968076	-1.604243	1.338597	0.314484	97.295403
72.154000	14685297.000000	-2.521357	0.968091	-1.604227	1.296850	0.294007	97.298775
72.204000	14685303.000000	-2.521361	0.968087	-1.604230	1.263467	0.377111	97.322319
72.254000	14685309.000000	-2.521359	0.968076	-1.604250	1.306902	0.327595	97.303429
72.304000	14685315.000000	-2.521369	0.968090	-1.604237	1.302651	0.336365	97.293427
72.354000	14685321.000000	-2.521369	0.968075	-1.604247	1.288185	0.292409	97.296738
72.404000	14685327.000000	-2.521379	0.968038	-1.604238	1.238550	0.264053	97.301453
72.454000	14685333.000000	-2.521323	0.968377	-1.604208	1.224398	1.001291	97.412071
72.504000	14685339.000000	-2.521367	0.968084	-1.604251	1.266287	0.322211	97.300049
72.554000	14685345.000000	-2.521388	0.968082	-1.604219	1.330443	0.273699	97.293114
72.604000	14685351.000000	-2.521383	0.968098	-1.604251	1.293361	0.340363	97.287933
72.654000	14685357.000000	-2.521382	0.968094	-1.604230	1.302258	0.384693	97.311745
72.704000	14685363.000000	-2.521367	0.968079	-1.604247	1.315094	0.314912	97.300598
72.754000	14685369.000000	-2.521369	0.968078	-1.604241	1.304227	0.362239	97.295052
72.804000	14685375.000000	-2.521382	0.968044	-1.604248	1.342972	0.333602	97.293968
72.854000	14685381.000000	-2.521377	0.968076	-1.604262	1.276680	0.340159	97.297272
72.904000	14685387.000000	-2.521400	0.968088	-1.604243	1.288006	0.261414	97.285522
72.954000	14685393.000000	-2.521335	0.968409	-1.604241	1.207512	1.076296	97.424126
73.004000	14685399.000000	-2.521416	0.968095	-1.604256	1.339496	0.286544	97.293915
73.054000	14685405.000000	-2.521365	0.968453	-1.604201	1.196793	1.128212	97.435173
73.104000	14685411.000000	-2.521410	0.968081	-1.604258	1.319922	0.300685	97.298927
73.154000	14685417.000000	-2.521433	0.968108	-1.604232	1.247656	0.292247	97.295532
73.204000	14685423.000000	-2.521399	0.968133	-1.604264	1.262970	0.360015	97.309341
73.254000	14685429.000000	-2.521394	0.968440	-1.604194	1.190094	1.207713	97.452820
73.304000	14685435.000000	-2.521398	0.968103	-1.604248	1.279641	0.332608	97.306595
73.354000	14685441.000000	-2.521365	0.968485	-1.604214	1.195460	1.194805	97.433037
73.404000	14685447.000000	-2.521435	0.968106	-1.604232	1.260021	0.338080	97.282249
73.454000	14685453.000000	-2.521414	0.968096	-1.604270	1.265181	0.261997	97.301559
73.504000	14685459.000000	-2.521375	0.968477	-1.604195	1.140444	1.219600	97.445419
73.554000	14685465.000000	-2.521380	0.968085	-1.604262	1.303032	0.391821	97.311493
73.604000	14685471.000000	-2.521405	0.968138	-1.604239	1.294619	0.417659	97.309105
73.654000	14685477.000000	-2.521361	0.968478	-1.604202	1.166937	1.239488	97.458862
73.704000	14685483.000000	-2.521411	0.968084	-1.604257	1.292062	0.299517	97.305489
73.754000	14685489.000000	-2.521427	0.968124	-1.604232	1.303447	0.377407	97.292549
73.804000	14685495.000000	-2.521386	0.968086	-1.604254	1.260355	0.327157	97.307648
73.854000	14685501.000000	-2.521415	0.968108	-1.604235	1.277780	0.386512	97.308167
73.904000	14685507.000000	-2.521389	0.968085	-1.604240	1.259198	0.204735	97.274628
73.954000	14685513.000000	-2.521411	0.968084	-1.604249	1.298425	0.284927	97.292610
74.004000	14685519.000000	-2.521424	0.968053	-1.604243	1.327394	0.262343	97.281784
74.054000	14685525.000000	-2.521401	0.968073	-1.604257	1.269063	0.300479	97.311073
74.104000	14685531.000000	-2.521404	0.968096	-1.604247	1.249453	0.247603	97.290443
74.154000	14685537.000000	-2.521396	0.968071	-1.604249	1.294351	0.317895	97.307220
74.204000	14685543.000000	-2.521425	0.968104	-1.604260	1.220410	0.335337	97.311897
74.254000	14685549.000000	-2.521404	0.968063	-1.604239	1.266194	0.252094	97.297073
74.304000	14685555.000000	-2.521397	0.968093	-1.604256	1.267815	0.319975	97.305458
74.354000	14685561.000000	-2.521322	0.968462	-1.604173	1.224911	1.240116	97.450554
74.404000	14685567.000000	-2.521323	0.968065	-1.604232	1.290794	0.346094	97.298553
74.454000	14685573.000000	-2.521359	0.968109	-1.604234	1.280690	0.363679	97.305023
74.504000	14685579.000000	-2.521371	0.968078	-1.604234	1.292644	0.291573	97.295441
74.554000	14685585.000000	-2.521350	0.968092	-1.604252	1.226639	0.287965	97.292542
74.604000	14685591.000000	-2.521338	0.968088	-1.604227	1.301452	0.307030	97.297112
74.654000	14685597.000000	-2.521320	0.968412	-1.604196	1.188963	1.116992	97.413544
74.704000	14685603.000000	-2.521321	0.968426	-1.604201	1.185428	1.104789	97.420738
74.754000	14685609.000000	-2.521341	0.968078	-1.604226	1.301634	0.366903	97.306519
74.804000	14685615.000000	-2.521354	0.968058	-1.604257	1.307320	0.296241	97.292412
74.854000	14685621.000000	-2.521316	0.968475	-1.604182	1.192631	1.213848	97.431602
74.904000	14685627.000000	-2.521327	0.968068	-1.604232	1.323498	0.329770	97.308632
74.954000	14685633.000000	-2.521349	0.968098	-1.604233	1.320463	0.356997	97.306816
75.004000	14685638.000000	-2.521319	0.968443	-1.604185	1.187852	1.270470	97.446198
75.054000	14685645.000000	-2.521373	0.968049	-1.604247	1.259857	0.274582	97.290565
75.104000	14685651.000000	-2.521340	0.968069	-1.604234	1.296396	0.263105	97.288368
75.154000	14685657.000000	-2.521355	0.968051	-1.604246	1.313346	0.278678	97.295471
75.204000	14685663.000000	-2.521305	0.968449	-1.604188	1.231810	1.175084	97.436119
75.254000	14685669.000000	-2.521286	0.968455	-1.604190	1.175864	1.125754	97.432701
75.304000	14685675.000000	-2.521357	0.968081	-1.604223	1.225667	0.302406	97.299660
75.354000	14685681.000000	-2.521344	0.968128	-1.604230	1.270636	0.419433	97.324112
75.404000	14685687.000000	-2.521349	0.968053	-1.604255	1.267412	0.305418	97.294159
75.454000	14685693.000000	-2.521347	0.968062	-1.604253	1.344008	0.329006	97.290924
75.504000	14685699.000000	-2.521308	0.968428	-1.604202	1.179771	1.130418	97.425407
75.554000	14685705.000000	-2.521367	0.968080	-1.604235	1.268483	0.309566	97.285507
75.604000	14685711.000000	-2.521342	0.968073	-1.604228	1.258601	0.326969	97.293465
75.654000	14685717.000000	-2.521362	0.968074	-1.604241	1.285210	0.421722	97.309196
75.704000	14685723.000000	-2.521353	0.968100	-1.604230	1.296957	0.407266	97.310120
75.754000	14685729.000000	-2.521342	0.968067	-1.604238	1.280258	0.343676	97.302284
75.804000	14685735.000000	-2.521302	0.968456	-1.604184	1.190470	1.207963	97.440262
75.854000	14685741.000000	-2.521345	0.968088	-1.604233	1.221002	0.321381	97.313087
75.904000	14685747.000000	-2.521356	0.968059	-1.604236	1.289659	0.299758	97.285942
75.954000	14685753.000000	-2.521293	0.968458	-1.604184	1.197211	1.284859	97.442787
76.004000	14685759.000000	-2.521360	0.968072	-1.604241	1.328587	0.352273	97.312569
76.054000	14685765.000000	-2.521290	0.968422	-1.604191	1.155774	1.144249	97.437401
76.104000	14685771.000000	-2.521360	0.968062	-1.604227	1.329746	0.358301	97.299477
76.154000	14685777.000000	-2.521354	0.968060	-1.604241	1.333811	0.323960	97.297859
76.204000	14685783.000000	-2.521358	0.968058	-1.604235	1.322508	0.296349	97.298622
76.254000	14685789.000000	-2.521344	0.968060	-1.604242	1.264029	0.313057	97.307625
76.304000	14685795.000000	-2.521359	0.968086	-1.604233	1.260945	0.314899	97.303192
76.354000	14685801.000000	-2.521350	0.968094	-1.604225	1.272413	0.367524	97.310188
76.404000	14685807.000000	-2.521311	0.968457	-1.604199	1.190532	1.253666	97.430954
76.454000	14685813.000000	-2.521305	0.968453	-1.604191	1.153688	1.182360	97.438263
76.504000	14685819.000000	-2.521340	0.968069	-1.604234	1.295644	0.280293	97.298164
76.554000	14685825.000000	-2.521352	0.968058	-1.604244	1.300209	0.320139	97.286377
76.604000	14685831.000000	-2.521353	0.968056	-1.604237	1.274535	0.295558	97.291695
76.654000	14685837.000000	-2.521350	0.968057	-1.604231	1.273806	0.295395	97.295074
76.704000	14685843.000000	-2.521354	0.968112	-1.604220	1.320905	0.404906	97.297859
76.754000	14685849.000000	-2.521345	0.968049	-1.604230	1.302028	0.223697	97.287422
76.804000	14685855.000000	-2.521351	0.968045	-1.604241	1.300405	0.233440	97.292160
76.854000	14685861.000000	-2.521360	0.968048	-1.604251	1.299585	0.258808	97.291054
76.904000	14685867.000000	-2.521342	0.968115	-1.604238	1.266024	0.339279	97.309433
76.954000	14685873.000000	-2.521350	0.968101	-1.604231	1.267065	0.344993	97.311531
77.004000	14685879.000000	-2.521351	0.968075	-1.604223	1.323896	0.341866	97.302856
77.054000	14685885.000000	-2.521354	0.968079	-1.604238	1.323740	0.343069	97.289536
77.104000	14685891.000000	-2.521353	0.968067	-1.604251	1.293226	0.277653	97.302437
77.154000	14685897.000000	-2.521317	0.968406	-1.604205	1.212813	1.090302	97.408813
77.204000	14685903.000000	-2.521304	0.968439	-1.604195	1.181408	1.170871	97.439659
77.254000	14685909.000000	-2.521355	0.968105	-1.604223	1.268373	0.357316	97.307373
77.304000	14685915.000000	-2.521352	0.968095	-1.604241	1.310599	0.312093	97.299301
77.354000	14685921.000000	-2.521356	0.968066	-1.604239	1.280215	0.331709	97.295998
77.404000	14685927.000000	-2.521358	0.968064	-1.604236	1.254224	0.367893	97.303642
77.454000	14685933.000000	-2.521339	0.968115	-1.604242	1.279351	0.373256	97.311348
77.504000	14685939.000000	-2.521309	0.968421	-1.604195	1.159069	1.171457	97.437355
77.554000	14685945.000000	-2.521347	0.968086	-1.604237	1.276728	0.392144	97.321739
77.604000	14685951.000000	-2.521354	0.968123	-1.604236	1.268333	0.403366	97.321358
77.654000	14685957.000000	-2.521357	0.968071	-1.604233	1.252944	0.368974	97.306351
77.704000	14685963.000000	-2.521351	0.968099	-1.604238	1.265810	0.292415	97.304306
77.754000	14685969.000000	-2.521295	0.968435	-1.604202	1.174168	1.206874	97.443916
77.804000	14685975.000000	-2.521353	0.968055	-1.604239	1.277564	0.329048	97.319489
77.854000	14685981.000000	-2.521352	0.968072	-1.604223	1.274952	0.310807	97.310860
77.912000	14685988.000000	-2.521356	0.968049	-1.604232	1.266453	0.281519	97.293694
77.954000	14685993.000000	-2.521361	0.968073	-1.604235	1.305989	0.282418	97.294571
78.004000	14685999.000000	-2.521343	0.968101	-1.604236	1.287839	0.346796	97.300789
78.054000	14686005.000000	-2.521352	0.968039	-1.604240	1.326935	0.372589	97.314209
78.104000	14686011.000000	-2.521349	0.968072	-1.604223	1.316581	0.368882	97.313148
78.154000	14686017.000000	-2.521354	0.968052	-1.604242	1.317830	0.316729	97.282768
78.204000	14686023.000000	-2.521346	0.968056	-1.604233	1.299865	0.333975	97.310791
78.254000	14686029.000000	-2.521364	0.968042	-1.604247	1.270561	0.286217	97.290016
78.304000	14686035.000000	-2.521351	0.968085	-1.604238	1.324063	0.321102	97.292191
78.354000	14686041.000000	-2.521350	0.968103	-1.604235	1.309236	0.373879	97.294884
78.404000	14686047.000000	-2.521348	0.968088	-1.604232	1.292315	0.404405	97.319130
78.454000	14686053.000000	-2.521359	0.968062	-1.604220	1.311806	0.359988	97.309799
78.504000	14686059.000000	-2.521309	0.968436	-1.604195	1.145362	1.205250	97.440636
78.554000	14686065.000000	-2.521355	0.968106	-1.604252	1.281336	0.407094	97.308121
78.604000	14686071.000000	-2.521348	0.968102	-1.604228	1.246294	0.256716	97.298729
78.654000	14686077.000000	-2.521346	0.968045	-1.604245	1.325595	0.264386	97.292343
78.704000	14686083.000000	-2.521363	0.968087	-1.604248	1.352197	0.332560	97.306282
78.754000	14686089.000000	-2.521351	0.968117	-1.604233	1.311101	0.358790	97.308273
78.804000	14686095.000000	-2.521352	0.968077	-1.604246	1.299604	0.438175	97.337746
78.854000	14686101.000000	-2.521361	0.968059	-1.604268	1.321376	0.360793	97.309364
78.904000	14686107.000000	-2.521355	0.968100	-1.604250	1.302837	0.329498	97.294479
78.954000	14686113.000000	-2.521349	0.968026	-1.604289	1.312628	0.323241	97.300919
79.004000	14686119.000000	-2.521333	0.968047	-1.604273	1.301494	0.335120	97.304710
79.054000	14686125.000000	-2.521261	0.968319	-1.604248	1.227694	1.075869	97.410645
79.104000	14686131.000000	-2.521384	0.968080	-1.604384	1.296257	0.216240	97.264473
79.154000	14686137.000000	-2.521315	0.968053	-1.604298	1.266292	0.388308	97.308418
79.204000	14686143.000000	-2.521225	0.968001	-1.604379	1.250064	0.318011	97.283272
79.254000	14686149.000000	-2.521021	0.967915	-1.604399	1.266616	0.267822	97.275665
79.304000	14686155.000000	-2.520934	0.967884	-1.604270	1.224824	0.257107	97.239090
79.354000	14686161.000000	-2.520804	0.967810	-1.604193	1.204129	0.261971	97.204987
79.404000	14686167.000000	-2.520588	0.967801	-1.603965	1.177417	0.290640	97.115791
79.454000	14686173.000000	-2.520432	0.967740	-1.603873	1.059821	0.575798	97.060181
79.504000	14686179.000000	-2.520177	0.967681	-1.603824	0.972623	0.565305	97.001976
79.554000	14686185.000000	-2.519846	0.967632	-1.603630	1.037992	0.447946	96.820938
79.604000	14686191.000000	-2.519509	0.967664	-1.602631	1.729139	0.080299	96.675011
79.654000	14686197.000000	-2.519456	0.967656	-1.601200	1.182642	0.540310	96.378555
79.704000	14686203.000000	-2.519098	0.967578	-1.599820	1.065893	0.387105	96.273270
79.754000	14686209.000000	-2.518292	0.967341	-1.599080	1.043784	0.227200	96.153549
79.804000	14686215.000000	-2.517200	0.967212	-1.598834	1.134622	0.373431	96.228142
79.854000	14686221.000000	-2.515848	0.967325	-1.598959	1.112517	0.263655	96.270035
79.904000	14686227.000000	-2.513591	0.967549	-1.599117	1.062711	1.015148	96.441490
79.954000	14686233.000000	-2.511850	0.967469	-1.599172	0.994191	0.347110	96.479073
80.004000	14686239.000000	-2.509366	0.967513	-1.598651	1.206133	0.614149	96.270462
80.054000	14686245.000000	-2.506455	0.967554	-1.598555	1.100786	0.512470	96.102081
80.104000	14686251.000000	-2.502790	0.967865	-1.597711	1.871411	0.236357	95.928062
80.154000	14686257.000000	-2.497744	0.967595	-1.598251	1.858563	0.419968	95.742996
80.204000	14686263.000000	-2.492670	0.967727	-1.598855	1.965099	0.083383	95.646835
80.254000	14686269.000000	-2.486265	0.967170	-1.600618	1.130790	0.524924	95.621040
80.304000	14686275.000000	-2.480042	0.967622	-1.602818	1.340778	1.013941	95.592880
80.354000	14686281.000000	-2.472750	0.967391	-1.605917	1.164319	1.085526	95.780991
80.404000	14686287.000000	-2.466168	0.967167	-1.609615	1.063435	0.419422	95.784393
80.454000	14686293.000000	-2.458150	0.967116	-1.613736	1.149315	0.621053	95.898468
80.504000	14686299.000000	-2.450445	0.967097	-1.616278	1.571698	0.047299	95.874893
80.554000	14686305.000000	-2.440992	0.966761	-1.619388	1.295241	0.582069	95.764656
80.604000	14686311.000000	-2.432236	0.966633	-1.621623	1.313856	0.284691	95.458252
80.654000	14686317.000000	-2.422468	0.966520	-1.623870	1.164703	0.639541	95.118683
80.704000	14686323.000000	-2.412585	0.966359	-1.626061	1.291613	0.514225	94.906189
80.754000	14686329.000000	-2.402438	0.966236	-1.628460	1.296916	0.666513	94.808411
80.804000	14686335.000000	-2.392278	0.966181	-1.631077	1.321062	0.616323	94.660034
80.854000	14686341.000000	-2.381574	0.966005	-1.633920	1.230137	0.440250	94.778992
80.904000	14686347.000000	-2.370311	0.965942	-1.636872	1.117635	0.699597	94.933044
80.954000	14686353.000000	-2.358756	0.965895	-1.639931	1.311737	0.331222	95.125824
81.004000	14686359.000000	-2.346143	0.965799	-1.642323	1.310202	0.604236	95.218758
81.054000	14686365.000000	-2.332772	0.965657	-1.643885	1.495469	0.675847	95.299286
81.104000	14686371.000000	-2.318398	0.965416	-1.645164	1.287979	0.364646	95.335876
81.154000	14686377.000000	-2.302891	0.965194	-1.645971	1.263708	0.482246	95.313759
81.204000	14686383.000000	-2.286126	0.964901	-1.646681	1.445722	0.625946	95.311226
81.254000	14686389.000000	-2.268506	0.965046	-1.647158	1.521751	1.122015	95.510117
81.304000	14686395.000000	-2.250393	0.964440	-1.647365	1.311806	0.567205	95.285965
81.354000	14686401.000000	-2.231962	0.964255	-1.646449	1.206196	0.498201	95.327553
81.404000	14686407.000000	-2.213619	0.964402	-1.645276	1.896296	0.402734	94.895714
81.454000	14686413.000000	-2.194397	0.963659	-1.644016	1.380173	0.528233	94.648476
81.504000	14686419.000000	-2.175378	0.963407	-1.643389	1.318260	0.525723	94.514023
81.554000	14686425.000000	-2.155815	0.962962	-1.643667	1.413528	0.370692	94.384842
81.604000	14686431.000000	-2.136762	0.962999	-1.644142	1.500273	0.335839	94.315941
81.654000	14686437.000000	-2.117000	0.963061	-1.645896	1.733344	0.643535	94.305206
81.704000	14686443.000000	-2.097080	0.963099	-1.648563	2.267109	0.722425	94.474030
81.754000	14686449.000000	-2.076644	0.962625	-1.652273	1.482000	0.473692	94.738441
81.804000	14686455.000000	-2.055646	0.962467	-1.656164	1.535554	0.703492	94.843048
81.854000	14686461.000000	-2.034097	0.962171	-1.659674	1.769192	0.709999	94.957634
81.904000	14686467.000000	-2.012065	0.962064	-1.662554	1.698652	0.561464	94.684174
81.954000	14686473.000000	-1.989924	0.962036	-1.665388	1.812593	0.516494	94.536293
82.004000	14686479.000000	-1.967625	0.961784	-1.668007	1.739631	0.708763	94.335808
82.054000	14686485.000000	-1.945410	0.961578	-1.670905	1.696703	0.463257	93.999321
82.104000	14686491.000000	-1.923060	0.961449	-1.674193	1.735230	0.958127	94.156319
82.154000	14686497.000000	-1.900385	0.961352	-1.678300	1.413956	0.493155	94.093681
82.204000	14686503.000000	-1.877215	0.961267	-1.682580	1.879445	0.588305	94.367004
82.254000	14686509.000000	-1.854375	0.961002	-1.686744	1.506566	0.325559	94.648132
82.304000	14686515.000000	-1.830666	0.961145	-1.690864	1.649352	0.918243	95.012466
82.354000	14686521.000000	-1.806945	0.960739	-1.694484	1.473163	0.608259	95.210556
82.404000	14686527.000000	-1.782894	0.960894	-1.697245	2.074294	0.755755	95.430717
82.454000	14686533.000000	-1.758340	0.960406	-1.699154	1.432143	0.656721	95.356956
82.504000	14686539.000000	-1.733307	0.960278	-1.700701	1.513460	0.960997	95.322578
82.555000	14686545.000000	-1.707766	0.959907	-1.702065	1.639693	0.462555	95.331963
82.604000	14686551.000000	-1.681901	0.960218	-1.703172	1.539368	0.704543	95.440834
82.654000	14686557.000000	-1.655582	0.959944	-1.704052	1.603413	0.862342	95.507324
82.704000	14686563.000000	-1.629232	0.959707	-1.704987	1.652881	0.652226	95.670723
82.754000	14686569.000000	-1.602777	0.959677	-1.705438	1.612269	0.356699	95.680618
82.804000	14686575.000000	-1.576398	0.959455	-1.705602	1.737659	0.292352	95.473183
82.854000	14686581.000000	-1.550399	0.959624	-1.705627	1.624437	0.720742	95.385757
82.904000	14686587.000000	-1.524296	0.959349	-1.705737	1.603462	0.548164	95.322624
82.954000	14686593.000000	-1.498795	0.959645	-1.705885	1.136486	0.094120	95.255211
83.004000	14686599.000000	-1.472988	0.959035	-1.705548	1.742151	0.456197	95.255905
83.054000	14686605.000000	-1.447562	0.959102	-1.706110	1.655758	0.981170	95.227859
83.104000	14686611.000000	-1.421798	0.958641	-1.707173	0.988518	0.081158	94.954796
83.154000	14686617.000000	-1.395678	0.958682	-1.707630	1.022638	0.034967	94.843887
83.204000	14686623.000000	-1.369864	0.958439	-1.708274	0.956514	-0.317938	94.657982
83.254000	14686629.000000	-1.343459	0.958326	-1.708940	0.911200	-0.102130	94.615417
83.304000	14686635.000000	-1.318100	0.958608	-1.708274	0.937772	-0.391481	94.302406
83.354000	14686641.000000	-1.290702	0.957167	-1.709581	1.044956	0.284864	94.261696
83.404000	14686647.000000	-1.267278	0.958458	-1.709904	0.884264	-0.133351	93.977158
83.454000	14686653.000000	-1.239366	0.956901	-1.710987	0.919522	-0.124825	93.892303
83.504000	14686659.000000	-1.215685	0.957346	-1.712063	0.882421	-0.292413	94.139397
83.554000	14686665.000000	-1.191115	0.957439	-1.713898	0.764484	-0.004572	93.940056
83.604000	14686671.000000	-1.164864	0.956398	-1.713579	0.913743	1.254937	94.331558
83.654000	14686677.000000	-1.141011	0.956849	-1.715245	0.862308	0.462236	93.950859
83.704000	14686683.000000	-1.115803	0.956570	-1.714930	1.201697	0.058409	93.963028
83.754000	14686689.000000	-1.088052	0.955284	-1.717616	0.908172	0.251371	94.466507
83.804000	14686695.000000	-1.063642	0.955952	-1.717267	1.449842	-0.677188	93.961533
83.854000	14686701.000000	-1.033203	0.954617	-1.718829	1.355446	-0.220854	94.450706
83.904000	14686707.000000	-1.008207	0.956072	-1.717218	1.162130	-0.906804	93.585243
83.954000	14686713.000000	-0.976835	0.954190	-1.716845	1.329955	0.288642	94.282593
84.004000	14686719.000000	-0.949086	0.954540	-1.718032	1.217377	-0.275553	94.290840
84.054000	14686725.000000	-0.920776	0.954391	-1.716664	1.633050	0.010133	94.503258
84.104000	14686731.000000	-0.891682	0.954193	-1.718891	1.308752	0.617515	94.870216
84.154000	14686737.000000	-0.864271	0.954188	-1.718415	1.509969	-0.303623	94.247566
84.204000	14686743.000000	-0.835238	0.953163	-1.720598	1.153309	0.311430	94.754539
84.254000	14686749.000000	-0.808725	0.953490	-1.719806	1.353396	-0.929427	94.574440
84.304000	14686755.000000	-0.779482	0.951812	-1.718693	1.821663	-0.344767	94.564667
84.354000	14686761.000000	-0.752343	0.952154	-1.717858	0.960495	-0.029701	94.286003
84.404000	14686767.000000	-0.724011	0.951472	-1.715634	1.720643	-1.155717	93.670052
84.454000	14686773.000000	-0.693773	0.949840	-1.713819	1.635812	0.242660	93.671570
84.504000	14686779.000000	-0.670022	0.951140	-1.713834	0.974177	-0.586510	93.153664
84.554000	14686785.000000	-0.637936	0.948866	-1.714264	1.415190	1.029378	93.678246
84.604000	14686791.000000	-0.612533	0.949204	-1.715954	1.326186	0.384071	93.484558
84.654000	14686797.000000	-0.584388	0.948452	-1.718229	1.538649	0.461336	94.038490
84.704000	14686803.000000	-0.555812	0.947482	-1.721496	1.653352	1.163378	94.393875
84.754000	14686809.000000	-0.530952	0.947583	-1.724673	1.496601	0.420674	94.789276
84.804000	14686815.000000	-0.504022	0.946768	-1.728293	1.676857	0.488472	95.032478
84.854000	14686821.000000	-0.479845	0.946963	-1.732069	1.148652	0.394244	95.044662
84.904000	14686827.000000	-0.454318	0.945931	-1.733259	1.312878	0.541664	94.956581
84.954000	14686833.000000	-0.429488	0.945818	-1.733233	1.544043	0.293372	94.836899
85.004000	14686839.000000	-0.403557	0.945003	-1.733439	1.106646	0.074522	94.841606
85.054000	14686845.000000	-0.376801	0.945054	-1.734125	1.674116	0.060336	94.565582
85.104000	14686851.000000	-0.349117	0.944388	-1.736126	1.983216	0.208114	94.710014
85.154000	14686857.000000	-0.322318	0.944400	-1.738682	1.842619	0.185831	95.054512
85.204000	14686863.000000	-0.293674	0.943507	-1.741610	1.380541	0.377941	95.490143
85.254000	14686869.000000	-0.265685	0.942879	-1.743919	1.102002	-0.153783	95.688461
85.304000	14686875.000000	-0.238478	0.943076	-1.744728	1.015510	-0.209160	95.576202
85.354000	14686881.000000	-0.209302	0.942455	-1.744655	1.233557	0.591913	95.394958
85.404000	14686887.000000	-0.182380	0.942529	-1.744281	1.393288	0.002214	95.278595
85.454000	14686893.000000	-0.154492	0.942105	-1.744205	1.468831	0.442353	95.072151
85.504000	14686899.000000	-0.128177	0.941690	-1.744187	1.293214	-0.107400	94.847656
85.554000	14686905.000000	-0.102008	0.941448	-1.743886	1.351792	0.481581	94.721710
85.604000	14686911.000000	-0.076571	0.941115	-1.743574	1.372144	-0.206898	94.524063
85.654000	14686917.000000	-0.051643	0.941043	-1.743225	1.248766	0.371534	94.314011
85.704000	14686923.000000	-0.026829	0.940993	-1.742580	1.662371	0.148445	94.092308
85.754000	14686929.000000	-0.002610	0.940899	-1.741823	1.713063	-0.152303	93.860374
85.804000	14686935.000000	0.021438	0.940354	-1.740971	1.627470	-0.448859	93.627831
85.854000	14686941.000000	0.045390	0.940507	-1.740408	2.158725	-0.175065	93.349983
85.904000	14686947.000000	0.069286	0.940507	-1.739802	2.240913	0.686646	93.421890
85.954000	14686953.000000	0.093425	0.940560	-1.739875	1.802745	1.308437	93.533409
86.004000	14686959.000000	0.117073	0.939986	-1.740088	2.115601	-0.073611	93.455383
86.054000	14686965.000000	0.140642	0.939883	-1.739884	2.074779	0.573593	93.606155
86.104000	14686971.000000	0.163923	0.940049	-1.739332	2.009524	1.241935	93.675278
86.154000	14686977.000000	0.186352	0.939409	-1.738635	2.307680	0.963519	93.526840
86.204000	14686983.000000	0.207512	0.939240	-1.737649	2.125054	1.114622	93.365623
86.254000	14686989.000000	0.227608	0.939064	-1.736357	2.340820	1.317284	93.214798
86.304000	14686995.000000	0.246600	0.938899	-1.735745	2.274366	1.798434	93.377594
86.354000	14687001.000000	0.264263	0.938602	-1.736033	2.153191	1.220786	93.450806
86.404000	14687007.000000	0.281346	0.938211	-1.736536	1.687434	1.350183	93.637192
86.454000	14687013.000000	0.297364	0.937838	-1.737165	1.313675	1.697981	93.826462
86.504000	14687019.000000	0.312588	0.938032	-1.737430	1.837740	0.873568	93.818970
86.554000	14687025.000000	0.327606	0.937361	-1.736851	1.797791	0.960431	93.836739
86.604000	14687031.000000	0.341650	0.937415	-1.735855	1.946578	1.387754	93.977493
86.654000	14687037.000000	0.355390	0.937138	-1.735112	1.879526	0.744345	93.750305
86.704000	14687043.000000	0.368926	0.936862	-1.734776	1.687567	0.722787	93.818207
86.754000	14687049.000000	0.382693	0.936357	-1.734778	1.535951	0.915872	94.063004
86.804000	14687055.000000	0.395952	0.936479	-1.735251	1.965791	0.494816	94.095436
86.854000	14687061.000000	0.409000	0.935833	-1.735989	1.350129	0.966391	94.408562
86.904000	14687067.000000	0.420790	0.935838	-1.737024	1.968888	0.814359	94.651535
86.954000	14687073.000000	0.432120	0.935821	-1.737784	2.183829	0.711785	94.849487
87.004000	14687079.000000	0.441751	0.935654	-1.737898	1.929901	0.484101	94.884483
87.054000	14687085.000000	0.450824	0.935527	-1.737361	2.624227	0.612077	94.960335
87.104000	14687091.000000	0.458608	0.935647	-1.736840	2.010281	1.102549	94.992775
87.154000	14687097.000000	0.466181	0.935471	-1.736884	2.142297	1.166645	95.040108
87.204000	14687103.000000	0.472742	0.935674	-1.736828	2.257682	1.217855	95.220238
87.254000	14687109.000000	0.478567	0.936040	-1.737039	2.881425	1.105670	95.145538
87.304000	14687115.000000	0.483266	0.936345	-1.737441	2.969407	0.655269	95.207260
87.354000	14687121.000000	0.487610	0.934864	-1.737690	1.480344	1.660614	95.403267
87.404000	14687127.000000	0.490825	0.935171	-1.738095	1.339536	1.492618	95.493362
87.454000	14687133.000000	0.494000	0.934682	-1.738362	0.657210	1.353962	95.396072
87.504000	14687139.000000	0.496094	0.935017	-1.738542	1.473913	1.515526	95.550888
87.554000	14687145.000000	0.498319	0.934861	-1.738394	1.720270	1.492257	95.619781
87.604000	14687151.000000	0.499629	0.934789	-1.739052	0.715557	1.037515	95.426521
87.654000	14687157.000000	0.500233	0.934782	-1.739092	1.673756	1.099845	95.511574
87.704000	14687163.000000	0.501030	0.934893	-1.738925	1.490440	1.613546	95.590256
87.754000	14687169.000000	0.501854	0.934695	-1.738985	1.648044	1.026618	95.622246
87.804000	14687175.000000	0.502585	0.934638	-1.738974	1.682216	1.060361	95.646141
87.854000	14687181.000000	0.502899	0.934849	-1.738840	1.249189	0.636983	95.585159
87.904000	14687187.000000	0.502754	0.934720	-1.738938	1.718105	1.013247	95.641518
87.954000	14687193.000000	0.502614	0.934737	-1.738925	1.673339	1.069214	95.633072
88.004000	14687199.000000	0.502689	0.934716	-1.738946	1.645220	1.031950	95.598068
88.054000	14687205.000000	0.502733	0.934714	-1.738953	1.621357	1.070556	95.604324
88.104000	14687211.000000	0.502634	0.934739	-1.738899	1.691822	1.116777	95.573570
88.154000	14687217.000000	0.502632	0.934922	-1.738764	1.594654	1.512510	95.608376
88.204000	14687223.000000	0.502702	0.934852	-1.738701	1.651613	1.457127	95.580254
88.254000	14687229.000000	0.502612	0.934791	-1.738702	1.623167	1.058334	95.531731
88.304000	14687235.000000	0.502572	0.934769	-1.738715	1.665613	1.108886	95.535683
88.354000	14687241.000000	0.502599	0.934893	-1.738678	1.562795	1.430377	95.569168
88.404000	14687247.000000	0.502599	0.934925	-1.738598	1.598902	1.371059	95.542603
88.454000	14687253.000000	0.502692	0.934936	-1.738492	1.601396	1.473590	95.529106
88.504000	14687259.000000	0.502560	0.934957	-1.738442	1.630275	1.501666	95.509834
88.554000	14687265.000000	0.502537	0.934911	-1.738353	1.624043	1.396466	95.479477
88.604000	14687271.000000	0.502536	0.934886	-1.738161	1.611535	1.459725	95.468697
88.654000	14687277.000000	0.502510	0.934931	-1.737995	1.627602	1.443965	95.394493
88.704000	14687283.000000	0.502520	0.934943	-1.737893	1.640375	1.531898	95.409866
88.754000	14687289.000000	0.502522	0.934965	-1.737838	1.576607	1.564149	95.397667
88.804000	14687295.000000	0.502436	0.934939	-1.737810	1.633329	1.516790	95.376801
88.854000	14687301.000000	0.502507	0.934930	-1.737863	1.569949	1.507757	95.373161
88.904000	14687307.000000	0.502491	0.934926	-1.737816	1.626772	1.492086	95.356354
88.954000	14687313.000000	0.502428	0.934950	-1.737741	1.665440	1.449710	95.343948
89.004000	14687319.000000	0.502502	0.934967	-1.737637	1.689178	1.569324	95.323929
89.054000	14687325.000000	0.502482	0.934962	-1.737491	1.627501	1.533539	95.308403
89.104000	14687331.000000	0.502498	0.934986	-1.737345	1.696916	1.481624	95.297615
89.154000	14687337.000000	0.502526	0.934953	-1.737302	1.719910	1.502591	95.295341
89.204000	14687343.000000	0.502536	0.934930	-1.737322	1.711120	1.413621	95.275398
89.254000	14687349.000000	0.502540	0.934690	-1.737462	0.894517	1.841217	95.239700
89.304000	14687355.000000	0.502458	0.934707	-1.737376	0.965821	1.749254	95.213341
89.354000	14687361.000000	0.502837	0.934579	-1.737423	1.131196	1.551167	95.216354
89.404000	14687367.000000	0.502684	0.934979	-1.737521	1.673951	1.558002	95.302246
89.454000	14687373.000000	0.502672	0.935035	-1.737466	1.712402	1.589133	95.276993
89.504000	14687379.000000	0.503065	0.934564	-1.737357	1.102810	1.557614	95.190750
89.554000	14687385.000000	0.502764	0.935012	-1.737314	1.696118	1.618457	95.265442
89.604000	14687391.000000	0.502918	0.934606	-1.737445	1.009656	1.802253	95.195236
89.654000	14687397.000000	0.502915	0.934573	-1.737366	1.012411	1.821323	95.197067
89.704000	14687403.000000	0.502721	0.934998	-1.737317	1.683041	1.558715	95.267830
89.754000	14687409.000000	0.502954	0.934590	-1.737384	0.933331	1.879242	95.206108
89.804000	14687415.000000	0.502892	0.934577	-1.737427	0.900489	1.875166	95.193535
89.854000	14687421.000000	0.502763	0.934990	-1.737297	1.629472	1.532106	95.255234
89.904000	14687427.000000	0.502885	0.934876	-1.737255	1.740803	1.270836	95.245705
89.954000	14687433.000000	0.502881	0.934626	-1.737449	1.020245	1.759741	95.203682
90.004000	14687439.000000	0.502863	0.934896	-1.737277	1.706976	1.383120	95.266441
90.054000	14687445.000000	0.502973	0.934545	-1.737437	1.084411	1.537744	95.152740
90.104000	14687451.000000	0.502756	0.935018	-1.737283	1.707797	1.544572	95.237244
90.154000	14687457.000000	0.502912	0.934594	-1.737406	0.927370	1.831037	95.194191
90.204000	14687463.000000	0.502902	0.934616	-1.737445	0.987890	1.800032	95.198822
90.254000	14687469.000000	0.502778	0.934981	-1.737265	1.695336	1.592227	95.273834
90.304000	14687475.000000	0.502895	0.934597	-1.737419	0.929876	1.881307	95.184952
90.354000	14687481.000000	0.502769	0.934975	-1.737274	1.653530	1.620029	95.256287
90.404000	14687487.000000	0.503005	0.934590	-1.737447	1.108463	1.421613	95.140671
90.454000	14687493.000000	0.502737	0.934973	-1.737316	1.709692	1.580348	95.246498
90.504000	14687499.000000	0.502863	0.934618	-1.737404	0.936424	1.782324	95.172874
90.554000	14687505.000000	0.502787	0.935020	-1.737268	1.774985	1.688145	95.261559
90.604000	14687511.000000	0.502847	0.934613	-1.737401	0.920203	1.824226	95.196861
90.654000	14687517.000000	0.502853	0.934618	-1.737414	0.965155	1.805590	95.193665
90.704000	14687523.000000	0.502870	0.934591	-1.737421	0.919698	1.794946	95.189476
90.754000	14687529.000000	0.502888	0.934618	-1.737395	1.024786	1.750880	95.181343
90.804000	14687535.000000	0.502893	0.934606	-1.737413	0.959038	1.830621	95.192719
90.854000	14687541.000000	0.502852	0.934611	-1.737395	0.946801	1.810415	95.201378
90.904000	14687547.000000	0.502770	0.934971	-1.737262	1.734285	1.627914	95.279747
90.954000	14687553.000000	0.502747	0.935025	-1.737267	1.692663	1.579919	95.261986
91.004000	14687559.000000	0.502737	0.934974	-1.737254	1.686922	1.586688	95.248383
91.054000	14687565.000000	0.502790	0.934993	-1.737275	1.718596	1.540393	95.236824
91.104000	14687571.000000	0.502874	0.934637	-1.737412	0.998723	1.845766	95.195724
91.154000	14687577.000000	0.502876	0.934618	-1.737407	0.988559	1.844800	95.195717
91.204000	14687583.000000	0.502855	0.934611	-1.737419	0.983004	1.769491	95.201447
91.254000	14687589.000000	0.502756	0.934979	-1.737259	1.712627	1.538517	95.251053
91.304000	14687595.000000	0.502769	0.934997	-1.737267	1.677213	1.545801	95.250862
91.354000	14687601.000000	0.502724	0.934960	-1.737269	1.688215	1.513466	95.240669
91.404000	14687607.000000	0.502840	0.934623	-1.737417	0.957573	1.725297	95.161018
91.454000	14687613.000000	0.502865	0.934593	-1.737407	0.943625	1.828750	95.195541
91.504000	14687619.000000	0.502805	0.934882	-1.737292	1.733972	1.242242	95.249069
91.554000	14687625.000000	0.502719	0.934963	-1.737271	1.709264	1.488902	95.255692
91.604000	14687631.000000	0.502841	0.934602	-1.737418	0.921862	1.837906	95.210983
91.654000	14687637.000000	0.502928	0.934609	-1.737443	0.954418	1.810464	95.199974
91.704000	14687643.000000	0.502743	0.934988	-1.737256	1.609016	1.641747	95.247955
91.754000	14687649.000000	0.502828	0.934655	-1.737406	0.932679	1.844205	95.201607
91.804000	14687655.000000	0.502851	0.934613	-1.737418	0.958310	1.740884	95.205078
91.854000	14687661.000000	0.502782	0.935021	-1.737270	1.775366	1.602397	95.255859
91.904000	14687667.000000	0.502719	0.934994	-1.737268	1.655001	1.522022	95.252403
91.954000	14687673.000000	0.502839	0.934600	-1.737423	0.949011	1.799053	95.171509
92.004000	14687679.000000	0.503013	0.934578	-1.737448	0.996679	1.666927	95.146248
